    prob  log10(PO)   qval  alpha  fst
1  0.0836167 -1.03978 0.721948 -0.044559 0.052903 
2  0.065013 -1.1578 0.78199 0.021382 0.055960 
3  0.11342 -0.89302 0.56977 0.058494 0.061576 
4  0.99900 2.9995 0.00017781 1.3644 0.18089 
5  0.065413 -1.1550 0.77931 -0.017856 0.053828 
6  0.11362 -0.89215 0.56617 -0.091949 0.051612 
7  0.093619 -0.98595 0.68270 -0.064059 0.052441 
8  0.078816 -1.0677 0.73746 -0.043939 0.052864 
9  0.11242 -0.89735 0.58343 0.072327 0.059738 
10  0.062613 -1.1753 0.79254 0.027161 0.056303 
11  0.099820 -0.95511 0.65930 -0.071151 0.052103 
12  0.058412 -1.2074 0.80496 -0.012175 0.053969 
13  0.10022 -0.95318 0.65732 0.062942 0.058952 
14  0.12743 -0.83555 0.50166 -0.11311 0.050929 
15  0.050410 -1.2750 0.83013 0.010332 0.055117 
16  0.089018 -1.0100 0.69673 0.048851 0.057787 
17  0.31046 -0.34655 0.30564 -0.45325 0.042800 
18  0.10802 -0.91684 0.61050 -0.079178 0.051882 
19  0.078016 -1.0725 0.74052 -0.028379 0.053730 
20  0.62172 0.21579 0.091772 0.65324 0.10796 
21  0.084417 -1.0353 0.71584 -0.043071 0.053003 
22  0.095219 -0.97782 0.67240 -0.060845 0.052437 
23  0.14903 -0.75664 0.41512 0.11754 0.063474 
24  0.12783 -0.83399 0.49121 -0.097737 0.051446 
25  0.050410 -1.2750 0.83013 0.0094285 0.055089 
26  0.12843 -0.83165 0.48577 -0.11002 0.050932 
27  0.069014 -1.1300 0.77000 -0.020475 0.053769 
28  0.054011 -1.2434 0.81795 0.0042655 0.054849 
29  0.062613 -1.1753 0.79254 0.020956 0.055835 
30  0.060212 -1.1933 0.80138 -0.014280 0.053859 
31  0.051410 -1.2660 0.82603 0.00025718 0.054584 
32  0.19104 -0.62681 0.34978 0.15618 0.066402 
33  0.10382 -0.93611 0.64039 0.069860 0.059626 
34  0.12162 -0.85866 0.53445 -0.095677 0.051302 
35  0.052010 -1.2607 0.82526 0.0084069 0.054919 
36  0.056211 -1.2251 0.81125 0.014020 0.055425 
37  0.071814 -1.1114 0.76054 -0.025019 0.053599 
38  0.056611 -1.2218 0.80984 0.011330 0.055156 
39  0.99720 2.5515 0.00065013 1.2332 0.16351 
40  0.051010 -1.2696 0.82717 0.019636 0.055715 
41  0.083817 -1.0387 0.71833 -0.040521 0.052986 
42  0.053011 -1.2520 0.82250 0.0039657 0.054751 
43  0.13203 -0.81785 0.46248 -0.10561 0.051094 
44  0.11662 -0.87936 0.55491 -0.095649 0.051519 
45  0.080016 -1.0606 0.73108 -0.039036 0.053169 
46  0.063813 -1.1665 0.78650 0.021531 0.055920 
47  0.075815 -1.0860 0.74732 0.033412 0.056631 
48  0.094419 -0.98187 0.67593 0.055943 0.058448 
49  0.063213 -1.1708 0.78897 -0.018254 0.053847 
50  0.094819 -0.97984 0.67418 -0.060661 0.052410 
51  0.074015 -1.0973 0.75371 -0.037346 0.053195 
52  0.055411 -1.2316 0.81309 -0.0082512 0.054139 
53  0.056011 -1.2267 0.81171 -0.0078445 0.054256 
54  0.12863 -0.83088 0.48018 -0.10201 0.051326 
55  0.11282 -0.89561 0.57330 -0.084627 0.051791 
56  0.13123 -0.82089 0.47442 -0.11914 0.050870 
57  0.073815 -1.0986 0.75546 -0.033579 0.053196 
58  1.0000 1000.0 0.0000 1.6877 0.22793 
59  0.076215 -1.0835 0.74638 -0.036528 0.053155 
60  0.56151 0.10740 0.11551 0.65773 0.11205 
61  0.43169 -0.11942 0.16445 -0.65670 0.037583 
62  0.82857 0.68423 0.034997 0.92924 0.13323 
63  0.054011 -1.2434 0.81795 -0.0088830 0.054131 
64  0.10202 -0.94458 0.64912 0.0010299 0.056797 
65  0.053611 -1.2468 0.81922 -0.0096746 0.054078 
66  0.069614 -1.1260 0.76695 -0.032798 0.053244 
67  0.30326 -0.36125 0.31396 -0.42586 0.043321 
68  0.077415 -1.0762 0.74251 0.040697 0.057290 
69  0.085217 -1.0308 0.71069 0.046400 0.057686 
70  0.056411 -1.2234 0.81078 -0.013839 0.053953 
71  0.054611 -1.2383 0.81445 -0.0064769 0.054223 
72  0.052210 -1.2590 0.82370 0.012050 0.055236 
73  0.068014 -1.1368 0.77223 0.030780 0.056603 
74  0.062212 -1.1782 0.79370 -0.0084559 0.054297 
75  0.10582 -0.92685 0.62372 -0.076185 0.051902 
76  0.059212 -1.2011 0.80395 0.016653 0.055598 
77  0.62272 0.21764 0.080312 0.63837 0.10633 
78  0.048410 -1.2935 0.83157 0.016316 0.055474 
79  0.10562 -0.92777 0.62868 0.048546 0.060122 
80  0.059612 -1.1980 0.80293 0.020768 0.055870 
81  0.19064 -0.62793 0.35862 -0.22287 0.048319 
82  0.94119 1.2042 0.011096 1.0154 0.13898 
83  0.084017 -1.0375 0.71709 -0.046070 0.052796 
84  0.10042 -0.95222 0.65532 0.059389 0.058603 
85  0.053411 -1.2485 0.82047 0.0024453 0.054630 
86  0.086817 -1.0220 0.70666 -0.043463 0.052905 
87  0.99940 3.2215 7.5015e-05 1.4462 0.19137 
88  0.42168 -0.13718 0.18859 0.40765 0.086865 
89  0.057211 -1.2169 0.80841 -0.0049970 0.054339 
90  0.076215 -1.0835 0.74638 -0.036118 0.053148 
91  0.083017 -1.0432 0.72430 0.043448 0.057434 
92  0.98740 1.8940 0.0017861 1.1484 0.15345 
93  0.050610 -1.2732 0.82903 -5.2564e-06 0.054556 
94  0.073015 -1.1037 0.75803 0.037198 0.056950 
95  0.70394 0.37616 0.056994 -1.2114 0.024870 
96  0.094019 -0.98390 0.67936 -0.055831 0.052516 
97  0.058012 -1.2105 0.80646 -0.0042441 0.054444 
98  0.12322 -0.85219 0.52106 -0.11127 0.051055 
99  0.063813 -1.1665 0.78650 -0.013873 0.053968 
100  0.052611 -1.2555 0.82290 0.0045936 0.054789 
101  0.13143 -0.82012 0.46854 -0.11320 0.050953 
102  0.054011 -1.2434 0.81795 0.00041702 0.054538 
103  0.054211 -1.2417 0.81622 0.016570 0.055550 
104  0.057011 -1.2185 0.80937 -0.0029090 0.054435 
105  0.065213 -1.1564 0.78066 -0.015622 0.053882 
106  0.063813 -1.1665 0.78650 -0.012174 0.054131 
107  0.10442 -0.93332 0.63583 -0.078989 0.051849 
108  0.063813 -1.1665 0.78650 -0.016098 0.054000 
109  0.68034 0.32803 0.067939 -1.1673 0.025912 
110  0.10442 -0.93332 0.63583 0.068764 0.059508 
111  0.14783 -0.76077 0.42241 -0.14330 0.050274 
112  0.055811 -1.2283 0.81263 0.0080901 0.055078 
113  0.050610 -1.2732 0.82903 0.0011106 0.054536 
114  0.053011 -1.2520 0.82250 -0.00042557 0.054544 
115  0.069414 -1.1273 0.76849 0.028407 0.056395 
116  0.063613 -1.1679 0.78836 0.030675 0.056508 
117  0.12162 -0.85866 0.53445 -0.10092 0.051192 
118  0.057612 -1.2137 0.80792 0.020154 0.055735 
119  0.049410 -1.2842 0.83121 0.00031571 0.054569 
120  0.075415 -1.0885 0.74919 0.038732 0.057331 
121  0.079416 -1.0642 0.73538 -0.036529 0.053220 
122  0.053411 -1.2485 0.82047 0.010722 0.055172 
123  0.060612 -1.1903 0.79980 -0.013258 0.054021 
124  0.098620 -0.96094 0.66506 -0.063000 0.052414 
125  0.067614 -1.1396 0.77296 0.028618 0.056366 
126  0.055011 -1.2350 0.81355 0.0048010 0.054823 
127  0.94739 1.2555 0.0081141 1.0532 0.14328 
128  0.067413 -1.1409 0.77368 -0.019316 0.053780 
129  0.060812 -1.1888 0.79818 0.022833 0.055948 
130  0.12563 -0.84262 0.51159 -0.10556 0.051163 
131  0.35587 -0.25768 0.27188 -0.51970 0.040871 
132  0.076415 -1.0823 0.74446 0.034950 0.057030 
133  0.093419 -0.98697 0.68434 0.057638 0.058564 
134  0.083417 -1.0409 0.72313 0.047951 0.057803 
135  0.061412 -1.1842 0.79597 -0.0018144 0.054655 
136  0.13763 -0.79699 0.44326 -0.13144 0.050522 
137  0.065613 -1.1535 0.77862 -0.024782 0.053579 
138  0.050810 -1.2714 0.82792 0.0011201 0.054585 
139  0.070414 -1.1206 0.76299 -0.027992 0.053449 
140  0.060612 -1.1903 0.79980 0.016977 0.055540 
141  0.069414 -1.1273 0.76849 0.034764 0.056837 
142  0.051210 -1.2678 0.82679 6.7207e-05 0.054602 
143  0.054811 -1.2367 0.81400 0.0085683 0.055029 
144  0.093019 -0.98903 0.68595 -0.062085 0.052401 
145  0.10982 -0.90879 0.60488 -0.081797 0.051817 
146  0.049610 -1.2823 0.83085 0.010106 0.055079 
147  0.99780 2.6565 0.00045464 1.2664 0.16726 
148  0.063613 -1.1679 0.78836 -0.0042239 0.054412 
149  0.073015 -1.1037 0.75803 -0.032566 0.053292 
150  0.051210 -1.2678 0.82679 0.014620 0.055320 
151  0.074815 -1.0922 0.75102 -0.034056 0.053198 
152  0.074615 -1.0935 0.75282 -0.033315 0.053294 
153  0.071014 -1.1167 0.76218 -0.031317 0.053301 
154  0.069614 -1.1260 0.76695 -0.029008 0.053363 
155  0.083617 -1.0398 0.72195 0.042106 0.057301 
156  0.062813 -1.1738 0.79077 -0.0013122 0.054558 
157  0.059812 -1.1964 0.80242 -0.0093610 0.054164 
158  0.37407 -0.22356 0.23305 -0.52820 0.040279 
159  0.087017 -1.0209 0.70529 0.048519 0.058043 
160  0.053211 -1.2503 0.82170 0.0019018 0.054682 
161  0.11682 -0.87852 0.55100 -0.080057 0.051886 
162  0.94779 1.2590 0.0051477 1.0278 0.14035 
163  0.057612 -1.2137 0.80792 0.012613 0.055355 
164  0.15323 -0.74242 0.39985 0.11920 0.063548 
165  0.082216 -1.0478 0.72660 -0.053463 0.052750 
166  0.35187 -0.26528 0.28889 -0.50982 0.041040 
167  0.42869 -0.12474 0.17678 -0.66735 0.037442 
168  0.10222 -0.94363 0.64699 -0.068945 0.052168 
169  0.084417 -1.0353 0.71584 0.041997 0.057380 
170  0.043009 -1.3474 0.83230 -0.0067620 0.054062 
171  0.10562 -0.92777 0.62868 0.058577 0.060830 
172  0.064413 -1.1621 0.78330 -0.0036284 0.054814 
173  0.072615 -1.1062 0.75971 -0.0090751 0.054394 
174  0.10082 -0.95030 0.65329 0.051685 0.060937 
175  0.12763 -0.83477 0.49650 -0.11203 0.050979 
176  0.052010 -1.2607 0.82526 0.0066786 0.054936 
177  0.063613 -1.1679 0.78836 0.026390 0.056237 
178  1.0000 1000.0 0.0000 2.4439 0.35940 
179  0.079216 -1.0653 0.73643 -0.034797 0.053249 
180  0.054411 -1.2400 0.81534 0.011827 0.055201 
181  0.095419 -0.97681 0.67060 -0.039309 0.053967 
182  0.21504 -0.56232 0.34060 -0.26954 0.047030 
183  0.11502 -0.88615 0.56249 -0.086485 0.051625 
184  0.084817 -1.0330 0.71329 -0.045893 0.053042 
185  0.092018 -0.99420 0.68755 -0.060675 0.052453 
186  0.061412 -1.1842 0.79597 0.0029140 0.054802 
187  0.089818 -1.0058 0.69524 -0.062035 0.052362 
188  0.060412 -1.1918 0.80085 -0.012837 0.054052 
189  0.053611 -1.2468 0.81922 -0.0027096 0.054429 
190  0.14163 -0.78253 0.42955 -0.13414 0.050353 
191  0.11942 -0.86768 0.53872 0.086032 0.060773 
192  0.47890 -0.036684 0.15142 0.45287 0.089970 
193  0.72014 0.41048 0.046127 0.71575 0.11172 
194  0.13983 -0.78899 0.43650 -0.12485 0.050587 
195  0.060812 -1.1888 0.79818 0.018469 0.055654 
196  0.079616 -1.0630 0.73432 0.046567 0.057777 
197  0.068614 -1.1327 0.77075 -0.017588 0.053923 
198  0.059412 -1.1995 0.80345 -0.020739 0.053664 
199  0.11262 -0.89648 0.58013 -0.090759 0.051604 
200  0.050610 -1.2732 0.82903 0.0098800 0.055077 
201  0.097219 -0.96783 0.66877 -0.064648 0.052306 
202  0.11782 -0.87432 0.54700 0.092012 0.061973 
203  0.085617 -1.0286 0.70802 -0.040195 0.053182 
204  0.094019 -0.98390 0.67936 -0.060948 0.052528 
205  0.15763 -0.72786 0.39187 -0.15636 0.049744 
206  0.11082 -0.90436 0.58987 0.046641 0.060156 
207  0.066813 -1.1451 0.77441 -0.023504 0.053607 
208  1.0000 1000.0 0.0000 1.5665 0.20786 
209  0.056411 -1.2234 0.81078 -0.0016944 0.054521 
210  0.066013 -1.1507 0.77654 -0.024436 0.053563 
211  0.052010 -1.2607 0.82526 0.0089322 0.055012 
212  0.065613 -1.1535 0.77862 -0.021906 0.053649 
213  0.055811 -1.2283 0.81263 0.018690 0.055694 
214  0.59032 0.15864 0.10355 -0.96507 0.030289 
215  0.078416 -1.0701 0.73951 -0.025961 0.053667 
216  0.071214 -1.1153 0.76136 -0.023623 0.053756 
217  0.11082 -0.90436 0.58987 0.053192 0.060530 
218  0.17363 -0.67754 0.38368 -0.20926 0.048761 
219  0.10662 -0.92319 0.62116 -0.071020 0.052241 
220  0.053211 -1.2503 0.82170 -0.0045378 0.054350 
221  0.10722 -0.92046 0.61593 -0.088116 0.051714 
222  0.11782 -0.87432 0.54700 -0.088449 0.051795 
223  0.061212 -1.1857 0.79708 -0.021120 0.053636 
224  0.11002 -0.90790 0.59906 0.055588 0.060983 
225  0.059812 -1.1964 0.80242 -0.0046577 0.054581 
226  0.053411 -1.2485 0.82047 -0.0083057 0.054160 
227  0.081616 -1.0512 0.72885 0.040495 0.057844 
228  0.051610 -1.2643 0.82565 -0.0049053 0.054319 
229  0.069814 -1.1246 0.76539 -0.026902 0.053541 
230  0.065013 -1.1578 0.78199 0.025081 0.056267 
231  0.054411 -1.2400 0.81534 0.00078341 0.054589 
232  0.091418 -0.99733 0.68912 0.057710 0.058735 
233  0.054211 -1.2417 0.81622 0.010049 0.055161 
234  0.058212 -1.2089 0.80547 0.021035 0.055820 
235  0.51110 0.019290 0.13910 -0.80111 0.033978 
236  0.10262 -0.94174 0.64263 -0.073061 0.052153 
237  0.075015 -1.0910 0.75011 -0.027629 0.053571 
238  0.55011 0.087343 0.12704 -0.89915 0.031979 
239  0.052410 -1.2572 0.82330 0.0041180 0.054774 
240  0.88038 0.86685 0.017126 -1.5604 0.017004 
241  0.064213 -1.1636 0.78395 0.025272 0.056246 
242  0.061212 -1.1857 0.79708 -0.0052609 0.054392 
243  0.070214 -1.1220 0.76380 -0.022088 0.053721 
244  0.066413 -1.1479 0.77583 0.027255 0.056285 
245  0.069014 -1.1300 0.77000 0.035127 0.056886 
246  0.052010 -1.2607 0.82526 0.0011195 0.054579 
247  0.12623 -0.84025 0.50669 -0.093476 0.051348 
248  0.10682 -0.92228 0.61857 0.064923 0.059114 
249  0.99880 2.9202 0.00028006 1.3470 0.17806 
250  0.10082 -0.95030 0.65329 0.060018 0.058712 
251  0.27025 -0.43140 0.32262 -0.37376 0.044664 
252  0.059012 -1.2026 0.80446 0.0029463 0.054853 
253  0.079616 -1.0630 0.73432 -0.032483 0.053350 
254  0.087618 -1.0176 0.70251 -0.053356 0.052536 
255  0.10842 -0.91504 0.60772 -0.083423 0.051783 
256  0.38448 -0.20437 0.22243 -0.59209 0.039350 
257  0.10222 -0.94363 0.64699 0.060481 0.061132 
258  0.057011 -1.2185 0.80937 0.0061889 0.055032 
259  0.87137 0.83088 0.028176 -1.5355 0.017410 
260  0.11002 -0.90790 0.59906 -0.084715 0.051693 
261  0.075615 -1.0872 0.74826 -0.038086 0.053196 
262  0.060612 -1.1903 0.79980 -0.011285 0.054177 
263  0.077215 -1.0774 0.74349 -0.034648 0.053319 
264  0.078416 -1.0701 0.73951 -0.037838 0.053218 
265  0.073815 -1.0986 0.75546 -0.024960 0.053666 
266  0.065613 -1.1535 0.77862 -0.018259 0.053904 
267  0.062412 -1.1767 0.79312 0.021122 0.055950 
268  0.10402 -0.93518 0.63813 0.057074 0.061340 
269  0.40908 -0.15972 0.20009 0.37699 0.083955 
270  0.090618 -1.0015 0.69374 0.051906 0.058106 
271  0.11262 -0.89648 0.58013 0.059585 0.061539 
272  0.38848 -0.19705 0.21151 -0.57948 0.039468 
273  0.098820 -0.95997 0.66317 -0.066109 0.052230 
274  0.066613 -1.1465 0.77512 -0.0076772 0.054319 
275  0.12402 -0.84898 0.51638 -0.11722 0.050909 
276  0.080016 -1.0606 0.73108 0.016187 0.056512 
277  0.062613 -1.1753 0.79254 -0.017285 0.053829 
278  0.35587 -0.25768 0.27188 0.35053 0.082767 
279  0.050010 -1.2787 0.83049 0.00019292 0.054525 
280  0.053211 -1.2503 0.82170 -0.0071411 0.054151 
281  1.0000 1000.0 0.0000 1.5475 0.20534 
282  1.0000 1000.0 0.0000 1.5074 0.19960 
283  0.99540 2.3352 0.00095404 1.2101 0.16066 
284  1.0000 1000.0 0.0000 1.7257 0.23195 
285  0.19024 -0.62906 0.36713 0.15462 0.066248 
286  0.097419 -0.96684 0.66693 -0.066483 0.052187 
287  0.061412 -1.1842 0.79597 -0.00060560 0.054704 
288  0.12262 -0.85461 0.52563 -0.10844 0.051083 
289  0.068214 -1.1354 0.77149 -0.0096877 0.054423 
290  0.062813 -1.1738 0.79077 -0.0067333 0.054405 
291  0.065213 -1.1564 0.78066 -0.020333 0.053672 
292  0.057612 -1.2137 0.80792 -0.012806 0.053982 
293  0.13243 -0.81633 0.45624 -0.10997 0.050969 
294  0.074615 -1.0935 0.75282 -0.028282 0.053400 
295  0.085217 -1.0308 0.71069 -0.052481 0.052650 
296  0.050810 -1.2714 0.82792 0.010953 0.055143 
297  0.35567 -0.25806 0.28054 -0.52592 0.040723 
298  0.063013 -1.1723 0.78957 -0.016508 0.053904 
299  0.073015 -1.1037 0.75803 -0.034941 0.053233 
300  0.24065 -0.49906 0.33153 0.20758 0.070449 
301  0.10742 -0.91956 0.61324 -0.083700 0.051704 
302  0.048010 -1.2973 0.83192 -0.0053624 0.054227 
303  0.099020 -0.95899 0.66125 -0.068017 0.052218 
304  0.053811 -1.2451 0.81838 0.0040127 0.054832 
305  0.18224 -0.65199 0.37548 -0.19994 0.048828 
306  0.058012 -1.2105 0.80646 0.023629 0.056022 
307  0.36187 -0.24635 0.25327 -0.54710 0.040428 
308  0.87337 0.83868 0.022889 -1.5615 0.017178 
309  0.050410 -1.2750 0.83013 0.0043421 0.054741 
310  0.069814 -1.1246 0.76539 -0.029029 0.053357 
311  0.091018 -0.99943 0.69222 -0.053221 0.052783 
312  0.084817 -1.0330 0.71329 -0.015474 0.054614 
313  0.36347 -0.24335 0.24340 0.34292 0.081539 
314  0.072615 -1.1062 0.75971 -0.033270 0.053319 
315  0.088418 -1.0133 0.69965 -0.050678 0.052822 
316  0.11542 -0.88444 0.55874 -0.097051 0.051334 
317  0.13743 -0.79772 0.44981 -0.12064 0.050740 
318  0.079816 -1.0618 0.73217 0.029063 0.057336 
319  0.087217 -1.0198 0.70391 0.046929 0.058227 
320  0.042008 -1.3580 0.83267 0.0038429 0.054618 
321  0.054011 -1.2434 0.81795 0.016694 0.055503 
322  0.093819 -0.98493 0.68104 -0.0039176 0.056147 
323  0.061412 -1.1842 0.79597 -0.012061 0.054124 
324  1.0000 1000.0 0.0000 1.5182 0.20110 
325  0.11022 -0.90701 0.59300 0.054206 0.060957 
326  0.083617 -1.0398 0.72195 0.048725 0.057914 
327  0.10462 -0.93239 0.63111 0.054667 0.060492 
328  0.091218 -0.99838 0.69068 -0.054572 0.052780 
329  0.087618 -1.0176 0.70251 -0.053065 0.052626 
330  0.077816 -1.0738 0.74152 -0.036981 0.053090 
331  0.088418 -1.0133 0.69965 -0.045134 0.052870 
332  0.10982 -0.90879 0.60488 0.057861 0.061316 
333  0.34167 -0.28484 0.29710 0.31844 0.079420 
334  0.082216 -1.0478 0.72660 0.035201 0.057368 
335  0.060412 -1.1918 0.80085 0.015013 0.055384 
336  0.15003 -0.75323 0.40761 0.11893 0.063499 
337  0.081816 -1.0501 0.72773 -0.043095 0.052967 
338  0.064813 -1.1592 0.78265 -0.0066046 0.054382 
