-82573.5625000 -78729.5312500 -84398.9062500 -86412.8437500 -84025.1875000 -85051.6875000 -84116.8671875 -84393.1953125 -83580.3984375 -83007.8203125
-83249.2656250 -84583.9765625 -84873.3906250 -87207.3593750 -84200.3671875 -85071.5312500 -85079.0859375 -84827.7656250 -84190.5000000 -81618.3593750
-82661.5234375 -78776.8515625 -84872.5781250 -87026.6171875 -84649.3750000 -85443.0312500 -84500.2656250 -84479.0078125 -84070.3515625 -83099.3437500
-82610.0625000 -77955.3203125 -84262.6406250 -86567.4453125 -83899.3046875 -84809.8437500 -84065.6093750 -84375.4296875 -83596.5234375 -82841.5468750
-80059.0312500 -76730.5390625 -81970.1093750 -84337.7812500 -81682.2734375 -82638.2421875 -82038.2656250 -81888.5312500 -81218.0625000 -80482.2656250
-83285.2656250 -84890.8828125 -85065.6484375 -86135.5156250 -82149.5937500 -82839.3125000 -84927.2968750 -84760.8750000 -80871.5781250 -83070.2031250
-80161.3593750 -75323.4453125 -81941.7343750 -84032.1250000 -81574.6484375 -82812.3203125 -81697.6875000 -81974.9765625 -81307.6171875 -80327.7187500
-78715.3125000 -75177.0390625 -80492.1250000 -83073.8359375 -80330.4062500 -81465.5625000 -80515.2890625 -80488.5703125 -79897.2109375 -79012.2968750
-83330.6953125 -84808.9375000 -84691.3750000 -86045.2968750 -81823.3828125 -82621.7734375 -84651.0546875 -84671.2656250 -80773.5781250 -83254.4375000
-85387.4609375 -86669.6640625 -86763.6718750 -89061.3671875 -85858.1953125 -86952.6328125 -86713.2343750 -86671.6640625 -86064.3046875 -83717.5468750
-79808.5078125 -75558.4140625 -81823.6484375 -84146.5468750 -81133.8515625 -82426.5937500 -81871.4531250 -81685.0703125 -80983.6796875 -80244.2578125
-80410.3593750 -75688.5312500 -82160.5703125 -84632.3828125 -81949.5468750 -83116.1093750 -82203.8671875 -82162.4765625 -81432.9296875 -80477.7734375
-81267.9375000 -77610.9296875 -82953.0390625 -85326.4218750 -82325.3750000 -83351.9062500 -82657.1562500 -82633.0703125 -82309.0546875 -81380.1484375
-83137.4609375 -84667.6406250 -84779.3828125 -85608.9062500 -81451.5468750 -82143.7265625 -84804.8750000 -84633.0625000 -79789.2265625 -82827.2265625
-86901.8906250 -88405.7109375 -88163.1718750 -89122.6953125 -85369.3828125 -86268.1406250 -88145.9296875 -88005.8515625 -84449.6171875 -86527.3203125
-81271.4140625 -82678.8437500 -82737.9609375 -83792.9531250 -79530.1562500 -80349.6953125 -82704.5546875 -82290.6171875 -78179.1484375 -80635.4765625
-79661.3750000 -75334.7890625 -81765.1953125 -84214.6015625 -81274.4687500 -82302.6796875 -81294.0078125 -81364.0000000 -80671.7890625 -79881.2890625
-76505.9140625 -71675.2656250 -78438.1406250 -80920.5312500 -77797.8671875 -79334.2265625 -78504.9453125 -78312.7890625 -77841.9687500 -76696.0781250
-78184.5781250 -73908.2109375 -80201.7421875 -82720.6718750 -79570.4296875 -80800.6875000 -80212.9218750 -80066.5000000 -79442.3593750 -78680.3125000
-80700.3125000 -82168.2968750 -81977.2578125 -83538.2421875 -78678.5546875 -79779.0078125 -82213.8984375 -81945.3984375 -77475.8906250 -80225.5078125
-82789.7890625 -84431.9843750 -84354.1250000 -85400.6953125 -81237.3203125 -82031.1328125 -84266.7890625 -83824.5156250 -78958.7031250 -82761.2421875
-83060.3281250 -78769.6328125 -84633.5703125 -86593.3828125 -83968.3671875 -85088.8437500 -84277.2109375 -84217.9609375 -83600.5156250 -82946.9609375
-78682.0234375 -75121.6406250 -80961.3281250 -83522.7187500 -80254.9375000 -81337.3437500 -80682.6484375 -80761.5859375 -80084.2343750 -78996.6171875
-77892.7421875 -73002.0234375 -79612.5000000 -82278.4609375 -79200.5937500 -80441.0937500 -79350.5859375 -79707.7421875 -78826.7578125 -78030.7656250
-81059.9921875 -82558.2890625 -82499.3828125 -84140.9375000 -79467.2578125 -80257.9453125 -82850.1093750 -82258.9062500 -78185.4375000 -80726.2734375
-80526.8984375 -76743.1406250 -82565.6796875 -85054.6328125 -82134.5156250 -83173.2421875 -82203.0546875 -82148.5937500 -81780.0625000 -80726.7500000
-77938.0312500 -74678.3203125 -79983.6406250 -82718.9375000 -79699.4453125 -80768.6015625 -79988.6406250 -79937.3125000 -79326.0859375 -78357.0937500
-77654.8984375 -73535.1875000 -79986.4062500 -82551.5312500 -79607.2812500 -80715.2734375 -79730.6718750 -79803.5156250 -79434.1406250 -78095.5703125
-84689.0703125 -86541.2421875 -86220.7890625 -87334.1718750 -83479.8593750 -84195.6015625 -86156.7421875 -86119.3906250 -82093.8203125 -84812.0000000
-79886.6250000 -81198.7578125 -81483.9843750 -83840.7343750 -80508.9140625 -81709.2109375 -81619.4140625 -81587.6953125 -80282.7109375 -77828.1406250
-79424.8125000 -76212.7578125 -81332.7890625 -83793.3046875 -80906.0234375 -82094.0000000 -81345.7578125 -81427.5156250 -80811.8671875 -79743.2890625
-80805.9531250 -76399.0156250 -82527.6484375 -84736.8281250 -82217.2421875 -83346.4765625 -82512.8046875 -82458.2109375 -81873.3046875 -80904.2734375
-81712.6484375 -83293.0937500 -83017.3828125 -84372.5156250 -79669.7812500 -80651.9921875 -83153.7109375 -82738.6250000 -78783.3125000 -81399.0625000
-78560.1250000 -80115.2968750 -80124.0937500 -82646.0078125 -79096.7031250 -80397.0937500 -80282.2031250 -80099.2031250 -78893.4843750 -76509.4375000
-84765.3515625 -85774.0234375 -86221.3125000 -88373.0312500 -85298.3671875 -86262.3828125 -86316.7421875 -85996.6171875 -85237.0234375 -82586.8281250
-82417.9609375 -83981.6796875 -83791.8437500 -84861.5078125 -80517.7578125 -81494.6406250 -84037.6875000 -83151.8437500 -79414.3515625 -82192.3359375
-81481.5781250 -82926.4218750 -82674.5937500 -83901.9218750 -79597.6875000 -80307.8281250 -82858.7421875 -82501.6796875 -78004.8750000 -81111.0703125
-81372.6171875 -82885.5625000 -82526.5156250 -83768.8750000 -79282.0000000 -79984.5703125 -82784.7031250 -82376.7343750 -77272.6093750 -80774.0859375
-79124.2265625 -80317.1796875 -80883.6015625 -83642.1718750 -79953.1875000 -81132.6953125 -80974.8593750 -81003.2343750 -79927.8515625 -76360.1015625
-81598.8359375 -83078.4765625 -83104.8750000 -84187.9375000 -79740.5703125 -80727.7421875 -83024.6875000 -82647.7968750 -78938.7968750 -81287.5703125
-81460.4218750 -82955.7890625 -82996.5234375 -84303.1093750 -79574.9687500 -80579.0078125 -82998.6015625 -82368.0468750 -78396.5859375 -80945.9296875
-78458.1718750 -80003.8359375 -80143.4453125 -82643.6406250 -78823.1250000 -80062.6250000 -80339.6640625 -80362.0703125 -78594.9218750 -75225.9609375
-78098.3359375 -79593.7890625 -79796.4140625 -82741.9062500 -79194.5781250 -80197.5625000 -79838.0156250 -79632.9687500 -78858.9140625 -75768.5781250
-83100.6562500 -79700.3984375 -84939.0703125 -87268.8671875 -84513.0937500 -85486.5703125 -84831.6328125 -84729.8359375 -84083.2265625 -83180.2031250
-82737.1015625 -83780.9062500 -84153.9765625 -85564.9140625 -81020.5625000 -81906.2812500 -84317.2734375 -83977.1640625 -80267.7656250 -82306.7187500
-80689.9531250 -82443.7812500 -82398.1562500 -83644.3203125 -79288.9765625 -80154.6562500 -82374.3984375 -81871.7187500 -77944.0546875 -80541.4296875
-83743.2187500 -85494.4218750 -85508.3281250 -86334.8750000 -82142.9921875 -83016.4609375 -85324.7265625 -84854.3125000 -80452.8125000 -83738.5312500
-81496.3671875 -77103.4921875 -83631.5078125 -85759.8984375 -82873.6875000 -84176.3984375 -83208.1250000 -83416.9921875 -82593.7421875 -82024.6875000
-83194.0156250 -84503.5312500 -84337.8437500 -85523.1093750 -81734.5703125 -82306.4453125 -84707.7968750 -84385.1562500 -79276.7578125 -82730.3125000
-82835.2265625 -84445.7500000 -84354.6562500 -85499.9921875 -81281.8593750 -82217.3359375 -84381.7656250 -83788.0781250 -79981.9453125 -82534.8750000
-82034.9062500 -83774.4140625 -83502.1093750 -84663.6250000 -80207.4687500 -81044.0937500 -83523.8515625 -83089.3203125 -78763.9765625 -81714.9140625
-83381.1640625 -84778.0000000 -84751.4687500 -87366.3281250 -84050.6953125 -85298.4375000 -84962.9765625 -84806.4765625 -83601.3828125 -81415.1328125
-77055.1093750 -78323.5546875 -78650.3750000 -81760.8281250 -77710.2421875 -78844.8281250 -78576.1406250 -78708.8359375 -77505.9375000 -74589.4687500
-83832.2968750 -85272.7812500 -85463.8906250 -87750.1718750 -84403.6093750 -85374.6875000 -85605.2421875 -85372.4375000 -84273.4531250 -82001.3593750
-82903.6406250 -84309.6250000 -84130.4062500 -86756.7812500 -83698.3750000 -84676.5078125 -84314.7812500 -84364.6250000 -83290.5546875 -81298.5312500
-85479.1484375 -86784.3593750 -86806.4453125 -89082.4687500 -86363.7968750 -87310.2343750 -86865.8203125 -86817.2578125 -85844.8750000 -83577.8437500
-82725.5078125 -83830.1875000 -84090.8046875 -86335.8281250 -83087.1875000 -83955.7578125 -84109.8984375 -84094.1406250 -83076.7109375 -80821.6093750
-82693.8984375 -84166.1796875 -84373.4609375 -86796.1718750 -83311.0156250 -84521.9843750 -84304.9765625 -84295.6015625 -83348.4218750 -81013.9062500
-78916.6953125 -80192.2109375 -80935.7109375 -83196.9921875 -79458.5390625 -80940.5312500 -80652.4921875 -80425.7734375 -79298.0781250 -76236.7343750
-81160.6015625 -82620.9531250 -82711.8984375 -85170.1640625 -81741.9140625 -82715.1406250 -82602.9531250 -82699.1875000 -81729.0000000 -78518.7890625
-76868.6484375 -71855.6875000 -78816.8671875 -81291.1171875 -78407.6171875 -79362.3984375 -78135.7109375 -78489.7109375 -77977.9453125 -76834.0859375
-80592.4609375 -77248.6250000 -82564.5859375 -84817.3671875 -82046.6562500 -83029.8046875 -82651.3671875 -82281.8515625 -81812.0156250 -80692.6640625
-81215.4921875 -82661.7734375 -82519.1171875 -83704.3203125 -79344.2890625 -80548.3281250 -82613.9921875 -82137.8125000 -78576.5937500 -80665.8046875
-77562.5312500 -79432.4921875 -79603.0625000 -82253.0468750 -78477.2109375 -79682.7500000 -79499.0000000 -79424.4687500 -78331.8593750 -75458.5781250
-78142.6875000 -80134.2812500 -79732.6015625 -82477.3437500 -79050.1953125 -80140.3671875 -80084.4765625 -79886.7734375 -78981.1328125 -76304.8828125
-84198.8359375 -86873.5312500 -86020.0468750 -89390.5781250 -86954.4921875 -87718.2734375 -86320.1171875 -86274.9921875 -86869.3906250 -86082.0000000
-84488.6953125 -87439.9062500 -86775.1093750 -90190.5156250 -87424.4062500 -88264.6953125 -86796.8984375 -86833.1953125 -87359.6328125 -86539.6328125
-82313.2656250 -85140.2031250 -82864.9062500 -86886.4687500 -83932.1875000 -85099.4687500 -83632.6406250 -79614.3593750 -83893.6953125 -83546.3750000
-81460.5312500 -84400.8515625 -82320.5078125 -86154.5234375 -83463.6484375 -84716.4609375 -82844.1406250 -78888.0390625 -83428.7031250 -83289.0000000
-82109.0078125 -85173.2031250 -80274.3281250 -87160.0000000 -84316.0703125 -85204.2187500 -82962.3828125 -83384.4453125 -84300.9843750 -83715.3125000
-83594.2109375 -86432.7343750 -80620.6796875 -88252.4140625 -85446.5859375 -86295.5937500 -84028.5937500 -84352.0156250 -85746.5156250 -85276.7343750
-78899.7187500 -81711.3125000 -79897.2343750 -83353.6406250 -80283.5703125 -81383.7031250 -79860.2265625 -76036.6484375 -80473.3593750 -79992.2500000
-87886.1718750 -90269.8984375 -85296.2265625 -92130.3828125 -89608.4453125 -90255.9921875 -88199.6640625 -88705.7265625 -89381.6015625 -89122.8984375
-87208.5078125 -89300.0390625 -87710.5078125 -91094.7890625 -88440.5937500 -89282.8359375 -88245.5937500 -84289.4765625 -88398.7656250 -88135.5937500
-88655.6796875 -91252.8515625 -90477.1953125 -93286.0859375 -90886.1250000 -91820.5078125 -90395.0781250 -90755.2109375 -90919.5078125 -90513.2109375
-88250.0156250 -91118.8046875 -90248.0000000 -93282.3750000 -90799.0156250 -91273.2890625 -90254.4062500 -90109.9765625 -90313.9843750 -89990.7421875
-86650.3671875 -89310.9062500 -87335.1484375 -91057.5937500 -88307.9296875 -89360.0234375 -87694.9375000 -84257.5312500 -88428.9843750 -88007.5937500
-84095.7578125 -86793.7578125 -82621.5234375 -88948.9531250 -86068.3203125 -86591.4531250 -84722.5078125 -84859.5468750 -86073.0859375 -85741.9765625
-82922.0781250 -85341.3046875 -79756.5703125 -87505.9062500 -84682.2968750 -85450.6484375 -83443.1093750 -83733.1406250 -84651.7578125 -84154.3437500
-90577.9296875 -92875.7812500 -87844.1406250 -94232.9687500 -91444.9921875 -91767.8906250 -90911.6171875 -90762.1015625 -92229.4296875 -91438.8671875
-82697.7968750 -85301.5078125 -79442.9921875 -87483.7812500 -84364.4765625 -85478.0546875 -83193.9218750 -83392.6718750 -84472.0234375 -83948.7656250
-82226.4921875 -84795.9062500 -82649.8046875 -86489.9296875 -83342.6953125 -84435.3046875 -83152.6171875 -79530.7890625 -83614.6953125 -83628.8593750
-80833.2343750 -84145.2656250 -83377.3515625 -86887.3984375 -83868.3750000 -85091.5156250 -83179.4218750 -83330.1953125 -83847.8281250 -83321.4609375
-83726.2500000 -86620.2812500 -85752.4218750 -88677.0468750 -86255.2031250 -87178.5781250 -85628.1328125 -85830.8046875 -85990.4218750 -85297.6562500
-82597.5156250 -85199.5078125 -79390.8203125 -87585.7109375 -84884.1250000 -85848.2421875 -83155.3671875 -83724.0937500 -84895.2812500 -84250.1093750
-79975.4687500 -82689.3203125 -80839.0156250 -84719.4843750 -81762.7578125 -83047.8671875 -81344.5781250 -77615.3828125 -81909.8984375 -81665.0859375
-81755.2187500 -84290.1015625 -82614.3359375 -86460.8203125 -83452.7421875 -84730.1796875 -83018.2265625 -78891.5156250 -83596.2734375 -83160.8750000
-82772.2421875 -85075.5234375 -80270.1484375 -87749.3593750 -84745.7578125 -85839.5156250 -83312.0000000 -83454.7031250 -84561.1015625 -84073.7656250
-81866.5312500 -84978.6328125 -78122.3750000 -86557.2421875 -83743.0078125 -84323.0781250 -82672.5859375 -82633.6796875 -84015.7265625 -83591.8125000
-78711.9140625 -81308.2890625 -79338.6015625 -83497.5703125 -80085.6953125 -81211.5390625 -79817.8671875 -75159.3828125 -80378.5937500 -79895.5937500
-80959.7421875 -83906.9453125 -83039.0625000 -86658.7734375 -83828.8046875 -84768.7187500 -83109.1015625 -82990.1718750 -83718.6171875 -82898.3281250
-81074.6406250 -84040.0937500 -83537.0937500 -86973.0234375 -83819.5390625 -84788.5000000 -83310.2187500 -83348.2500000 -83748.7343750 -82866.7187500
-82797.3281250 -85525.6953125 -83726.3906250 -87677.8437500 -84567.2343750 -85372.4765625 -83962.7968750 -80006.5234375 -84539.2031250 -84121.7578125
-81573.0312500 -84714.2343750 -78654.1718750 -86613.4296875 -83889.0546875 -84751.0234375 -82224.7578125 -82547.1796875 -83962.5390625 -83256.0703125
-79829.1406250 -82483.0390625 -75661.2343750 -84971.5078125 -81902.0937500 -82639.4843750 -80268.9687500 -80541.4375000 -81705.0859375 -81076.0468750
-76531.5312500 -79235.4453125 -77527.1953125 -81904.7812500 -77786.7734375 -79305.8281250 -77587.5234375 -73439.7265625 -77886.5937500 -77534.0625000
-88532.1015625 -90879.6250000 -86225.7578125 -92831.0937500 -90413.9375000 -91133.6953125 -89003.0546875 -89244.5625000 -90144.4375000 -89569.1171875
-86958.0781250 -89639.2812500 -88832.2812500 -91976.5625000 -89162.3906250 -90200.2109375 -88794.1328125 -88983.8125000 -89202.6953125 -88631.4140625
-83943.4375000 -86708.9687500 -85836.3750000 -89590.2265625 -86463.1718750 -87484.9062500 -85841.5937500 -86115.9531250 -86310.0156250 -85765.0625000
-85783.9296875 -87807.1640625 -86604.8515625 -89479.1562500 -87079.3359375 -87991.9296875 -86845.0390625 -83188.7656250 -86883.3203125 -86642.4921875
-86586.0625000 -88740.6328125 -87301.9843750 -91021.8593750 -88166.4453125 -88915.6484375 -87497.1718750 -84472.2890625 -87962.9531250 -87791.6015625
-80569.9218750 -83208.3437500 -79399.8281250 -85580.1250000 -82448.6484375 -83507.0781250 -81396.5625000 -81548.6171875 -82604.6640625 -81846.2656250
-79505.5078125 -82041.9453125 -80841.6484375 -84535.4531250 -81127.3515625 -82253.1484375 -80858.6718750 -76273.8046875 -81188.7421875 -80798.7265625
-78120.3750000 -81455.2890625 -80358.5312500 -84298.4453125 -80880.7031250 -82233.3593750 -80418.6562500 -80319.5234375 -80845.5859375 -80159.4296875
-86221.1875000 -89088.7421875 -88221.7421875 -91270.8593750 -88810.1015625 -89784.6328125 -88204.4218750 -87808.0156250 -88746.1171875 -88011.9218750
-84509.3593750 -87851.3750000 -86739.6171875 -90352.3359375 -87561.2343750 -88431.2500000 -86628.6250000 -86788.6953125 -87277.5781250 -86574.6093750
-79632.8125000 -82613.2187500 -77661.3046875 -84879.1171875 -81800.5390625 -82599.3671875 -80306.7031250 -80041.6718750 -81606.0703125 -81317.9531250
-84137.0859375 -86617.4687500 -80854.4218750 -88514.5859375 -85538.7109375 -86528.3437500 -84821.6406250 -84641.3125000 -86058.6796875 -85267.3515625
-80379.0000000 -82963.1953125 -81113.7187500 -85339.4062500 -82058.7500000 -83124.3515625 -81341.9609375 -76972.5312500 -82043.8593750 -81774.7578125
-86407.8281250 -88890.7500000 -88224.7109375 -91257.4687500 -88516.4531250 -89363.9296875 -87861.3671875 -88193.6875000 -88618.4843750 -88048.6093750
-86416.5625000 -88516.2578125 -87179.3281250 -90373.7812500 -87715.6562500 -88833.3437500 -87212.9140625 -84219.4843750 -87745.6015625 -87455.9687500
-85395.5937500 -87637.8125000 -83188.1250000 -89570.7265625 -86695.7109375 -87703.2968750 -85865.8359375 -85906.6015625 -86716.5312500 -86359.0078125
-83726.3828125 -86237.7968750 -82219.3515625 -87944.9843750 -85367.4843750 -86077.6484375 -84263.0000000 -84133.2421875 -85301.0234375 -84808.2265625
-80197.7187500 -83190.2578125 -82457.7812500 -85685.9453125 -82806.7421875 -83757.3828125 -82338.8828125 -82189.6171875 -82911.3750000 -81946.0390625
-80313.7500000 -83463.8984375 -82403.5000000 -85948.0937500 -82998.2265625 -84174.4609375 -82631.2343750 -82626.6093750 -82869.6250000 -82027.8046875
-81126.0078125 -84073.9062500 -83318.3671875 -86639.4218750 -83586.6875000 -84851.0000000 -83170.5390625 -83236.1796875 -83278.0546875 -82995.2890625
-79098.8984375 -82163.6093750 -81283.5937500 -85006.5781250 -81961.4453125 -82971.7500000 -80895.6562500 -81292.3906250 -81760.8906250 -81101.0312500
-82479.1562500 -85048.1640625 -83586.6484375 -87285.9609375 -84274.3593750 -85496.0156250 -83788.8046875 -79927.6484375 -84242.0781250 -83799.7421875
-79936.2031250 -82956.4843750 -77807.5390625 -85263.4062500 -82367.3750000 -83197.2734375 -80552.6718750 -80895.8828125 -82141.1875000 -81288.4062500
-79298.0390625 -81999.1015625 -75944.2968750 -84230.6640625 -81210.9921875 -82188.6406250 -80037.6953125 -80023.3515625 -81385.0703125 -80374.0312500
-78755.7500000 -81412.7265625 -78116.8593750 -82456.5468750 -78574.1171875 -78934.1093750 -80001.0234375 -77768.7265625 -79789.3984375 -79393.0859375
-81073.5781250 -83757.8984375 -78340.6015625 -85987.5156250 -82882.6406250 -83903.6562500 -81656.8671875 -81778.6484375 -82794.9296875 -82076.6796875
-82887.7343750 -85654.2500000 -83873.9843750 -87499.7812500 -84420.3984375 -85533.4375000 -84189.3750000 -80051.6250000 -84407.9296875 -84246.2656250
-81688.9375000 -84264.7343750 -83541.9921875 -87583.9921875 -84337.3671875 -85606.0937500 -83615.4453125 -83761.0156250 -84261.2656250 -83296.0937500
-82968.7578125 -85256.9296875 -83882.8828125 -87602.6171875 -84552.9843750 -85671.3750000 -83999.6328125 -80423.7734375 -84463.7343750 -84182.7343750
-79679.9921875 -82845.4921875 -81705.9453125 -85359.4296875 -82188.7187500 -83518.0468750 -82032.7500000 -81828.9453125 -82326.3828125 -81454.4062500
-78753.8359375 -81566.0859375 -74772.2968750 -84226.9531250 -80641.7343750 -81765.4296875 -79415.3125000 -79524.0078125 -80595.5937500 -80171.3984375
-77514.4609375 -80157.4531250 -78455.3281250 -82545.8593750 -79135.0312500 -80432.2734375 -78598.0625000 -74542.5390625 -79258.8203125 -79081.8828125
-82952.8906250 -86020.7890625 -84727.9140625 -88463.3203125 -85454.2812500 -86455.4921875 -84895.0859375 -84959.6015625 -85442.2812500 -84567.1015625
-81338.1718750 -83788.0859375 -81905.7656250 -85631.5078125 -82424.2187500 -83488.0781250 -82208.0312500 -78088.9140625 -82917.5000000 -82295.3515625
-79317.9531250 -82267.3828125 -77930.7500000 -84280.4453125 -81144.1171875 -82127.1484375 -80104.7343750 -79973.0546875 -81083.6171875 -80653.0625000
-81392.0703125 -84324.1718750 -79776.0859375 -85687.6250000 -82801.0234375 -83416.0078125 -81914.3750000 -81779.4062500 -83436.9921875 -82638.1718750
-82727.5546875 -85231.0468750 -83426.7421875 -87210.3046875 -83993.0390625 -85174.0234375 -83774.7265625 -80291.7734375 -84302.5546875 -83914.0937500
-77519.0703125 -80305.9765625 -78604.8515625 -82732.5859375 -79381.1093750 -80733.3906250 -78462.1953125 -74285.6171875 -79434.5000000 -78808.9531250
-76928.8515625 -80108.7812500 -79343.1406250 -82862.9140625 -79806.0625000 -80795.9296875 -78973.1250000 -79697.2734375 -79413.1640625 -78887.4609375
-78757.2968750 -81416.2031250 -79518.1093750 -83662.6328125 -80389.1875000 -81530.3750000 -80172.3828125 -75877.9296875 -80406.4296875 -80147.7109375
-78264.0000000 -81172.8515625 -78992.7812500 -83278.2187500 -79939.8281250 -81085.5390625 -79276.8906250 -74902.2265625 -80094.1250000 -79627.5234375
-76381.4375000 -79587.0546875 -73353.2109375 -82063.8984375 -78799.7500000 -79698.8984375 -77052.0390625 -77474.1875000 -78615.2187500 -78193.8437500
-77159.3359375 -80226.7265625 -73311.5156250 -82663.8828125 -79226.7734375 -80548.3750000 -77919.9218750 -77980.7343750 -79530.9453125 -78748.4687500
-77800.9609375 -80406.0937500 -78540.4140625 -82730.0937500 -79296.2968750 -80556.1484375 -78700.5703125 -73859.0000000 -79511.2187500 -79270.7031250
-80765.1640625 -82575.1093750 -81393.6093750 -82186.2421875 -76373.8359375 -77979.3906250 -81854.7421875 -81135.5468750 -78883.5390625 -80191.6093750
-84840.6484375 -86981.2656250 -85145.1718750 -89267.9609375 -86608.6250000 -87477.8671875 -82181.1406250 -85826.6406250 -86358.8828125 -86061.1640625
-86641.8281250 -87945.9609375 -87479.9062500 -88240.4609375 -83777.2265625 -82121.8906250 -87909.1718750 -87390.9218750 -84568.5781250 -86150.1562500
-86383.2343750 -88480.5859375 -86767.0468750 -90399.8515625 -87774.1953125 -88615.8046875 -84168.7890625 -87136.7187500 -87886.5156250 -87448.7187500
-91796.1953125 -93712.4296875 -92043.5390625 -95473.9296875 -93105.7109375 -93769.3984375 -89669.5234375 -92771.0468750 -93293.7265625 -92549.1015625
-88168.8437500 -90290.7031250 -88842.7031250 -91835.7812500 -89650.8671875 -90543.6562500 -85892.4531250 -89108.4375000 -89782.7500000 -89208.0937500
-84076.1328125 -86832.4375000 -84946.2265625 -88974.0546875 -86128.4765625 -87338.4062500 -81993.7812500 -85118.4453125 -86379.5390625 -85517.9296875
-86456.0859375 -88131.0703125 -87504.7812500 -88294.6718750 -84009.7500000 -82861.5234375 -87646.0937500 -87462.8046875 -84954.1796875 -86494.3593750
-88616.0703125 -89780.6250000 -89761.0078125 -90904.9609375 -87166.0312500 -88019.1640625 -89692.5000000 -89703.9687500 -86403.2031250 -88314.4453125
-85906.6484375 -87356.1171875 -87519.8593750 -89737.6640625 -86487.2343750 -87608.9687500 -87127.3125000 -87400.6406250 -86303.7734375 -84148.2265625
-83546.1562500 -86095.6015625 -84102.4140625 -88068.1093750 -85395.0234375 -86118.7343750 -81572.8125000 -84685.8984375 -85420.1484375 -84692.4296875
-81712.2812500 -83126.7968750 -83000.0156250 -83884.7656250 -78613.9609375 -80202.7031250 -83310.6328125 -82581.7500000 -80070.1875000 -81341.0781250
-91304.9296875 -92384.6093750 -92650.7187500 -94310.1562500 -91790.1718750 -92597.8750000 -92177.0000000 -92440.2421875 -91699.1562500 -89518.9687500
-85246.3281250 -87761.7968750 -85970.5937500 -89903.9140625 -87366.1328125 -88265.2890625 -83189.7968750 -86175.7343750 -87083.2656250 -86564.6015625
-83761.5234375 -80006.5390625 -85458.6562500 -87710.7968750 -85079.7500000 -86160.1406250 -85357.7187500 -85281.8515625 -84998.7031250 -84109.0546875
-90473.8593750 -92586.8046875 -91180.7421875 -94530.1953125 -92193.7578125 -92887.4609375 -88636.4609375 -91322.7343750 -92203.2734375 -91709.7109375
-87239.9375000 -88708.7656250 -88315.3750000 -89479.2265625 -84888.7109375 -83611.3750000 -88607.8593750 -88267.8437500 -85728.3125000 -87097.5859375
-89561.8984375 -91747.5781250 -89868.1875000 -93572.7812500 -91223.3359375 -92205.7578125 -87373.3828125 -90308.3828125 -91272.1015625 -90779.8906250
-86267.7968750 -88860.6406250 -86818.8671875 -90990.6875000 -88266.5000000 -89116.8515625 -83877.6953125 -87621.5937500 -88120.3125000 -87788.8515625
-90271.2343750 -91726.7812500 -90495.2500000 -91348.2578125 -87359.5000000 -86011.8437500 -91546.0781250 -90665.4296875 -88629.4531250 -90067.4765625
-89658.9921875 -90856.0156250 -90665.5078125 -91606.2734375 -88038.9453125 -88868.2656250 -90687.8281250 -90570.8046875 -87182.1953125 -89428.9921875
-91166.5468750 -92717.6875000 -91492.6484375 -94965.6250000 -92580.4296875 -93330.3515625 -89094.3359375 -92140.3046875 -92673.9296875 -91959.7812500
-81270.8359375 -84006.5781250 -81870.7031250 -86234.3203125 -83489.7031250 -84494.9140625 -79151.8984375 -82483.8437500 -83428.1406250 -82690.3437500
-85887.1640625 -88342.2187500 -86494.1250000 -90513.9140625 -87646.6328125 -88524.0703125 -83630.2265625 -86898.9140625 -87693.6562500 -86926.3046875
-92535.7734375 -94479.7812500 -93294.4921875 -96135.1328125 -94089.3281250 -94743.5546875 -90995.9218750 -93524.0546875 -94032.7890625 -93501.6875000
-87046.3046875 -89291.0937500 -87594.0625000 -91331.8515625 -88447.3750000 -89375.9453125 -85121.1015625 -87883.6796875 -88597.5625000 -88200.0859375
-83624.2734375 -85793.8750000 -83838.7109375 -84383.1875000 -81588.6953125 -81134.0468750 -85013.3281250 -84141.5937500 -82480.5000000 -83297.4921875
-81657.5156250 -84245.1796875 -81831.9062500 -86446.3203125 -83444.4375000 -84450.9453125 -79149.8906250 -82993.0078125 -83322.0937500 -82670.6015625
-81715.2734375 -82941.4921875 -83309.6250000 -85650.7890625 -82574.7812500 -83167.0468750 -83029.4296875 -83067.5312500 -82114.3125000 -79380.0703125
-78299.6796875 -81021.9453125 -79203.0312500 -83753.1796875 -80555.7890625 -81724.7187500 -75871.7265625 -79516.4843750 -80508.3046875 -79795.7421875
-76729.3671875 -79781.5078125 -77250.8984375 -82525.5937500 -78980.0390625 -80038.3125000 -74054.3046875 -77822.9531250 -78712.6328125 -78420.1640625
-91540.6171875 -93772.0000000 -92153.9296875 -95483.9765625 -93421.6953125 -94078.6953125 -89675.3828125 -92660.6328125 -93321.6406250 -92812.4765625
-84387.9609375 -86844.4140625 -85009.8437500 -88887.1328125 -86474.8906250 -87218.1875000 -82019.8515625 -85408.8593750 -86432.2031250 -85707.2734375
-76790.8515625 -78646.0937500 -78244.6250000 -79267.0078125 -73236.8359375 -74992.6015625 -78218.9765625 -77970.4765625 -74924.6015625 -76394.8515625
-80904.1171875 -83372.4765625 -81573.3750000 -85534.1406250 -82658.2265625 -83848.0625000 -78483.4218750 -81697.0781250 -82654.3281250 -81999.5625000
-79412.8203125 -80523.9921875 -81235.4765625 -83754.1093750 -80043.8593750 -81250.1406250 -81162.4296875 -80871.4765625 -79938.3984375 -76969.6093750
-77745.9609375 -80774.8359375 -78519.0234375 -83108.1406250 -80031.5312500 -81253.7734375 -74995.6640625 -78809.2421875 -79970.3750000 -79396.5703125
-91786.8203125 -93962.4062500 -92082.5156250 -95336.8593750 -93517.9687500 -93940.8906250 -89600.2265625 -92769.5078125 -93358.7109375 -92987.5468750
-79009.3125000 -80851.7421875 -80449.1171875 -81072.8203125 -75711.6562500 -74562.4062500 -80305.3125000 -80252.3828125 -76721.0546875 -78809.2578125
-82001.8281250 -84589.5546875 -82554.1875000 -86839.2343750 -83691.1328125 -84952.1328125 -79480.0546875 -82972.0000000 -83763.6562500 -83152.4921875
-78129.4609375 -80711.4140625 -78707.9140625 -83618.8984375 -80330.5312500 -81488.6875000 -75329.3203125 -79120.4453125 -80201.5312500 -79142.7968750
-92297.8828125 -93800.6093750 -92895.5390625 -95511.7734375 -93596.0468750 -94493.9687500 -90430.7109375 -93048.8984375 -93787.7734375 -93207.8515625
-75173.8281250 -77096.9375000 -76791.7578125 -77666.6171875 -71449.5468750 -73357.6093750 -76790.1015625 -76469.3906250 -73260.8828125 -74684.8515625
-76947.3828125 -78838.9609375 -78450.9140625 -79508.5390625 -74005.9296875 -73907.4921875 -78326.4453125 -77676.5703125 -73972.6171875 -76275.3515625
-75688.6562500 -77040.9062500 -77545.3906250 -80299.0000000 -76370.4375000 -77718.4687500 -77460.2812500 -77405.1640625 -75926.6171875 -72866.1093750
-76647.6171875 -79587.5703125 -77185.6328125 -82095.2500000 -78824.3515625 -80089.5859375 -73857.9140625 -78041.5078125 -78724.3437500 -78216.0546875
-73198.3828125 -68800.1640625 -74987.4296875 -78292.5859375 -75020.1015625 -76083.2031250 -75014.5546875 -74682.8828125 -74408.2265625 -73182.3906250
-76185.3281250 -79471.8671875 -76754.8828125 -82090.0937500 -78553.6171875 -79710.5234375 -73218.7578125 -77700.9531250 -78441.6328125 -77490.6015625
-85748.6953125 -87194.6015625 -87197.2968750 -77404.2031250 -84143.2187500 -85216.6328125 -87148.3671875 -86660.3125000 -84894.1562500 -85574.6328125
-87573.5078125 -89030.4453125 -88857.9453125 -79839.8046875 -86257.8750000 -87263.3906250 -88972.0546875 -88477.2968750 -86839.9062500 -87526.4453125
-88920.0859375 -90612.6640625 -90025.3671875 -90712.8437500 -86547.0390625 -84598.8203125 -90173.6718750 -89792.2734375 -87309.3281250 -88768.9140625
-82940.0234375 -84366.8828125 -84193.2890625 -85085.2421875 -80376.1875000 -78822.1718750 -84196.4843750 -83852.3046875 -80944.8359375 -82799.6484375
-84588.6250000 -86250.5859375 -85873.9218750 -86544.3203125 -81600.6484375 -80201.7656250 -86015.6640625 -85709.4609375 -82427.7812500 -84187.2812500
-82679.2421875 -85594.3437500 -84738.7187500 -87810.9062500 -85020.4609375 -86090.1484375 -84794.3437500 -84705.6093750 -84935.0156250 -84401.4453125
-89246.3593750 -90521.4375000 -90365.5546875 -81690.1953125 -87952.2500000 -88788.5937500 -90754.1250000 -90163.8984375 -88493.7187500 -89410.0078125
-93460.9531250 -94727.9140625 -94705.4687500 -87063.4062500 -92621.4375000 -93360.5468750 -94730.4843750 -94617.7265625 -92870.9296875 -93710.7968750
-87145.0000000 -88621.2187500 -88222.6015625 -88911.8671875 -85215.9296875 -83544.5625000 -88402.4140625 -88323.9843750 -85496.2031250 -87060.4765625
-85411.2187500 -86860.5234375 -86424.0000000 -87472.1093750 -82850.4531250 -81805.3125000 -86433.5859375 -86408.5078125 -83674.2578125 -85255.7656250
-83432.5937500 -86271.7265625 -85292.8046875 -88733.5234375 -85952.8828125 -86983.9843750 -85038.3671875 -85149.6250000 -86093.8906250 -85050.0390625
-87689.8906250 -89132.7343750 -88700.4531250 -89490.6562500 -85422.8437500 -84182.6640625 -88963.7265625 -88682.0078125 -86063.8671875 -87486.6796875
-86444.1562500 -88084.0937500 -87672.3750000 -79539.4062500 -85144.9531250 -85791.2500000 -87905.4843750 -87663.9296875 -85436.8281250 -86792.1093750
-91847.0781250 -93631.7500000 -91774.3984375 -92548.7187500 -88560.1015625 -86374.0937500 -92874.0625000 -91974.5078125 -90590.4140625 -91629.8046875
-82515.4218750 -84188.4765625 -83751.5703125 -84448.5625000 -79509.8828125 -77719.9140625 -83615.4296875 -83239.2187500 -80171.6640625 -82186.8515625
-82573.0937500 -84524.5078125 -84157.4765625 -85145.7109375 -79566.0390625 -80976.2656250 -84190.8906250 -83713.4296875 -81023.0781250 -82677.1171875
-80833.9687500 -83386.2031250 -82755.7812500 -86266.5000000 -83105.7890625 -84068.3437500 -82630.2265625 -82664.6171875 -83125.2578125 -82328.4296875
-88813.1250000 -90424.0156250 -88982.9687500 -82823.0625000 -86363.9218750 -86700.6875000 -90200.3125000 -89222.4140625 -88008.1562500 -88550.4921875
-87784.2578125 -89360.3750000 -89195.6484375 -91247.1171875 -88264.9765625 -89092.0546875 -89280.9921875 -88863.9609375 -88234.2265625 -86374.4531250
-82994.9062500 -84760.0625000 -83992.6640625 -85365.8359375 -80157.7343750 -78386.2500000 -84249.1484375 -83807.5468750 -80784.2578125 -82499.8046875
-81724.9062500 -83696.6796875 -83153.8906250 -83798.4687500 -78403.2421875 -79903.0781250 -83212.2500000 -82511.3046875 -80215.2109375 -81767.6796875
-87349.0156250 -88742.9140625 -88545.3359375 -81342.2500000 -86116.8593750 -86778.5078125 -88726.5625000 -87849.8593750 -86452.8281250 -87062.9296875
-84514.4531250 -85739.2656250 -85251.6875000 -86283.9296875 -81514.6562500 -80688.7031250 -85444.5625000 -85323.2421875 -82579.6171875 -84057.8828125
-81105.1953125 -83077.0312500 -82341.4453125 -83423.6015625 -77918.2109375 -79458.8750000 -82836.8125000 -82101.6718750 -79609.8125000 -80832.9843750
-80104.7109375 -83128.9375000 -81684.5937500 -85439.0390625 -82328.4765625 -83263.2968750 -82068.3671875 -81982.3046875 -82610.3203125 -81730.5234375
-85830.9843750 -87690.1250000 -85983.2421875 -86914.8203125 -82694.0546875 -80669.2578125 -86994.3593750 -86200.6562500 -84243.1640625 -85468.6953125
-90851.9140625 -92177.0312500 -91655.3281250 -92158.9140625 -88634.8515625 -87915.7812500 -91994.2890625 -91441.8750000 -89591.8906250 -90906.0468750
-90338.5937500 -91779.7500000 -91507.5156250 -91742.1171875 -88145.6406250 -87571.9375000 -91700.9218750 -91055.4687500 -88935.0859375 -90569.8515625
-87800.5312500 -89071.5156250 -88853.5468750 -89891.4375000 -86351.8671875 -87304.9140625 -88848.3593750 -88588.7734375 -85478.9218750 -87231.0625000
-87671.2031250 -89043.0234375 -88768.8593750 -89497.0000000 -84859.8671875 -86070.2734375 -88791.8359375 -88489.0000000 -86170.9765625 -87599.8203125
-83542.8125000 -85110.6718750 -84672.4296875 -85518.8984375 -81105.6484375 -79881.6484375 -84993.7812500 -84432.7734375 -81735.3437500 -83360.4609375
-82623.3359375 -84075.8984375 -83990.0000000 -84862.5390625 -79032.8359375 -80863.1640625 -83860.2187500 -83526.4453125 -81116.1640625 -82667.4375000
-83191.1093750 -84657.4687500 -84408.9921875 -76419.9921875 -81717.5156250 -82690.0937500 -84616.1406250 -84134.6640625 -82452.6250000 -83064.8359375
-87897.1250000 -89137.5312500 -88835.9765625 -89638.2031250 -84594.0625000 -85963.0000000 -89318.7656250 -88835.5859375 -86037.1640625 -87746.9296875
-87149.9843750 -88504.6484375 -88263.8125000 -89199.9296875 -83873.2656250 -85098.5078125 -88417.3750000 -87990.9531250 -85175.5156250 -87008.5859375
-90205.2109375 -91552.2578125 -91221.8046875 -91735.4218750 -87837.1640625 -87188.3593750 -91101.3437500 -90927.6640625 -88564.4921875 -89882.6093750
-84092.9296875 -85584.3828125 -84900.1953125 -85757.3515625 -81125.2500000 -79898.9375000 -85180.0078125 -84714.5546875 -81920.5234375 -83665.6171875
-82143.8203125 -84274.1328125 -83625.6328125 -84373.6640625 -78523.1796875 -80329.9296875 -83704.4453125 -83398.7109375 -80653.7968750 -82132.2187500
-83325.9687500 -84558.5625000 -84798.5937500 -77737.0546875 -81867.0781250 -82907.1250000 -84667.2421875 -84086.5468750 -82525.9375000 -83072.7890625
-90823.7109375 -92248.0937500 -91802.9921875 -92939.0468750 -87816.4687500 -88705.6015625 -91940.8125000 -91548.9921875 -89465.8671875 -90736.0625000
-90382.9531250 -91496.1875000 -91299.2968750 -91718.6484375 -87910.5234375 -87141.3359375 -91255.0937500 -90768.5468750 -88614.7343750 -90086.2734375
-85470.0156250 -86945.5859375 -86581.4453125 -87402.6875000 -81909.7812500 -83496.2187500 -86603.6250000 -86057.4218750 -83624.6250000 -85241.9843750
-84925.3906250 -86824.1953125 -86207.7890625 -87008.4375000 -83173.6171875 -83944.0390625 -86346.9687500 -85722.7734375 -83803.0703125 -84941.7968750
-84913.2265625 -86281.3437500 -85924.6796875 -78528.5078125 -83437.0312500 -84390.5468750 -86171.2109375 -85505.1328125 -83891.9453125 -84893.7031250
-83506.5234375 -85258.6328125 -84805.6015625 -85657.9140625 -80265.9375000 -81224.7968750 -84933.4453125 -84449.6718750 -81975.8125000 -83250.9218750
-87150.9218750 -88859.3359375 -88365.6328125 -89170.8593750 -84243.6640625 -85253.7187500 -88499.5390625 -88190.0468750 -85876.4453125 -86993.0000000
-85509.1015625 -86906.8125000 -86880.3281250 -86981.4296875 -82325.9140625 -83906.8593750 -86489.0546875 -86312.2734375 -83937.7187500 -84962.6718750
-80049.2968750 -82261.7890625 -81796.3828125 -82424.9531250 -76712.4921875 -78252.8984375 -81748.8203125 -80946.8828125 -78380.4843750 -80298.6953125
-80337.6484375 -82308.8281250 -81986.1093750 -82492.9921875 -75993.0546875 -78025.4843750 -81754.4062500 -81469.7343750 -78243.9843750 -80356.4921875
-81650.5078125 -83205.7421875 -83298.1796875 -74521.9921875 -80268.4609375 -81661.2109375 -83679.8046875 -83087.0078125 -80850.9375000 -81790.6406250
-80486.6328125 -81984.8437500 -81882.9843750 -73489.4296875 -78916.7187500 -80240.2109375 -81961.6250000 -81780.5703125 -79405.7968750 -80362.3984375
-88684.4218750 -90338.3281250 -89674.3281250 -90626.4609375 -86081.5625000 -86225.5468750 -89911.5625000 -89551.2890625 -87501.6718750 -88547.2109375
-84192.7578125 -85687.3359375 -85428.9765625 -86463.5000000 -80691.5390625 -82782.8125000 -85476.6562500 -84938.8750000 -82681.9531250 -84042.0937500
-83079.3828125 -85120.7109375 -84248.9843750 -84861.3281250 -79565.3515625 -78737.2265625 -84336.9218750 -84017.2031250 -81210.8593750 -82977.7578125
-78380.5781250 -80330.3125000 -79718.0703125 -80568.1406250 -74343.2031250 -76442.7578125 -79726.9453125 -79457.4296875 -76466.2031250 -77955.0625000
-82361.4453125 -84186.6015625 -84321.6875000 -76418.0625000 -80985.2265625 -82194.8828125 -84006.7656250 -83689.9765625 -81699.2656250 -82367.1250000
-85097.2265625 -86623.6640625 -86581.6171875 -87383.1953125 -81653.7031250 -83553.3671875 -86069.6171875 -85957.1406250 -83700.6328125 -84856.5000000
-85464.9453125 -86837.8203125 -86701.3984375 -79654.7500000 -84142.0703125 -85329.5000000 -86811.9375000 -86346.4296875 -84533.3906250 -85303.3984375
-86737.9609375 -88167.5468750 -87543.1015625 -88268.4921875 -84671.9765625 -85180.7656250 -87925.7890625 -87228.3984375 -84353.3593750 -86367.3437500
-87404.9609375 -88851.5078125 -88456.7890625 -88901.3437500 -84414.8906250 -85967.5625000 -88433.2109375 -88013.7421875 -86037.2109375 -87303.4218750
-84758.2578125 -86467.5234375 -86109.1171875 -86797.4062500 -81898.6953125 -80954.1953125 -86176.8515625 -85627.2343750 -82810.1015625 -84590.1484375
-83707.5703125 -85638.3984375 -83557.0937500 -83463.9843750 -79606.1875000 -77138.0859375 -84944.8203125 -83769.3515625 -81748.3203125 -83020.7500000
-84514.3593750 -85984.6718750 -85778.0000000 -78499.3515625 -83252.0156250 -84373.9218750 -85972.9531250 -85387.8828125 -83721.3750000 -84388.6875000
-84100.9375000 -85844.1484375 -85067.3593750 -85442.3437500 -81019.7890625 -79278.4687500 -85710.7812500 -84566.3750000 -82408.7265625 -84010.4609375
-87732.4921875 -89540.0937500 -87267.6093750 -88198.8281250 -83729.1250000 -81892.6406250 -88882.1015625 -87825.7812500 -86015.9375000 -87479.8984375
-82342.4531250 -83879.8046875 -83596.8281250 -85048.0390625 -79799.6953125 -78664.0546875 -83652.7421875 -83176.4609375 -80451.9687500 -82031.2500000
