-83121.1796875 -84783.8515625 -84581.8125000 -85651.8593750 -81616.7890625 -82289.4140625 -84823.6953125 -84473.2578125 -80209.2812500 -83023.8515625
-82679.0625000 -83882.8515625 -84111.9062500 -85310.5156250 -81038.8671875 -82001.6796875 -84068.8593750 -83569.6250000 -79897.3281250 -82300.4062500
-82776.1093750 -84291.9218750 -84020.1171875 -86439.9687500 -83095.5703125 -84159.3281250 -84288.9843750 -84226.6093750 -83001.5468750 -80898.8593750
-77875.7968750 -80022.2734375 -79917.9843750 -83395.8828125 -80270.4921875 -81479.1015625 -79897.0546875 -80209.6093750 -79889.7343750 -78871.5468750
-79051.6875000 -81099.3203125 -81030.5234375 -81810.2421875 -77216.2031250 -78055.5937500 -80689.0859375 -80347.8671875 -77260.7109375 -79174.9296875
-84720.5781250 -86243.8593750 -85948.2265625 -86863.3671875 -82199.2265625 -81062.9843750 -86248.1562500 -85708.5781250 -82749.4296875 -84500.5468750
-77075.7187500 -78473.6093750 -78998.3984375 -81646.4453125 -77764.2031250 -79127.9296875 -78893.2500000 -78636.7578125 -77637.8359375 -75288.9609375
-82297.2578125 -83974.5000000 -83984.5625000 -84828.4765625 -80600.1093750 -81649.9453125 -83891.6796875 -83643.8046875 -79580.4765625 -82139.3359375
-80940.5000000 -82501.4062500 -82016.3281250 -84496.8828125 -81228.6562500 -82158.9609375 -82456.9296875 -82275.8281250 -81489.9531250 -78663.4296875
-88337.1015625 -84393.8281250 -89851.4375000 -91615.4453125 -89385.2812500 -90282.0156250 -89478.9375000 -89599.6328125 -89198.2187500 -88177.2656250
-79762.6406250 -81535.9687500 -81326.8906250 -82441.7890625 -78072.9843750 -79111.3125000 -81439.6406250 -80915.3593750 -77232.1953125 -79474.2656250
-77908.7343750 -74232.4140625 -79738.5156250 -82476.3203125 -79439.1562500 -80528.4531250 -79975.1250000 -79642.1484375 -79017.3203125 -77994.6328125
-79409.7656250 -80885.2734375 -81431.4609375 -85170.5078125 -81593.6718750 -82883.3671875 -81320.4687500 -81508.8593750 -81638.1953125 -80217.8593750
-81847.3203125 -83080.9531250 -82619.3125000 -84963.4218750 -81876.7109375 -82614.0234375 -83328.8828125 -83007.1093750 -82567.1562500 -79806.1718750
-80190.7187500 -76942.0234375 -82250.5468750 -84765.0156250 -81577.7968750 -82579.0312500 -81951.4218750 -82000.1484375 -81411.1171875 -80515.3281250
-78836.9687500 -74588.8750000 -80892.4453125 -82994.3828125 -80017.7265625 -80971.6406250 -80425.2343750 -80503.2656250 -79523.7890625 -78744.9531250
-81423.4843750 -83060.5781250 -82766.3359375 -83773.6875000 -79945.6328125 -80758.1875000 -83079.3281250 -82399.2109375 -78609.4921875 -81072.0234375
-77615.5781250 -73947.5468750 -79882.2109375 -82540.0468750 -79163.7343750 -80543.1484375 -79460.5859375 -79524.7812500 -78930.5468750 -78051.7109375
-83501.7890625 -79845.1015625 -85306.1718750 -87905.9531250 -85034.6796875 -86151.3281250 -85143.8906250 -85362.0937500 -84925.0078125 -83989.6328125
-84791.0859375 -85858.4296875 -86056.4765625 -88375.3437500 -85501.3515625 -86394.4609375 -86210.3515625 -86277.0546875 -84826.5937500 -82834.1171875
-87192.6406250 -88535.7890625 -88535.8750000 -90668.4140625 -88121.8359375 -89081.1640625 -88912.7656250 -88713.7031250 -87724.0390625 -86118.7656250
-85232.3750000 -86793.5703125 -86426.8359375 -87096.9765625 -83763.7890625 -84882.6796875 -86242.2109375 -86074.9140625 -83867.1796875 -85117.6875000
-85982.6718750 -87604.8828125 -87328.4375000 -89388.6093750 -86255.4453125 -86961.7812500 -87773.0703125 -87000.2734375 -86392.0937500 -84454.9140625
-84277.6953125 -85777.8046875 -86004.5312500 -88033.4687500 -84924.1875000 -85948.8593750 -85832.6406250 -85629.2109375 -84417.6796875 -82630.3359375
-82623.1875000 -84266.8828125 -83998.3515625 -85509.9531250 -81187.0156250 -82125.8828125 -84077.1484375 -83854.0156250 -80230.3125000 -82564.0468750
-85117.3125000 -86652.7031250 -86714.0781250 -88098.6015625 -85583.7109375 -86367.8515625 -86701.0546875 -86635.4921875 -85941.1953125 -83638.8125000
-81013.5937500 -79758.1718750 -82924.0546875 -84970.7187500 -82034.0468750 -83030.5312500 -82675.4218750 -82637.2265625 -81678.4921875 -80503.1875000
-85601.3125000 -87022.5000000 -87057.6953125 -89381.5468750 -86165.1093750 -87344.6796875 -86804.8125000 -86862.8671875 -86085.1640625 -84900.9296875
-83590.2343750 -84922.0234375 -85003.1406250 -86001.4843750 -82270.8125000 -83352.4531250 -85198.7265625 -84851.1875000 -80528.6953125 -83135.5000000
-82859.8671875 -84431.8046875 -84078.6953125 -85431.2421875 -81264.7109375 -82241.1328125 -84332.4218750 -83793.6406250 -80261.3828125 -82661.5312500
-81146.8750000 -83235.8750000 -82692.0937500 -85005.5000000 -81839.8828125 -83011.6953125 -82831.9765625 -82879.4921875 -81801.9921875 -80952.9921875
-88505.0000000 -91146.2421875 -88672.2343750 -92913.5859375 -90328.9062500 -91276.5703125 -89430.9687500 -89118.9140625 -90518.8281250 -89972.0312500
-80885.8828125 -83679.4453125 -80716.9218750 -86116.7031250 -83015.0703125 -84070.2812500 -81984.6796875 -81802.2656250 -82938.2734375 -82288.3281250
-89207.9218750 -91587.0156250 -89116.5234375 -93514.3281250 -90678.0859375 -91657.5390625 -89864.1484375 -89505.7421875 -90632.3046875 -90253.4921875
-83368.9296875 -86282.1171875 -83775.3515625 -88420.2812500 -85092.6718750 -86066.5859375 -82991.5000000 -84104.9062500 -84979.2109375 -84525.6406250
-79558.9375000 -82637.2578125 -79537.0703125 -84915.0156250 -81819.4687500 -82934.5703125 -80558.1015625 -80496.0703125 -81669.2812500 -81211.0468750
-83174.0468750 -85896.8359375 -83130.8828125 -88219.0546875 -85421.0625000 -86146.9921875 -84420.7968750 -83650.5703125 -85238.6093750 -84744.4609375
-83735.6484375 -86420.1875000 -82552.5078125 -88382.1953125 -85684.0546875 -86068.7265625 -84245.6484375 -84372.1015625 -85567.0312500 -84883.2890625
-80621.3437500 -83433.8828125 -80499.1718750 -85839.7421875 -82851.1562500 -83754.2890625 -81586.6562500 -81606.8281250 -82735.8359375 -82014.6640625
-83009.0703125 -85917.3828125 -82014.6093750 -88317.9843750 -85211.7734375 -86046.6406250 -83758.1406250 -84063.8046875 -85044.7734375 -84526.1406250
-84560.6171875 -86977.4687500 -84439.9062500 -89282.0390625 -86286.6015625 -87150.5703125 -85580.8437500 -85046.7890625 -86434.7421875 -85969.6718750
-81821.6406250 -84826.8515625 -81742.2421875 -86418.1562500 -83580.2968750 -84292.6875000 -82932.8281250 -82552.5546875 -83785.5859375 -82891.8046875
-78947.5390625 -82489.0468750 -78746.5859375 -84184.5781250 -81141.5078125 -81920.6875000 -80615.8828125 -79982.6953125 -81344.6718750 -80835.0859375
-80418.0468750 -83514.4218750 -80550.5625000 -85567.8046875 -82375.8437500 -83087.5078125 -81484.7343750 -81271.8593750 -82407.1640625 -81945.1250000
-81527.7343750 -84267.6796875 -83691.5781250 -87301.2812500 -83890.4609375 -85113.1093750 -83565.6718750 -83473.4843750 -83853.4609375 -83061.5312500
-80287.4218750 -82995.7656250 -79071.1171875 -85468.2812500 -82426.4921875 -83496.6953125 -80654.0156250 -81219.0859375 -82410.6796875 -81630.7812500
-77800.1640625 -81191.3203125 -76762.7265625 -81984.3359375 -79102.0703125 -79383.0234375 -78543.5937500 -77728.0234375 -79985.6328125 -78939.3750000
-80626.2265625 -83669.2031250 -80202.1484375 -85707.0234375 -82530.2968750 -83239.0468750 -81804.4765625 -80970.0468750 -82923.9531250 -82189.0625000
-83679.5546875 -86251.4375000 -83778.8750000 -88424.1640625 -85636.1250000 -86543.2812500 -84742.0156250 -84667.7890625 -85682.7812500 -85207.3671875
-79813.0468750 -82537.6796875 -79496.0390625 -85174.2890625 -82017.0781250 -82995.1796875 -80596.8906250 -80447.3750000 -81601.1406250 -81268.9765625
-77432.7734375 -80850.9687500 -76544.6484375 -82225.2187500 -79099.9531250 -79635.6796875 -78485.3046875 -77795.5937500 -79581.0156250 -79148.3984375
-75052.9453125 -78702.5859375 -74804.0937500 -80302.6250000 -76989.5234375 -77992.0156250 -76181.5234375 -75513.9609375 -77260.1406250 -76725.2187500
-79514.8125000 -75240.5703125 -81477.0625000 -83905.8125000 -80957.2031250 -82072.9062500 -81187.0859375 -81361.2500000 -80801.7500000 -79484.5156250
-85812.2343750 -87113.1953125 -87019.9296875 -88081.2656250 -84285.9453125 -85086.0078125 -87049.3046875 -86896.8671875 -83446.8750000 -85439.7109375
-89641.6562500 -91425.1875000 -89683.6484375 -93072.4296875 -90481.4375000 -91590.6015625 -89163.1171875 -90025.1953125 -90752.2109375 -90303.7109375
-82916.3515625 -84501.7968750 -84487.2578125 -86962.8203125 -83453.7421875 -84360.6171875 -84170.3828125 -84234.5312500 -83415.1406250 -82564.0703125
-84223.1484375 -80450.8125000 -85720.5156250 -88015.4843750 -85310.1406250 -86367.7734375 -85533.8281250 -85587.3515625 -85354.2500000 -84565.6562500
-85793.8359375 -87223.4531250 -87265.6250000 -88797.3437500 -84947.9921875 -85730.3437500 -87222.5781250 -86825.0546875 -84264.7968750 -85427.6015625
-89605.2578125 -90820.0312500 -90960.0546875 -93133.0703125 -90186.7109375 -91166.5312500 -91002.9375000 -90739.3281250 -89880.2968750 -88436.3203125
-82813.1562500 -85136.4453125 -83152.8203125 -83766.5390625 -78375.9687500 -79608.9140625 -84353.7421875 -83354.5625000 -81123.3828125 -82490.6640625
-83857.6562500 -79958.4531250 -85805.9531250 -87838.3359375 -85453.3671875 -86465.9687500 -85172.6406250 -85696.8593750 -85017.5234375 -84021.4218750
-86882.0156250 -88318.0312500 -87896.8828125 -88986.8437500 -85342.5937500 -86123.0312500 -88043.8984375 -87757.2578125 -83907.3515625 -86460.7031250
-81557.9687500 -83327.0859375 -83374.6796875 -85545.5078125 -81796.7187500 -83103.1562500 -83044.0625000 -83316.6875000 -82082.7265625 -81211.9531250
-86601.1406250 -88792.9062500 -87175.2421875 -90534.9843750 -88043.9921875 -88882.2968750 -86425.1171875 -87394.6015625 -88173.2656250 -87673.3906250
-87346.9453125 -89692.0234375 -86196.8046875 -91546.8750000 -89201.5312500 -89997.9531250 -87697.2734375 -88263.2187500 -89145.6953125 -88672.0703125
-82811.8828125 -84034.4375000 -84697.1953125 -87415.0078125 -84298.5546875 -85444.0312500 -84221.5312500 -84522.4296875 -84336.0312500 -83530.5390625
-86238.2343750 -87507.9375000 -87470.5078125 -88704.6093750 -84955.4687500 -85728.6875000 -87592.5625000 -87276.4765625 -84029.5156250 -86183.2343750
-86275.1015625 -88214.8203125 -87109.2265625 -90404.2265625 -87985.9296875 -88890.3828125 -86182.0703125 -87151.4687500 -87819.3437500 -87385.8046875
-81381.9609375 -78868.7656250 -82805.7500000 -85751.9531250 -82959.4375000 -83814.1875000 -82991.2187500 -83117.0625000 -82650.1406250 -81703.4687500
-85116.6484375 -87317.2578125 -85594.1953125 -89429.6875000 -86694.1093750 -87706.0000000 -84998.6093750 -86073.1562500 -86548.0625000 -86074.3906250
-86923.2109375 -89023.9296875 -87560.4375000 -91388.9218750 -88342.4218750 -89014.5078125 -87130.4375000 -87786.1718750 -88315.9765625 -87930.6875000
-84883.7812500 -86748.7343750 -85284.8437500 -88866.2109375 -86152.3828125 -87241.3437500 -84647.6015625 -85910.5156250 -86205.2421875 -85770.3125000
-82277.9531250 -83342.2578125 -83636.0078125 -84503.9609375 -80407.5000000 -81243.9453125 -83628.3203125 -83416.9218750 -79464.4531250 -81686.8828125
-84684.0390625 -86435.6015625 -86271.2812500 -87205.3203125 -82661.2421875 -83693.0000000 -86090.9531250 -85818.6953125 -81829.1406250 -84231.4218750
-77325.1562500 -80687.4453125 -78303.9687500 -82796.8515625 -79301.6484375 -80769.4609375 -77601.9921875 -78490.9453125 -79276.0078125 -78810.8046875
-83386.1875000 -85054.6250000 -85038.3593750 -85739.9296875 -81625.2265625 -82454.0312500 -84983.6250000 -84578.5312500 -80799.1406250 -83172.4843750
-80036.8203125 -82968.0546875 -80815.7734375 -84926.6796875 -82094.8515625 -83200.9218750 -80218.4921875 -81182.8593750 -81890.4296875 -81714.9843750
-79820.9843750 -81788.8906250 -81513.9531250 -83783.9531250 -80270.5000000 -81416.1562500 -81402.2421875 -81290.9140625 -80433.9921875 -79091.9531250
-77415.4921875 -79581.9218750 -78249.0781250 -82587.5000000 -79077.2109375 -80447.7421875 -76886.8750000 -78422.3359375 -79032.3437500 -78521.4062500
-74914.4609375 -78246.8203125 -75964.9453125 -80644.4921875 -77102.0000000 -78200.8906250 -72310.7734375 -76009.7734375 -77027.2968750 -76568.5781250
-88096.9609375 -90483.8906250 -88569.7890625 -92031.3125000 -89897.0156250 -90595.1093750 -85844.1328125 -88882.1796875 -89918.5859375 -89383.5078125
-77455.7578125 -80081.3515625 -78079.3203125 -83046.0234375 -79262.5937500 -80772.9296875 -77288.8359375 -78789.6953125 -79486.3125000 -78799.1875000
-89110.8671875 -91572.6640625 -89600.2890625 -93310.6718750 -90983.3203125 -91844.8125000 -86724.3359375 -89888.7265625 -90689.0234375 -90247.1250000
-80866.9375000 -83816.1093750 -81609.8984375 -85950.3515625 -82831.1015625 -83931.8671875 -78552.3125000 -82045.8437500 -82780.3671875 -82022.2031250
-86804.8828125 -88280.8906250 -88120.6562500 -89136.8515625 -85490.0390625 -86269.3046875 -88342.6171875 -87937.1250000 -84380.0390625 -86965.3984375
-85551.1406250 -87340.8984375 -86912.1718750 -87711.0546875 -83187.7031250 -81852.3906250 -86958.7500000 -86786.1718750 -83946.8203125 -85760.5000000
-90024.1640625 -91566.0468750 -91757.7500000 -94018.7890625 -91448.5859375 -92189.6796875 -91441.5703125 -91599.2968750 -91434.2890625 -90508.6171875
-90639.1093750 -92634.8125000 -91178.3515625 -91543.5546875 -88405.7890625 -88662.9453125 -91812.7968750 -90832.9531250 -89575.6328125 -90341.4765625
-83905.0078125 -86679.1328125 -85466.0000000 -88906.3750000 -85869.8593750 -86720.6484375 -85704.7109375 -85358.1875000 -86040.6093750 -85345.6406250
-87191.4218750 -88861.9687500 -88566.2734375 -90530.3515625 -87557.4531250 -88315.0703125 -88353.3906250 -88217.6796875 -87713.1640625 -86591.3203125
-91048.8750000 -92659.1562500 -91431.3984375 -92033.0390625 -87585.0234375 -88507.5546875 -92049.4609375 -91299.2656250 -89981.7890625 -90659.1562500
-84749.7343750 -86906.1640625 -86472.8593750 -88593.4765625 -85529.4531250 -86499.0156250 -86393.2265625 -86463.7187500 -85422.5156250 -84686.8046875
-83009.8046875 -84571.3906250 -84097.1875000 -84407.4296875 -80621.7890625 -81810.1484375 -84127.7968750 -83917.9296875 -81172.2968750 -82449.0156250
-84514.5546875 -85970.2500000 -85635.5078125 -86467.8671875 -81708.0000000 -80307.4218750 -85608.3281250 -85334.5937500 -82501.9531250 -84248.7578125
-85768.6875000 -86925.8203125 -86942.8984375 -89032.2656250 -86006.3593750 -86938.8125000 -86889.4531250 -86817.9296875 -86070.9296875 -84330.5781250
-83858.7187500 -85742.4765625 -84966.4218750 -86187.3671875 -81053.7109375 -79945.8515625 -85481.0390625 -84780.5234375 -82458.9140625 -83936.6484375
-84751.1015625 -86109.1328125 -86422.8437500 -88210.9921875 -85276.2343750 -86571.5546875 -86476.9218750 -86321.9140625 -85217.3515625 -82933.4140625
-77579.0937500 -79242.8828125 -79211.4375000 -79369.0546875 -75279.1796875 -76845.3593750 -78905.7578125 -79099.6562500 -76059.2734375 -77326.0312500
-84783.1015625 -86384.0390625 -85685.6484375 -86739.4296875 -82006.3750000 -82365.7265625 -86064.0468750 -85441.4218750 -82951.1250000 -84612.5156250
-87340.8671875 -88716.8750000 -88278.4062500 -89096.1953125 -84732.6250000 -85247.6640625 -88395.6640625 -88031.6640625 -85575.4453125 -87183.9531250
-81688.3437500 -83378.3515625 -83059.2187500 -85671.1796875 -82068.1953125 -83382.0703125 -83061.2343750 -82930.2421875 -82298.6406250 -81305.9296875
-82771.9843750 -84784.5312500 -83886.4765625 -84563.4218750 -78519.8593750 -78958.7265625 -84282.1484375 -83872.0390625 -80690.1875000 -82321.2890625
-85271.8750000 -87693.6093750 -85381.5312500 -85883.3515625 -81839.7656250 -81879.0390625 -86867.4296875 -85281.0781250 -83622.0078125 -84782.4921875
-80097.1250000 -81725.4375000 -81479.6406250 -81761.0078125 -77891.3906250 -79481.7343750 -81548.1093750 -81233.0078125 -78420.0156250 -79858.5859375
-87653.8671875 -89349.1406250 -88572.0703125 -89602.6171875 -85075.8359375 -86459.8671875 -89044.2500000 -88507.7500000 -85498.7265625 -87423.3593750
-86912.7656250 -88176.4843750 -88604.3281250 -90395.5625000 -87460.6562500 -88263.1562500 -88381.4140625 -88088.4687500 -87274.1718750 -84840.5390625
-85106.0078125 -86685.7578125 -86280.5312500 -85832.8750000 -83294.2890625 -84490.2187500 -86409.0937500 -86184.6328125 -83571.1484375 -84646.1484375
-79922.5937500 -82296.7031250 -81795.3437500 -84101.5703125 -80627.6718750 -81944.1484375 -81490.8750000 -81565.1640625 -80646.0937500 -79763.8359375
