0.5982611
0.6780856
0.5765424
0.5791983
0.5289907
0.5472708
0.5487384
0.6274267
0.5783535
0.5615456
0.6618366
0.5919753
0.5908372
0.6682559
0.5091665
0.4894313
0.5618390
0.5709259
0.5417458
0.5794036
0.4889641
0.5681401
0.6271246
0.5952838
0.5707321
0.6293551
0.6392136
0.4531409
0.6069371
0.5635517
0.5966008
0.6841742
0.6059288
0.5799088
0.6133798
0.6486334
0.6013395
0.5648285
0.6067739
0.5597212
0.5263719
0.4071355
0.6109041
0.6308227
0.6198143
0.4916331
0.5982549
0.6062773
0.5500614
0.6096916
0.5623238
0.6223322
0.6374347
0.5524435
0.6120377
0.5846553
0.5945518
0.5600718
0.6139805
0.5899928
0.5061370
0.5976337
0.5209129
0.6196820
0.6938836
0.5469548
0.5471603
0.5620008
0.6232896
0.6432058
0.6350728
0.5964649
0.6648650
0.6021024
0.5443088
0.5730995
0.6387261
0.6526340
0.6080384
0.5551789
0.5574434
0.5780041
0.5887003
0.5836292
0.6975018
0.6110040
0.5664204
0.5341847
0.6039768
0.6117304
0.5945824
0.6011298
0.6000704
0.6509582
0.6614604
0.6271250
0.5601189
0.5535296
0.5298838
0.5339121
0.5599176
0.6085280
0.5808182
0.4687001
0.5163324
0.4355120
0.5289075
0.5224096
0.4927539
0.5515890
0.5387297
0.4636789
0.6203490
0.5561109
0.4969080
0.5195032
0.5899453
0.5649855
0.6180522
0.5794174
0.6662146
0.6401419
0.5262203
0.5327028
0.5753556
0.5932011
0.5691531
0.5871972
0.5981497
0.5183208
0.5714919
0.5893518
0.5864134
0.5953178
0.6081681
0.4750840
0.5025156
0.5005230
0.4517963
0.4766762
0.5767817
0.5445810
0.6505012
0.5066360
0.4979947
0.5773104
0.6260447
0.5043578
0.5888428
0.5268676
0.4898592
0.4566026
0.5129988
0.5957686
0.6022423
0.6211311
0.5729017
0.5466069
0.6144684
0.5249555
0.6019050
0.5938174
0.6446831
0.6123098
0.8205089
0.5913379
0.5772875
0.5470547
0.5547033
0.4987222
0.6083544
0.6492427
0.5975409
0.7415235
0.6589780
0.5618712
0.5227466
0.5684039
0.5445101
0.5932652
0.5953894
0.6254396
0.5234505
0.5771637
0.6327939
0.5839283
0.5503076
0.6634399
0.6159641
0.7357154
0.5827988
0.7767512
0.5939941
0.5466318
0.5219832
0.4990175
0.5408726
0.5133937
0.5008305
0.4817936
0.5195013
0.4759948
0.4273387
0.7118455
0.5548269
0.5134153
0.4153524
0.6790838
0.5794842
0.4913653
0.5641505
0.5224978
0.5374500
0.5320744
0.5288227
0.5649894
0.5394720
0.5288418
0.4972921
0.4615575
0.5216638
0.4877417
0.5284973
0.4429139
0.4554802
0.5678969
0.5964397
0.5201701
0.4967143
0.5314392
0.4507155
0.4553145
0.5319150
0.4243670
0.5200573
0.4862804
0.4154681
0.4415467
0.7062011
0.5501465
0.5571090
0.5172917
0.6167471
0.6216926
0.4788951
0.5210384
0.5805987
0.5619416
0.5531201
0.5714409
0.6671985
0.5844877
0.4745067
0.6002189
0.5577936
0.6214240
0.6081846
0.5608063
0.5839997
0.4494993
0.6616758
0.6680617
0.7092611
0.6742595
0.6498585
0.5383250
0.6293383
0.7523683
0.6709604
0.5009051
0.6266008
0.6259784
0.4030662
0.3779975
0.5367326
0.5244640
0.5696172
0.5706537
0.5745695
0.5545691
0.3817500
0.3301205
0.4697247
0.4969483
0.5072382
0.4471622
0.4496036
0.4685525
0.4452477
0.5219027
0.5352162
0.5589464
0.4360989
0.4901245
0.5420492
0.4975192
0.5527483
0.5187297
0.3896773
0.5138900
0.5156590
0.4924205
0.5704914
0.5924999
0.4909151
0.4710398
0.4669708
0.5282011
0.4399426
0.5383678
0.5467901
0.4259823
0.4691558
0.4755596
0.5771956
0.4091858
0.5438453
0.5561179
0.6320711
0.4460030
0.4653939
0.4434600
0.5166219
0.5189108
0.5505084
0.4225386
0.5252678
0.4871146
0.5455086
0.4873064
0.5561265
0.6450226
0.4496149
0.4460954
0.5605257
0.4911329
0.5507168
0.5011422
0.6103008
0.5978441
0.4396752
0.7054977
0.5082279
0.4798746
0.6263193
0.4835224
0.6429888
0.7886947
0.3772003
0.6298226
0.5130319
0.5399308
0.4934060
0.4489395
0.5428882
0.6182361
0.5791407
0.3803350
0.5439110
0.5672550
0.5374711
0.6655542
