-75894696.105707
-75894696.105707
-75894696.105707
-75894696.105706
-75894696.105707
-75894696.105706
-75894696.105707
-75894696.105707
-75894696.105706
-75894696.105707
-75894696.105707
-75894696.105707
-75894696.105706
-75894696.105707
-75894696.105706
-75894696.105707
-75894696.105707
-75894696.105707
-75894696.105707
-75894696.105707
-75894696.105707
-75894696.105706
-75894696.105706
-75894696.105706
-75894696.105706
-75894696.105706
-75894696.105707
-75894696.105707
-75894696.105707
-75894696.105707
-75894696.105707
-75894696.105707
-75894696.105707
-75894696.105707
-75894696.105707
-75894696.105706
-75894696.105707
-75894696.105706
-75894696.105707
-75894696.105707
-75894696.105707
-75894696.105707
-75894696.105706
-75894696.105706
-75894696.105707
-75894696.105706
-75894696.105707
-75894696.105706
-75894696.105707
-75894696.105707
-75008765.098975
-75008765.067479
-75008765.121047
-75008765.114782
-75008764.970223
-75008765.083471
-75008765.064501
-75008764.920542
-75008765.026365
-75008765.063663
-75008764.733855
-75008765.128173
-75008764.996350
-75008764.999640
-75008764.889908
-75008765.093639
-75008765.021850
-75008764.875755
-75008765.024521
-75008765.123308
-75008764.881469
-75008765.119334
-75008765.121520
-75008765.056872
-75008765.070681
-75008765.115239
-75008765.128455
-75008765.048559
-75008765.072458
-75008765.142801
-75008765.149823
-75008765.124109
-75008764.966401
-75008765.125576
-75008765.124719
-75008765.038506
-75008764.967847
-75008765.061417
-75008764.748563
-75008765.119555
-75008765.117436
-75008765.032455
-75008765.022386
-75008765.069268
-75008764.991371
-75008764.902328
-75008765.055122
-75008765.123633
-75008765.096078
-75008765.061580
-74720939.142182
-74720939.307175
-74720939.648371
-74720940.673456
-74720939.804961
-74720939.488843
-74720939.512380
-74720939.246036
-74720939.180624
-74720939.321484
-74720938.953842
-74720939.773486
-74720939.260517
-74720939.320545
-74720939.385687
-74720939.400416
-74720940.589409
-74720939.365599
-74720939.023119
-74720939.363520
-74720939.542927
-74720939.106147
-74720939.447580
-74720939.382227
-74720939.198506
-74720939.469637
-74720939.313002
-74720939.353282
-74720939.065131
-74720939.074391
-74720939.340634
-74720939.331919
-74720940.340669
-74720939.285527
-74720939.179772
-74720940.563263
-74720939.160891
-74720938.879909
-74720939.432382
-74720939.424273
-74720939.360091
-74720939.248618
-74720939.418392
-74720939.430718
-74720939.181467
-74720940.486989
-74720939.119576
-74720939.421581
-74720939.353753
-74720939.417724
-74467572.038278
-74467571.061090
-74467573.284567
-74467572.553739
-74467572.155206
-74467572.259764
-74467574.381502
-74467573.059426
-74467574.291358
-74467572.248576
-74467649.503811
-74467596.365445
-74467572.403748
-74467571.869465
-74467582.301023
-74467573.705446
-74467578.407127
-74467572.265098
-74467574.097009
-74467573.582323
-74467571.830771
-74467574.285493
-74467571.606895
-74467572.262124
-74467571.414610
-74467570.939437
-74467572.033104
-74467574.404092
-74467578.975902
-74467572.288572
-74467572.539097
-74467573.840964
-74467574.323817
-74467571.530782
-74467571.759769
-74467572.177827
-74467595.655981
-74467572.132689
-74467572.012151
-74467570.984852
-74467593.706365
-74467571.546006
-74467571.728116
-74467574.479937
-74467572.441241
-74467571.791507
-74467573.748523
-74467571.875207
-74467572.353218
-74467573.380647
-74271334.057733
-74253802.304567
-74253785.710081
-74253801.015754
-74253784.329614
-74253785.383759
-74253785.461160
-74271351.509484
-74253803.839060
-74253801.517653
-74253802.654881
-74253801.565893
-74253802.205119
-74253785.897894
-74253838.943052
-74253787.648927
-74253802.234139
-74253786.398036
-74253801.795145
-74253802.434500
-74254102.835472
-74253786.448894
-74324891.808859
-74253802.622887
-74253800.518728
-74253787.121873
-74324335.279228
-74253786.629058
-74253801.004560
-74253786.825983
-74253786.181572
-74253800.790023
-74253787.404578
-74253801.399845
-74253785.543015
-74253786.530992
-74253786.214335
-74253786.954556
-74253784.655237
-74271332.631120
-74253803.281043
-74254094.869205
-74253789.804903
-74253800.820957
-74253802.277876
-74253800.289387
-74253786.240311
-74253802.636501
-74253802.785179
-74253810.508475
-74057563.352124
-74057562.907185
-74057561.835733
-74057602.810375
-74112377.964526
-74100683.609907
-74110904.469300
-74115806.173343
-74120919.087719
-74057562.311535
-74057562.791025
-74109530.610587
-74121013.753432
-74101020.084762
-74114090.920484
-74114133.609342
-74057581.520557
-74114330.902681
-74057581.540786
-74057581.007502
-74112479.215705
-74057581.337098
-74112379.013860
-74100988.763937
-74057580.977600
-74057580.544971
-74057581.053616
-74057563.216303
-74057581.295109
-74057581.654549
-74091737.481131
-74100737.045471
-74101533.619868
-74121983.645595
-74057582.089370
-74111964.989129
-74101307.546818
-74105956.486659
-74092030.138829
-74109713.595514
-74112029.970807
-74057563.147921
-74104752.358474
-74104744.023384
-74110777.830426
-74094617.362365
-74057567.356404
-74057581.466099
-74057563.580475
-74120789.145804
-73983917.791486
-73980599.433553
-73909671.914638
-73924169.686614
-73913840.543130
-73914199.083062
-73964648.369546
-73951306.167779
-73960713.055903
-73949642.627459
-73897163.200600
-73996625.207419
-73897057.843706
-73914188.099843
-73916279.126128
-73915479.820173
-73905812.597167
-73925730.686368
-73916648.242046
-73974590.393751
-73908369.017968
-73956349.598484
-73983084.407913
-73913523.828372
-73967668.396866
-73962432.942644
-73960674.726726
-73962852.062766
-73964093.795854
-73952310.233978
-73975127.570082
-73925812.355503
-73971521.210472
-73924352.699329
-73896751.566681
-73915797.501355
-73949358.551869
-73906553.781584
-73980502.291297
-73995481.780595
-73905343.036382
-73913343.490222
-73960264.523917
-73906048.818116
-73953912.657294
-73909079.874603
-73927060.868164
-73906572.766043
-73922462.709050
-73907777.482453
-73827353.648369
-73745424.534607
-73802288.393299
-73765806.690293
-73762097.899405
-73787344.072906
-73852202.026989
-73772360.318124
-73754900.257684
-73759089.785641
-73819422.651378
-73767005.562015
-73765958.027175
-73798806.353935
-73753628.113550
-73764485.709127
-73755123.617128
-73787529.263049
-73754550.113253
-73766594.436215
-73760358.005594
-73747247.945019
-73771853.303164
-73753663.001867
-73763590.470941
-73753585.727602
-73813240.081491
-73826349.397547
-73774230.860273
-73761762.307145
-73763034.864390
-73763352.374958
-73762402.147599
-73752951.706949
-73821282.032680
-73802797.244213
-73812739.377594
-73836963.600273
-73834864.146904
-73786124.780582
-73833703.087275
-73774603.141537
-73762943.310441
-73804866.699838
-73765739.888504
-73766808.738290
-73820172.285829
-73786736.454357
-73780200.284924
-73779974.192549
-73612242.304115
-73640573.180743
-73625730.052848
-73608537.901787
-73641828.412764
-73624791.153862
-73625581.699995
-73671122.201369
-73617381.460846
-73623143.234499
-73632728.954809
-73601186.197454
-73612722.532000
-73676528.855309
-73621845.140134
-73607897.947559
-73601582.994231
-73659468.914452
-73675260.237727
-73662234.518438
-73622411.456874
-73631481.190153
-73659437.707605
-73611729.933768
-73612408.607654
-73654867.271571
-73693300.887066
-73617690.968051
-73610506.331218
-73672545.467877
-73605283.544063
-73663360.179006
-73603779.299859
-73613072.236065
-73685502.233051
-73616671.574693
-73671352.011604
-73602159.764004
-73652925.831558
-73604669.555934
-73695141.083655
-73655139.765650
-73624473.977626
-73608250.908561
-73614906.275402
-73632920.100525
-73630658.339184
-73617110.052227
-73617958.394484
-73606204.471564
-73480887.866108
-73471539.915196
-73482497.565241
-73496622.508336
-73518656.152982
-73449691.355380
-73488808.379839
-73495182.549892
-73461932.485579
-73461163.636562
-73520413.315617
-73495485.081074
-73525405.668777
-73470700.558157
-73488348.161663
-73474569.534407
-73496604.288946
-73489696.848123
-73468977.858149
-73477601.441749
-73493741.091962
-73487147.989704
-73475735.785051
-73466128.471663
-73537294.296941
-73559690.926265
-73483432.185922
-73483020.436609
-73482107.093766
-73538132.917120
-73485881.297007
-73486976.242664
-73470269.741508
-73487764.270416
-73478335.986227
-73476568.874373
-73484444.649781
-73468403.423887
-73469661.509016
-73455541.968855
-73462584.399293
-73470041.821085
-73493076.082331
-73489234.184352
-73496366.569909
-73482924.694073
-73476412.858998
-73505730.752440
-73532580.836028
-73501574.715988
-73362169.030482
-73366835.160785
-73374672.157904
-73345497.133082
-73344219.971707
-73337924.839340
-73352357.255373
-73339510.646750
-73343852.244092
-73350451.622700
-73313462.071619
-73320542.671427
-73357037.530168
-73361478.278937
-73360479.982079
-73332483.020119
-73356485.275625
-73318241.280404
-73334505.131848
-73335487.643555
-73361520.377794
-73337249.988028
-73377612.038288
-73339534.161628
-73333693.338685
-73353810.710891
-73341144.165786
-73366723.736098
-73325035.616118
-73320742.814809
-73368358.405946
-73388593.663136
-73327358.982303
-73348619.292052
-73342333.775915
-73317883.241096
-73326429.558425
-73387924.994437
-73356877.153728
-73334622.417955
-73348452.183638
-73345369.167404
-73359258.905865
-73345038.078271
-73326323.294557
-73330441.424508
-73341261.303140
-73357749.885841
-73358229.016017
-73346190.142732
-73249347.302828
-73210294.994658
-73216867.179279
-73203807.833825
-73180229.926108
-73209574.842570
-73214959.271051
-73224660.287837
-73217448.560941
-73227580.867466
-73205474.248409
-73201618.418127
-73202807.235427
-73194323.040739
-73202369.455534
-73218455.846648
-73217703.191589
-73207206.819100
-73181025.725092
-73189797.905090
-73200936.876015
-73289425.540243
-73199945.819584
-73213187.724532
-73229017.435816
-73208299.469700
-73197207.294708
-73207613.361133
-73213953.568599
-73228727.959867
-73217990.753008
-73231250.565841
-73205154.911583
-73206502.293803
-73189519.828212
-73212977.522784
-73183605.534929
-73192674.563607
-73198772.799366
-73208859.815282
-73214666.476941
-73199552.031446
-73197078.660916
-73200890.998700
-73223161.287895
-73234239.923149
-73190782.516807
-73222228.884801
-73218536.137611
-73217280.616983
-73049697.009984
-73066480.239194
-73082527.920344
-73056389.242460
-73075075.465785
-73073609.432159
-73071425.603398
-73095527.436340
-73088335.281128
-73075293.468757
-73089464.471765
-73063600.410164
-73076013.824245
-73073342.907804
-73100055.514650
-73048406.636378
-73082575.781385
-73111969.042527
-73082958.132444
-73072578.539400
-73091066.889824
-73066449.369695
-73058953.770142
-73101677.735842
-73092089.897888
-73077933.553377
-73119588.924498
-73082576.623009
-73069813.028368
-73068421.176141
-73080032.888750
-73088406.965847
-73121500.899796
-73110415.982263
-73101684.853866
-73075892.591788
-73097253.250467
-73072035.892199
-73070132.028366
-73083446.014701
-73068265.361666
-73048819.933490
-73085000.077720
-73091090.338990
-73064759.304034
-73082318.276765
-73077814.639829
-73040501.309399
-73067686.344676
-73053512.926394
-75894696.105707
-75894696.105707
-75894696.105707
-75894696.105706
-75894696.105707
-75894696.105706
-75894696.105707
-75894696.105707
-75894696.105706
-75894696.105707
-75894696.105707
-75894696.105707
-75894696.105706
-75894696.105707
-75894696.105706
-75894696.105707
-75894696.105707
-75894696.105707
-75894696.105707
-75894696.105707
-75894696.105707
-75894696.105706
-75894696.105706
-75894696.105706
-75894696.105706
-75894696.105706
-75894696.105707
-75894696.105707
-75894696.105707
-75894696.105707
-75894696.105707
-75894696.105707
-75894696.105707
-75894696.105707
-75894696.105707
-75894696.105706
-75894696.105707
-75894696.105706
-75894696.105707
-75894696.105707
-75894696.105707
-75894696.105707
-75894696.105706
-75894696.105706
-75894696.105707
-75894696.105706
-75894696.105707
-75894696.105706
-75894696.105707
-75894696.105707
-75008765.098975
-75008765.067479
-75008765.121047
-75008765.114782
-75008764.970223
-75008765.083471
-75008765.064501
-75008764.920542
-75008765.026365
-75008765.063663
-75008764.733855
-75008765.128173
-75008764.996350
-75008764.999640
-75008764.889908
-75008765.093639
-75008765.021850
-75008764.875755
-75008765.024521
-75008765.123308
-75008764.881469
-75008765.119334
-75008765.121520
-75008765.056872
-75008765.070681
-75008765.115239
-75008765.128455
-75008765.048559
-75008765.072458
-75008765.142801
-75008765.149823
-75008765.124109
-75008764.966401
-75008765.125576
-75008765.124719
-75008765.038506
-75008764.967847
-75008765.061417
-75008764.748563
-75008765.119555
-75008765.117436
-75008765.032455
-75008765.022386
-75008765.069268
-75008764.991371
-75008764.902328
-75008765.055122
-75008765.123633
-75008765.096078
-75008765.061580
-74720939.142182
-74720939.307175
-74720939.648371
-74720940.673456
-74720939.804961
-74720939.488843
-74720939.512380
-74720939.246036
-74720939.180624
-74720939.321484
-74720938.953842
-74720939.773486
-74720939.260517
-74720939.320545
-74720939.385687
-74720939.400416
-74720940.589409
-74720939.365599
-74720939.023119
-74720939.363520
-74720939.542927
-74720939.106147
-74720939.447580
-74720939.382227
-74720939.198506
-74720939.469637
-74720939.313002
-74720939.353282
-74720939.065131
-74720939.074391
-74720939.340634
-74720939.331919
-74720940.340669
-74720939.285527
-74720939.179772
-74720940.563263
-74720939.160891
-74720938.879909
-74720939.432382
-74720939.424273
-74720939.360091
-74720939.248618
-74720939.418392
-74720939.430718
-74720939.181467
-74720940.486989
-74720939.119576
-74720939.421581
-74720939.353753
-74720939.417724
-74467572.038278
-74467571.061090
-74467573.284567
-74467572.553739
-74467572.155206
-74467572.259764
-74467574.381502
-74467573.059426
-74467574.291358
-74467572.248576
-74467649.503811
-74467596.365445
-74467572.403748
-74467571.869465
-74467582.301023
-74467573.705446
-74467578.407127
-74467572.265098
-74467574.097009
-74467573.582323
-74467571.830771
-74467574.285493
-74467571.606895
-74467572.262124
-74467571.414610
-74467570.939437
-74467572.033104
-74467574.404092
-74467578.975902
-74467572.288572
-74467572.539097
-74467573.840964
-74467574.323817
-74467571.530782
-74467571.759769
-74467572.177827
-74467595.655981
-74467572.132689
-74467572.012151
-74467570.984852
-74467593.706365
-74467571.546006
-74467571.728116
-74467574.479937
-74467572.441241
-74467571.791507
-74467573.748523
-74467571.875207
-74467572.353218
-74467573.380647
-74271334.057733
-74253802.304567
-74253785.710081
-74253801.015754
-74253784.329614
-74253785.383759
-74253785.461160
-74271351.509484
-74253803.839060
-74253801.517653
-74253802.654881
-74253801.565893
-74253802.205119
-74253785.897894
-74253838.943052
-74253787.648927
-74253802.234139
-74253786.398036
-74253801.795145
-74253802.434500
-74254102.835472
-74253786.448894
-74324891.808859
-74253802.622887
-74253800.518728
-74253787.121873
-74324335.279228
-74253786.629058
-74253801.004560
-74253786.825983
-74253786.181572
-74253800.790023
-74253787.404578
-74253801.399845
-74253785.543015
-74253786.530992
-74253786.214335
-74253786.954556
-74253784.655237
-74271332.631120
-74253803.281043
-74254094.869205
-74253789.804903
-74253800.820957
-74253802.277876
-74253800.289387
-74253786.240311
-74253802.636501
-74253802.785179
-74253810.508475
-74057563.352124
-74057562.907185
-74057561.835733
-74057602.810375
-74112377.964526
-74100683.609907
-74110904.469300
-74115806.173343
-74120919.087719
-74057562.311535
-74057562.791025
-74109530.610587
-74121013.753432
-74101020.084762
-74114090.920484
-74114133.609342
-74057581.520557
-74114330.902681
-74057581.540786
-74057581.007502
-74112479.215705
-74057581.337098
-74112379.013860
-74100988.763937
-74057580.977600
-74057580.544971
-74057581.053616
-74057563.216303
-74057581.295109
-74057581.654549
-74091737.481131
-74100737.045471
-74101533.619868
-74121983.645595
-74057582.089370
-74111964.989129
-74101307.546818
-74105956.486659
-74092030.138829
-74109713.595514
-74112029.970807
-74057563.147921
-74104752.358474
-74104744.023384
-74110777.830426
-74094617.362365
-74057567.356404
-74057581.466099
-74057563.580475
-74120789.145804
-73983917.791486
-73980599.433553
-73909671.914638
-73924169.686614
-73913840.543130
-73914199.083062
-73964648.369546
-73951306.167779
-73960713.055903
-73949642.627459
-73897163.200600
-73996625.207419
-73897057.843706
-73914188.099843
-73916279.126128
-73915479.820173
-73905812.597167
-73925730.686368
-73916648.242046
-73974590.393751
-73908369.017968
-73956349.598484
-73983084.407913
-73913523.828372
-73967668.396866
-73962432.942644
-73960674.726726
-73962852.062766
-73964093.795854
-73952310.233978
-73975127.570082
-73925812.355503
-73971521.210472
-73924352.699329
-73896751.566681
-73915797.501355
-73949358.551869
-73906553.781584
-73980502.291297
-73995481.780595
-73905343.036382
-73913343.490222
-73960264.523917
-73906048.818116
-73953912.657294
-73909079.874603
-73927060.868164
-73906572.766043
-73922462.709050
-73907777.482453
-73827353.648369
-73745424.534607
-73802288.393299
-73765806.690293
-73762097.899405
-73787344.072906
-73852202.026989
-73772360.318124
-73754900.257684
-73759089.785641
-73819422.651378
-73767005.562015
-73765958.027175
-73798806.353935
-73753628.113550
-73764485.709127
-73755123.617128
-73787529.263049
-73754550.113253
-73766594.436215
-73760358.005594
-73747247.945019
-73771853.303164
-73753663.001867
-73763590.470941
-73753585.727602
-73813240.081491
-73826349.397547
-73774230.860273
-73761762.307145
-73763034.864390
-73763352.374958
-73762402.147599
-73752951.706949
-73821282.032680
-73802797.244213
-73812739.377594
-73836963.600273
-73834864.146904
-73786124.780582
-73833703.087275
-73774603.141537
-73762943.310441
-73804866.699838
-73765739.888504
-73766808.738290
-73820172.285829
-73786736.454357
-73780200.284924
-73779974.192549
-73612242.304115
-73640573.180743
-73625730.052848
-73608537.901787
-73641828.412764
-73624791.153862
-73625581.699995
-73671122.201369
-73617381.460846
-73623143.234499
-73632728.954809
-73601186.197454
-73612722.532000
-73676528.855309
-73621845.140134
-73607897.947559
-73601582.994231
-73659468.914452
-73675260.237727
-73662234.518438
-73622411.456874
-73631481.190153
-73659437.707605
-73611729.933768
-73612408.607654
-73654867.271571
-73693300.887066
-73617690.968051
-73610506.331218
-73672545.467877
-73605283.544063
-73663360.179006
-73603779.299859
-73613072.236065
-73685502.233051
-73616671.574693
-73671352.011604
-73602159.764004
-73652925.831558
-73604669.555934
-73695141.083655
-73655139.765650
-73624473.977626
-73608250.908561
-73614906.275402
-73632920.100525
-73630658.339184
-73617110.052227
-73617958.394484
-73606204.471564
-73480887.866108
-73471539.915196
-73482497.565241
-73496622.508336
-73518656.152982
-73449691.355380
-73488808.379839
-73495182.549892
-73461932.485579
-73461163.636562
-73520413.315617
-73495485.081074
-73525405.668777
-73470700.558157
-73488348.161663
-73474569.534407
-73496604.288946
-73489696.848123
-73468977.858149
-73477601.441749
-73493741.091962
-73487147.989704
-73475735.785051
-73466128.471663
-73537294.296941
-73559690.926265
-73483432.185922
-73483020.436609
-73482107.093766
-73538132.917120
-73485881.297007
-73486976.242664
-73470269.741508
-73487764.270416
-73478335.986227
-73476568.874373
-73484444.649781
-73468403.423887
-73469661.509016
-73455541.968855
-73462584.399293
-73470041.821085
-73493076.082331
-73489234.184352
-73496366.569909
-73482924.694073
-73476412.858998
-73505730.752440
-73532580.836028
-73501574.715988
-73362169.030482
-73366835.160785
-73374672.157904
-73345497.133082
-73344219.971707
-73337924.839340
-73352357.255373
-73339510.646750
-73343852.244092
-73350451.622700
-73313462.071619
-73320542.671427
-73357037.530168
-73361478.278937
-73360479.982079
-73332483.020119
-73356485.275625
-73318241.280404
-73334505.131848
-73335487.643555
-73361520.377794
-73337249.988028
-73377612.038288
-73339534.161628
-73333693.338685
-73353810.710891
-73341144.165786
-73366723.736098
-73325035.616118
-73320742.814809
-73368358.405946
-73388593.663136
-73327358.982303
-73348619.292052
-73342333.775915
-73317883.241096
-73326429.558425
-73387924.994437
-73356877.153728
-73334622.417955
-73348452.183638
-73345369.167404
-73359258.905865
-73345038.078271
-73326323.294557
-73330441.424508
-73341261.303140
-73357749.885841
-73358229.016017
-73346190.142732
-73249347.302828
-73210294.994658
-73216867.179279
-73203807.833825
-73180229.926108
-73209574.842570
-73214959.271051
-73224660.287837
-73217448.560941
-73227580.867466
-73205474.248409
-73201618.418127
-73202807.235427
-73194323.040739
-73202369.455534
-73218455.846648
-73217703.191589
-73207206.819100
-73181025.725092
-73189797.905090
-73200936.876015
-73289425.540243
-73199945.819584
-73213187.724532
-73229017.435816
-73208299.469700
-73197207.294708
-73207613.361133
-73213953.568599
-73228727.959867
-73217990.753008
-73231250.565841
-73205154.911583
-73206502.293803
-73189519.828212
-73212977.522784
-73183605.534929
-73192674.563607
-73198772.799366
-73208859.815282
-73214666.476941
-73199552.031446
-73197078.660916
-73200890.998700
-73223161.287895
-73234239.923149
-73190782.516807
-73222228.884801
-73218536.137611
-73217280.616983
-73049697.009984
-73066480.239194
-73082527.920344
-73056389.242460
-73075075.465785
-73073609.432159
-73071425.603398
-73095527.436340
-73088335.281128
-73075293.468757
-73089464.471765
-73063600.410164
-73076013.824245
-73073342.907804
-73100055.514650
-73048406.636378
-73082575.781385
-73111969.042527
-73082958.132444
-73072578.539400
-73091066.889824
-73066449.369695
-73058953.770142
-73101677.735842
-73092089.897888
-73077933.553377
-73119588.924498
-73082576.623009
-73069813.028368
-73068421.176141
-73080032.888750
-73088406.965847
-73121500.899796
-73110415.982263
-73101684.853866
-73075892.591788
-73097253.250467
-73072035.892199
-73070132.028366
-73083446.014701
-73068265.361666
-73048819.933490
-73085000.077720
-73091090.338990
-73064759.304034
-73082318.276765
-73077814.639829
-73040501.309399
-73067686.344676
-73053512.926394
-75894696.105707
-75894696.105707
-75894696.105707
-75894696.105706
-75894696.105707
-75894696.105706
-75894696.105707
-75894696.105707
-75894696.105706
-75894696.105707
-75894696.105707
-75894696.105707
-75894696.105706
-75894696.105707
-75894696.105706
-75894696.105707
-75894696.105707
-75894696.105707
-75894696.105707
-75894696.105707
-75894696.105707
-75894696.105706
-75894696.105706
-75894696.105706
-75894696.105706
-75894696.105706
-75894696.105707
-75894696.105707
-75894696.105707
-75894696.105707
-75894696.105707
-75894696.105707
-75894696.105707
-75894696.105707
-75894696.105707
-75894696.105706
-75894696.105707
-75894696.105706
-75894696.105707
-75894696.105707
-75894696.105707
-75894696.105707
-75894696.105706
-75894696.105706
-75894696.105707
-75894696.105706
-75894696.105707
-75894696.105706
-75894696.105707
-75894696.105707
-75008765.098975
-75008765.067479
-75008765.121047
-75008765.114782
-75008764.970223
-75008765.083471
-75008765.064501
-75008764.920542
-75008765.026365
-75008765.063663
-75008764.733855
-75008765.128173
-75008764.996350
-75008764.999640
-75008764.889908
-75008765.093639
-75008765.021850
-75008764.875755
-75008765.024521
-75008765.123308
-75008764.881469
-75008765.119334
-75008765.121520
-75008765.056872
-75008765.070681
-75008765.115239
-75008765.128455
-75008765.048559
-75008765.072458
-75008765.142801
-75008765.149823
-75008765.124109
-75008764.966401
-75008765.125576
-75008765.124719
-75008765.038506
-75008764.967847
-75008765.061417
-75008764.748563
-75008765.119555
-75008765.117436
-75008765.032455
-75008765.022386
-75008765.069268
-75008764.991371
-75008764.902328
-75008765.055122
-75008765.123633
-75008765.096078
-75008765.061580
-74720939.142182
-74720939.307175
-74720939.648371
-74720940.673456
-74720939.804961
-74720939.488843
-74720939.512380
-74720939.246036
-74720939.180624
-74720939.321484
-74720938.953842
-74720939.773486
-74720939.260517
-74720939.320545
-74720939.385687
-74720939.400416
-74720940.589409
-74720939.365599
-74720939.023119
-74720939.363520
-74720939.542927
-74720939.106147
-74720939.447580
-74720939.382227
-74720939.198506
-74720939.469637
-74720939.313002
-74720939.353282
-74720939.065131
-74720939.074391
-74720939.340634
-74720939.331919
-74720940.340669
-74720939.285527
-74720939.179772
-74720940.563263
-74720939.160891
-74720938.879909
-74720939.432382
-74720939.424273
-74720939.360091
-74720939.248618
-74720939.418392
-74720939.430718
-74720939.181467
-74720940.486989
-74720939.119576
-74720939.421581
-74720939.353753
-74720939.417724
-74467572.038278
-74467571.061090
-74467573.284567
-74467572.553739
-74467572.155206
-74467572.259764
-74467574.381502
-74467573.059426
-74467574.291358
-74467572.248576
-74467649.503811
-74467596.365445
-74467572.403748
-74467571.869465
-74467582.301023
-74467573.705446
-74467578.407127
-74467572.265098
-74467574.097009
-74467573.582323
-74467571.830771
-74467574.285493
-74467571.606895
-74467572.262124
-74467571.414610
-74467570.939437
-74467572.033104
-74467574.404092
-74467578.975902
-74467572.288572
-74467572.539097
-74467573.840964
-74467574.323817
-74467571.530782
-74467571.759769
-74467572.177827
-74467595.655981
-74467572.132689
-74467572.012151
-74467570.984852
-74467593.706365
-74467571.546006
-74467571.728116
-74467574.479937
-74467572.441241
-74467571.791507
-74467573.748523
-74467571.875207
-74467572.353218
-74467573.380647
-74271334.057733
-74253802.304567
-74253785.710081
-74253801.015754
-74253784.329614
-74253785.383759
-74253785.461160
-74271351.509484
-74253803.839060
-74253801.517653
-74253802.654881
-74253801.565893
-74253802.205119
-74253785.897894
-74253838.943052
-74253787.648927
-74253802.234139
-74253786.398036
-74253801.795145
-74253802.434500
-74254102.835472
-74253786.448894
-74324891.808859
-74253802.622887
-74253800.518728
-74253787.121873
-74324335.279228
-74253786.629058
-74253801.004560
-74253786.825983
-74253786.181572
-74253800.790023
-74253787.404578
-74253801.399845
-74253785.543015
-74253786.530992
-74253786.214335
-74253786.954556
-74253784.655237
-74271332.631120
-74253803.281043
-74254094.869205
-74253789.804903
-74253800.820957
-74253802.277876
-74253800.289387
-74253786.240311
-74253802.636501
-74253802.785179
-74253810.508475
-74057563.352124
-74057562.907185
-74057561.835733
-74057602.810375
-74112377.964526
-74100683.609907
-74110904.469300
-74115806.173343
-74120919.087719
-74057562.311535
-74057562.791025
-74109530.610587
-74121013.753432
-74101020.084762
-74114090.920484
-74114133.609342
-74057581.520557
-74114330.902681
-74057581.540786
-74057581.007502
-74112479.215705
-74057581.337098
-74112379.013860
-74100988.763937
-74057580.977600
-74057580.544971
-74057581.053616
-74057563.216303
-74057581.295109
-74057581.654549
-74091737.481131
-74100737.045471
-74101533.619868
-74121983.645595
-74057582.089370
-74111964.989129
-74101307.546818
-74105956.486659
-74092030.138829
-74109713.595514
-74112029.970807
-74057563.147921
-74104752.358474
-74104744.023384
-74110777.830426
-74094617.362365
-74057567.356404
-74057581.466099
-74057563.580475
-74120789.145804
-73983917.791486
-73980599.433553
-73909671.914638
-73924169.686614
-73913840.543130
-73914199.083062
-73964648.369546
-73951306.167779
-73960713.055903
-73949642.627459
-73897163.200600
-73996625.207419
-73897057.843706
-73914188.099843
-73916279.126128
-73915479.820173
-73905812.597167
-73925730.686368
-73916648.242046
-73974590.393751
-73908369.017968
-73956349.598484
-73983084.407913
-73913523.828372
-73967668.396866
-73962432.942644
-73960674.726726
-73962852.062766
-73964093.795854
-73952310.233978
-73975127.570082
-73925812.355503
-73971521.210472
-73924352.699329
-73896751.566681
-73915797.501355
-73949358.551869
-73906553.781584
-73980502.291297
-73995481.780595
-73905343.036382
-73913343.490222
-73960264.523917
-73906048.818116
-73953912.657294
-73909079.874603
-73927060.868164
-73906572.766043
-73922462.709050
-73907777.482453
-73827353.648369
-73745424.534607
-73802288.393299
-73765806.690293
-73762097.899405
-73787344.072906
-73852202.026989
-73772360.318124
-73754900.257684
-73759089.785641
-73819422.651378
-73767005.562015
-73765958.027175
-73798806.353935
-73753628.113550
-73764485.709127
-73755123.617128
-73787529.263049
-73754550.113253
-73766594.436215
-73760358.005594
-73747247.945019
-73771853.303164
-73753663.001867
-73763590.470941
-73753585.727602
-73813240.081491
-73826349.397547
-73774230.860273
-73761762.307145
-73763034.864390
-73763352.374958
-73762402.147599
-73752951.706949
-73821282.032680
-73802797.244213
-73812739.377594
-73836963.600273
-73834864.146904
-73786124.780582
-73833703.087275
-73774603.141537
-73762943.310441
-73804866.699838
-73765739.888504
-73766808.738290
-73820172.285829
-73786736.454357
-73780200.284924
-73779974.192549
-73612242.304115
-73640573.180743
-73625730.052848
-73608537.901787
-73641828.412764
-73624791.153862
-73625581.699995
-73671122.201369
-73617381.460846
-73623143.234499
-73632728.954809
-73601186.197454
-73612722.532000
-73676528.855309
-73621845.140134
-73607897.947559
-73601582.994231
-73659468.914452
-73675260.237727
-73662234.518438
-73622411.456874
-73631481.190153
-73659437.707605
-73611729.933768
-73612408.607654
-73654867.271571
-73693300.887066
-73617690.968051
-73610506.331218
-73672545.467877
-73605283.544063
-73663360.179006
-73603779.299859
-73613072.236065
-73685502.233051
-73616671.574693
-73671352.011604
-73602159.764004
-73652925.831558
-73604669.555934
-73695141.083655
-73655139.765650
-73624473.977626
-73608250.908561
-73614906.275402
-73632920.100525
-73630658.339184
-73617110.052227
-73617958.394484
-73606204.471564
-73480887.866108
-73471539.915196
-73482497.565241
-73496622.508336
-73518656.152982
-73449691.355380
-73488808.379839
-73495182.549892
-73461932.485579
-73461163.636562
-73520413.315617
-73495485.081074
-73525405.668777
-73470700.558157
-73488348.161663
-73474569.534407
-73496604.288946
-73489696.848123
-73468977.858149
-73477601.441749
-73493741.091962
-73487147.989704
-73475735.785051
-73466128.471663
-73537294.296941
-73559690.926265
-73483432.185922
-73483020.436609
-73482107.093766
-73538132.917120
-73485881.297007
-73486976.242664
-73470269.741508
-73487764.270416
-73478335.986227
-73476568.874373
-73484444.649781
-73468403.423887
-73469661.509016
-73455541.968855
-73462584.399293
-73470041.821085
-73493076.082331
-73489234.184352
-73496366.569909
-73482924.694073
-73476412.858998
-73505730.752440
-73532580.836028
-73501574.715988
-73362169.030482
-73366835.160785
-73374672.157904
-73345497.133082
-73344219.971707
-73337924.839340
-73352357.255373
-73339510.646750
-73343852.244092
-73350451.622700
-73313462.071619
-73320542.671427
-73357037.530168
-73361478.278937
-73360479.982079
-73332483.020119
-73356485.275625
-73318241.280404
-73334505.131848
-73335487.643555
-73361520.377794
-73337249.988028
-73377612.038288
-73339534.161628
-73333693.338685
-73353810.710891
-73341144.165786
-73366723.736098
-73325035.616118
-73320742.814809
-73368358.405946
-73388593.663136
-73327358.982303
-73348619.292052
-73342333.775915
-73317883.241096
-73326429.558425
-73387924.994437
-73356877.153728
-73334622.417955
-73348452.183638
-73345369.167404
-73359258.905865
-73345038.078271
-73326323.294557
-73330441.424508
-73341261.303140
-73357749.885841
-73358229.016017
-73346190.142732
-73249347.302828
-73210294.994658
-73216867.179279
-73203807.833825
-73180229.926108
-73209574.842570
-73214959.271051
-73224660.287837
-73217448.560941
-73227580.867466
-73205474.248409
-73201618.418127
-73202807.235427
-73194323.040739
-73202369.455534
-73218455.846648
-73217703.191589
-73207206.819100
-73181025.725092
-73189797.905090
-73200936.876015
-73289425.540243
-73199945.819584
-73213187.724532
-73229017.435816
-73208299.469700
-73197207.294708
-73207613.361133
-73213953.568599
-73228727.959867
-73217990.753008
-73231250.565841
-73205154.911583
-73206502.293803
-73189519.828212
-73212977.522784
-73183605.534929
-73192674.563607
-73198772.799366
-73208859.815282
-73214666.476941
-73199552.031446
-73197078.660916
-73200890.998700
-73223161.287895
-73234239.923149
-73190782.516807
-73222228.884801
-73218536.137611
-73217280.616983
-73049697.009984
-73066480.239194
-73082527.920344
-73056389.242460
-73075075.465785
-73073609.432159
-73071425.603398
-73095527.436340
-73088335.281128
-73075293.468757
-73089464.471765
-73063600.410164
-73076013.824245
-73073342.907804
-73100055.514650
-73048406.636378
-73082575.781385
-73111969.042527
-73082958.132444
-73072578.539400
-73091066.889824
-73066449.369695
-73058953.770142
-73101677.735842
-73092089.897888
-73077933.553377
-73119588.924498
-73082576.623009
-73069813.028368
-73068421.176141
-73080032.888750
-73088406.965847
-73121500.899796
-73110415.982263
-73101684.853866
-73075892.591788
-73097253.250467
-73072035.892199
-73070132.028366
-73083446.014701
-73068265.361666
-73048819.933490
-73085000.077720
-73091090.338990
-73064759.304034
-73082318.276765
-73077814.639829
-73040501.309399
-73067686.344676
-73053512.926394
-75894696.105707
-75894696.105707
-75894696.105707
-75894696.105706
-75894696.105707
-75894696.105706
-75894696.105707
-75894696.105707
-75894696.105706
-75894696.105707
-75894696.105707
-75894696.105707
-75894696.105706
-75894696.105707
-75894696.105706
-75894696.105707
-75894696.105707
-75894696.105707
-75894696.105707
-75894696.105707
-75894696.105707
-75894696.105706
-75894696.105706
-75894696.105706
-75894696.105706
-75894696.105706
-75894696.105707
-75894696.105707
-75894696.105707
-75894696.105707
-75894696.105707
-75894696.105707
-75894696.105707
-75894696.105707
-75894696.105707
-75894696.105706
-75894696.105707
-75894696.105706
-75894696.105707
-75894696.105707
-75894696.105707
-75894696.105707
-75894696.105706
-75894696.105706
-75894696.105707
-75894696.105706
-75894696.105707
-75894696.105706
-75894696.105707
-75894696.105707
-75008765.098975
-75008765.067479
-75008765.121047
-75008765.114782
-75008764.970223
-75008765.083471
-75008765.064501
-75008764.920542
-75008765.026365
-75008765.063663
-75008764.733855
-75008765.128173
-75008764.996350
-75008764.999640
-75008764.889908
-75008765.093639
-75008765.021850
-75008764.875755
-75008765.024521
-75008765.123308
-75008764.881469
-75008765.119334
-75008765.121520
-75008765.056872
-75008765.070681
-75008765.115239
-75008765.128455
-75008765.048559
-75008765.072458
-75008765.142801
-75008765.149823
-75008765.124109
-75008764.966401
-75008765.125576
-75008765.124719
-75008765.038506
-75008764.967847
-75008765.061417
-75008764.748563
-75008765.119555
-75008765.117436
-75008765.032455
-75008765.022386
-75008765.069268
-75008764.991371
-75008764.902328
-75008765.055122
-75008765.123633
-75008765.096078
-75008765.061580
-74720939.142182
-74720939.307175
-74720939.648371
-74720940.673456
-74720939.804961
-74720939.488843
-74720939.512380
-74720939.246036
-74720939.180624
-74720939.321484
-74720938.953842
-74720939.773486
-74720939.260517
-74720939.320545
-74720939.385687
-74720939.400416
-74720940.589409
-74720939.365599
-74720939.023119
-74720939.363520
-74720939.542927
-74720939.106147
-74720939.447580
-74720939.382227
-74720939.198506
-74720939.469637
-74720939.313002
-74720939.353282
-74720939.065131
-74720939.074391
-74720939.340634
-74720939.331919
-74720940.340669
-74720939.285527
-74720939.179772
-74720940.563263
-74720939.160891
-74720938.879909
-74720939.432382
-74720939.424273
-74720939.360091
-74720939.248618
-74720939.418392
-74720939.430718
-74720939.181467
-74720940.486989
-74720939.119576
-74720939.421581
-74720939.353753
-74720939.417724
-74467572.038278
-74467571.061090
-74467573.284567
-74467572.553739
-74467572.155206
-74467572.259764
-74467574.381502
-74467573.059426
-74467574.291358
-74467572.248576
-74467649.503811
-74467596.365445
-74467572.403748
-74467571.869465
-74467582.301023
-74467573.705446
-74467578.407127
-74467572.265098
-74467574.097009
-74467573.582323
-74467571.830771
-74467574.285493
-74467571.606895
-74467572.262124
-74467571.414610
-74467570.939437
-74467572.033104
-74467574.404092
-74467578.975902
-74467572.288572
-74467572.539097
-74467573.840964
-74467574.323817
-74467571.530782
-74467571.759769
-74467572.177827
-74467595.655981
-74467572.132689
-74467572.012151
-74467570.984852
-74467593.706365
-74467571.546006
-74467571.728116
-74467574.479937
-74467572.441241
-74467571.791507
-74467573.748523
-74467571.875207
-74467572.353218
-74467573.380647
-74271334.057733
-74253802.304567
-74253785.710081
-74253801.015754
-74253784.329614
-74253785.383759
-74253785.461160
-74271351.509484
-74253803.839060
-74253801.517653
-74253802.654881
-74253801.565893
-74253802.205119
-74253785.897894
-74253838.943052
-74253787.648927
-74253802.234139
-74253786.398036
-74253801.795145
-74253802.434500
-74254102.835472
-74253786.448894
-74324891.808859
-74253802.622887
-74253800.518728
-74253787.121873
-74324335.279228
-74253786.629058
-74253801.004560
-74253786.825983
-74253786.181572
-74253800.790023
-74253787.404578
-74253801.399845
-74253785.543015
-74253786.530992
-74253786.214335
-74253786.954556
-74253784.655237
-74271332.631120
-74253803.281043
-74254094.869205
-74253789.804903
-74253800.820957
-74253802.277876
-74253800.289387
-74253786.240311
-74253802.636501
-74253802.785179
-74253810.508475
-74057563.352124
-74057562.907185
-74057561.835733
-74057602.810375
-74112377.964526
-74100683.609907
-74110904.469300
-74115806.173343
-74120919.087719
-74057562.311535
-74057562.791025
-74109530.610587
-74121013.753432
-74101020.084762
-74114090.920484
-74114133.609342
-74057581.520557
-74114330.902681
-74057581.540786
-74057581.007502
-74112479.215705
-74057581.337098
-74112379.013860
-74100988.763937
-74057580.977600
-74057580.544971
-74057581.053616
-74057563.216303
-74057581.295109
-74057581.654549
-74091737.481131
-74100737.045471
-74101533.619868
-74121983.645595
-74057582.089370
-74111964.989129
-74101307.546818
-74105956.486659
-74092030.138829
-74109713.595514
-74112029.970807
-74057563.147921
-74104752.358474
-74104744.023384
-74110777.830426
-74094617.362365
-74057567.356404
-74057581.466099
-74057563.580475
-74120789.145804
-73983917.791486
-73980599.433553
-73909671.914638
-73924169.686614
-73913840.543130
-73914199.083062
-73964648.369546
-73951306.167779
-73960713.055903
-73949642.627459
-73897163.200600
-73996625.207419
-73897057.843706
-73914188.099843
-73916279.126128
-73915479.820173
-73905812.597167
-73925730.686368
-73916648.242046
-73974590.393751
-73908369.017968
-73956349.598484
-73983084.407913
-73913523.828372
-73967668.396866
-73962432.942644
-73960674.726726
-73962852.062766
-73964093.795854
-73952310.233978
-73975127.570082
-73925812.355503
-73971521.210472
-73924352.699329
-73896751.566681
-73915797.501355
-73949358.551869
-73906553.781584
-73980502.291297
-73995481.780595
-73905343.036382
-73913343.490222
-73960264.523917
-73906048.818116
-73953912.657294
-73909079.874603
-73927060.868164
-73906572.766043
-73922462.709050
-73907777.482453
-73827353.648369
-73745424.534607
-73802288.393299
-73765806.690293
-73762097.899405
-73787344.072906
-73852202.026989
-73772360.318124
-73754900.257684
-73759089.785641
-73819422.651378
-73767005.562015
-73765958.027175
-73798806.353935
-73753628.113550
-73764485.709127
-73755123.617128
-73787529.263049
-73754550.113253
-73766594.436215
-73760358.005594
-73747247.945019
-73771853.303164
-73753663.001867
-73763590.470941
-73753585.727602
-73813240.081491
-73826349.397547
-73774230.860273
-73761762.307145
-73763034.864390
-73763352.374958
-73762402.147599
-73752951.706949
-73821282.032680
-73802797.244213
-73812739.377594
-73836963.600273
-73834864.146904
-73786124.780582
-73833703.087275
-73774603.141537
-73762943.310441
-73804866.699838
-73765739.888504
-73766808.738290
-73820172.285829
-73786736.454357
-73780200.284924
-73779974.192549
-73612242.304115
-73640573.180743
-73625730.052848
-73608537.901787
-73641828.412764
-73624791.153862
-73625581.699995
-73671122.201369
-73617381.460846
-73623143.234499
-73632728.954809
-73601186.197454
-73612722.532000
-73676528.855309
-73621845.140134
-73607897.947559
-73601582.994231
-73659468.914452
-73675260.237727
-73662234.518438
-73622411.456874
-73631481.190153
-73659437.707605
-73611729.933768
-73612408.607654
-73654867.271571
-73693300.887066
-73617690.968051
-73610506.331218
-73672545.467877
-73605283.544063
-73663360.179006
-73603779.299859
-73613072.236065
-73685502.233051
-73616671.574693
-73671352.011604
-73602159.764004
-73652925.831558
-73604669.555934
-73695141.083655
-73655139.765650
-73624473.977626
-73608250.908561
-73614906.275402
-73632920.100525
-73630658.339184
-73617110.052227
-73617958.394484
-73606204.471564
-73480887.866108
-73471539.915196
-73482497.565241
-73496622.508336
-73518656.152982
-73449691.355380
-73488808.379839
-73495182.549892
-73461932.485579
-73461163.636562
-73520413.315617
-73495485.081074
-73525405.668777
-73470700.558157
-73488348.161663
-73474569.534407
-73496604.288946
-73489696.848123
-73468977.858149
-73477601.441749
-73493741.091962
-73487147.989704
-73475735.785051
-73466128.471663
-73537294.296941
-73559690.926265
-73483432.185922
-73483020.436609
-73482107.093766
-73538132.917120
-73485881.297007
-73486976.242664
-73470269.741508
-73487764.270416
-73478335.986227
-73476568.874373
-73484444.649781
-73468403.423887
-73469661.509016
-73455541.968855
-73462584.399293
-73470041.821085
-73493076.082331
-73489234.184352
-73496366.569909
-73482924.694073
-73476412.858998
-73505730.752440
-73532580.836028
-73501574.715988
-73362169.030482
-73366835.160785
-73374672.157904
-73345497.133082
-73344219.971707
-73337924.839340
-73352357.255373
-73339510.646750
-73343852.244092
-73350451.622700
-73313462.071619
-73320542.671427
-73357037.530168
-73361478.278937
-73360479.982079
-73332483.020119
-73356485.275625
-73318241.280404
-73334505.131848
-73335487.643555
-73361520.377794
-73337249.988028
-73377612.038288
-73339534.161628
-73333693.338685
-73353810.710891
-73341144.165786
-73366723.736098
-73325035.616118
-73320742.814809
-73368358.405946
-73388593.663136
-73327358.982303
-73348619.292052
-73342333.775915
-73317883.241096
-73326429.558425
-73387924.994437
-73356877.153728
-73334622.417955
-73348452.183638
-73345369.167404
-73359258.905865
-73345038.078271
-73326323.294557
-73330441.424508
-73341261.303140
-73357749.885841
-73358229.016017
-73346190.142732
-73249347.302828
-73210294.994658
-73216867.179279
-73203807.833825
-73180229.926108
-73209574.842570
-73214959.271051
-73224660.287837
-73217448.560941
-73227580.867466
-73205474.248409
-73201618.418127
-73202807.235427
-73194323.040739
-73202369.455534
-73218455.846648
-73217703.191589
-73207206.819100
-73181025.725092
-73189797.905090
-73200936.876015
-73289425.540243
-73199945.819584
-73213187.724532
-73229017.435816
-73208299.469700
-73197207.294708
-73207613.361133
-73213953.568599
-73228727.959867
-73217990.753008
-73231250.565841
-73205154.911583
-73206502.293803
-73189519.828212
-73212977.522784
-73183605.534929
-73192674.563607
-73198772.799366
-73208859.815282
-73214666.476941
-73199552.031446
-73197078.660916
-73200890.998700
-73223161.287895
-73234239.923149
-73190782.516807
-73222228.884801
-73218536.137611
-73217280.616983
-73049697.009984
-73066480.239194
-73082527.920344
-73056389.242460
-73075075.465785
-73073609.432159
-73071425.603398
-73095527.436340
-73088335.281128
-73075293.468757
-73089464.471765
-73063600.410164
-73076013.824245
-73073342.907804
-73100055.514650
-73048406.636378
-73082575.781385
-73111969.042527
-73082958.132444
-73072578.539400
-73091066.889824
-73066449.369695
-73058953.770142
-73101677.735842
-73092089.897888
-73077933.553377
-73119588.924498
-73082576.623009
-73069813.028368
-73068421.176141
-73080032.888750
-73088406.965847
-73121500.899796
-73110415.982263
-73101684.853866
-73075892.591788
-73097253.250467
-73072035.892199
-73070132.028366
-73083446.014701
-73068265.361666
-73048819.933490
-73085000.077720
-73091090.338990
-73064759.304034
-73082318.276765
-73077814.639829
-73040501.309399
-73067686.344676
-73053512.926394
