0.000000
0.000000
0.000000
0.000000
0.000000
0.000000
0.000000
0.000000
0.000000
0.000000
0.000000
0.000000
0.000000
0.000000
0.000000
0.000000
0.000000
0.000000
0.000000
0.000000
0.000000
0.000000
0.000000
0.000000
0.000000
0.000000
0.000000
0.000000
0.000000
0.000000
0.000000
0.000000
0.000000
0.000000
0.000000
0.000000
0.000000
0.000000
0.000000
0.000000
0.000000
0.000000
0.000000
0.000000
0.000000
0.000000
0.000000
0.000000
0.000000
0.000016
0.000000
0.000000
0.000000
0.000000
0.000000
0.000000
0.000103
0.000000
0.000000
0.000000
0.000000
0.000000
0.000000
0.000000
0.000000
0.000000
0.000000
0.000000
0.000000
0.000000
0.000000
0.000000
0.000000
0.000000
0.000000
0.000000
0.000000
0.000000
0.000000
0.000000
0.000098
0.000000
0.000000
0.000000
0.000000
0.000000
0.000000
0.000000
0.000000
0.000000
0.000000
0.000000
0.000000
0.000000
0.000000
0.000000
0.000000
0.000000
0.000000
0.000000
0.000000
0.000000
0.000000
0.000000
0.000000
0.000000
0.000000
0.000000
0.000000
0.000000
0.000000
0.000000
0.000000
0.000000
0.000000
0.000000
0.000000
0.000000
0.000000
0.000000
0.000000
0.000000
0.000000
0.000000
0.000000
0.000000
0.000000
0.000000
0.000886
0.000018
0.000039
0.000024
0.000000
0.000045
0.000000
0.000091
0.008676
0.000075
0.000394
0.000014
0.000027
0.000039
0.000015
0.000150
0.000181
0.000771
0.000013
0.000916
0.000032
0.000549
0.001072
0.000111
0.000060
0.000000
0.000000
0.000019
0.000115
0.000081
0.000017
0.000000
0.000000
0.000259
0.000115
0.000000
0.000000
0.000000
0.000000
0.000000
0.000000
0.000000
0.000000
0.001207
0.000000
0.000000
0.000012
0.000052
0.000000
0.000019
0.000000
0.000091
0.000000
0.000000
0.000000
0.000000
0.000000
0.000000
0.000070
0.000000
0.000540
0.000205
0.000000
0.000000
0.000000
0.000000
0.000000
0.000000
0.000000
0.000000
0.000000
0.000000
0.000000
0.000000
0.000000
0.000000
0.000000
0.000000
0.000000
0.000000
0.000015
0.000000
0.000000
0.000000
0.000000
0.000000
0.000000
0.000000
0.000000
0.000000
0.000000
0.000013
0.000000
0.000016
0.000000
0.000000
0.000000
0.000120
0.000000
0.000000
0.000000
0.000000
0.000391
0.000000
0.000000
0.000000
0.000000
0.000000
0.000000
0.000014
0.000000
0.000000
0.000165
0.000000
0.000000
0.000090
0.000000
0.000000
0.000014
0.000000
0.000021
0.000000
0.000000
0.000000
0.000000
0.000000
0.000000
0.000000
0.000000
0.000000
0.000000
0.000078
0.000247
0.000000
0.000000
0.000000
0.000000
0.000000
0.000000
0.000000
0.000000
0.000000
0.000000
0.000000
0.000000
0.000035
0.000000
0.000000
0.000039
0.000011
0.000018
0.000378
0.000000
0.000062
0.000282
0.000000
0.000000
0.000000
0.000014
0.000000
0.000000
0.000118
0.000599
0.000089
0.002318
0.000015
0.000000
0.004423
0.000909
0.000000
0.002196
0.002386
0.000000
0.000165
0.002351
0.000010
0.000000
0.000000
0.000000
0.000012
0.000000
0.000000
0.000000
0.000000
0.000015
0.000000
0.000000
0.000027
0.000000
0.000035
0.000368
0.000000
0.000000
0.000036
0.000000
0.000000
0.000000
0.000000
0.000000
0.000000
0.000079
0.000000
0.001121
0.000015
0.000000
0.000000
0.000000
0.000000
0.000041
0.000000
0.000000
0.000000
0.000000
0.000000
0.000000
0.000000
0.000000
0.000000
0.000000
0.000000
0.001314
0.000000
0.000034
0.000000
0.000000
0.000000
0.000000
0.000000
0.000088
0.000000
0.000000
0.000000
0.000000
0.000000
0.000000
0.000000
0.000000
0.000000
0.000000
0.000000
0.000055
0.000000
0.000000
0.000000
0.000000
0.000000
0.000000
0.000000
0.000000
0.000000
0.000000
0.000000
0.000000
0.000000
0.000000
0.000000
0.000011
0.000000
0.000000
0.000000
0.000000
0.000000
0.000000
0.000000
0.000000
0.000000
0.000000
0.000000
0.000000
0.000000
0.000000
0.000000
0.000036
0.000000
0.000000
0.000000
0.000000
0.000101
0.000000
0.000000
0.000000
0.000000
0.000000
0.000026
0.000000
0.023552
0.000000
0.000000
0.000000
0.000000
0.000021
0.000000
0.000000
0.000000
0.000060
0.000065
0.000000
0.000119
0.000000
0.000030
0.000000
0.000000
0.000027
0.000000
0.000000
0.000000
0.000000
0.000061
0.000000
0.000000
0.000000
0.000000
0.000040
0.000844
0.000000
0.000000
0.000000
0.000041
0.000000
0.000000
0.000660
0.001104
0.000000
0.000000
0.000000
0.000000
0.000000
0.000014
