-17012.4648438 -17140.8515625 -18012.4062500 -17273.9394531 -17451.7421875 -17822.4082031 -17199.7343750 -16859.9609375
-17577.5781250 -17906.0898438 -18432.4531250 -17948.8417969 -18186.5527344 -18216.9628906 -17933.4843750 -17678.7812500
-16323.0361328 -16575.5097656 -17431.0839844 -16764.9433594 -16945.6835938 -17282.2460938 -16800.8144531 -16227.8984375
-17578.4785156 -17949.2734375 -18440.4394531 -17933.8398438 -18048.8066406 -18213.0175781 -17981.3027344 -17618.1074219
-15921.1093750 -16377.4355469 -16987.5820312 -16376.7109375 -16571.2324219 -16713.2988281 -16282.4335938 -16079.9541016
-16378.3193359 -17060.8378906 -17286.4179688 -16637.9316406 -17254.1855469 -17016.8203125 -17078.6132812 -16669.1914062
-16142.9365234 -16768.0839844 -17353.6347656 -16695.5312500 -16899.7675781 -17101.9003906 -16827.7675781 -16248.0312500
-15771.3730469 -16112.8271484 -17103.0195312 -16197.0800781 -16474.2343750 -16784.9628906 -16244.7402344 -15673.0546875
-16559.5175781 -16668.7187500 -17471.6523438 -17005.9316406 -16968.4296875 -17413.0878906 -16921.0390625 -16349.7578125
-16306.3105469 -16524.7910156 -17357.6640625 -16632.9375000 -16824.3515625 -17137.9042969 -16616.9667969 -16231.2900391
-16225.4277344 -16877.0117188 -17209.6015625 -16630.8066406 -17020.3242188 -16969.7773438 -16809.7988281 -16382.8154297
-16373.3906250 -16844.1660156 -17204.2714844 -16707.0664062 -17166.2851562 -16888.1328125 -16998.9082031 -16393.4785156
-17570.7792969 -17834.2441406 -18543.8203125 -17910.8515625 -17939.7402344 -18368.8066406 -17824.4511719 -17480.0664062
-16617.0175781 -17133.9160156 -17636.7089844 -17129.1582031 -17496.3476562 -17436.1347656 -17242.5136719 -16772.3496094
-15971.8867188 -16499.8984375 -16966.4316406 -16327.1757812 -16877.1035156 -16582.5703125 -16405.5507812 -16143.8066406
-16461.4316406 -16870.0468750 -17436.2578125 -16592.4902344 -17163.1328125 -17116.2285156 -16901.3105469 -16609.4238281
-16356.0390625 -16972.7851562 -17539.6914062 -16814.7656250 -17284.4453125 -17203.0683594 -17003.7382812 -16673.6972656
-16238.4306641 -16766.6503906 -17059.4804688 -16459.4335938 -17125.1953125 -16775.4003906 -16787.4824219 -16297.6484375
-16502.4746094 -16911.7792969 -17481.3789062 -16818.8691406 -17152.9921875 -17307.2871094 -16872.0019531 -16417.7773438
-16174.7011719 -16762.4960938 -17326.8261719 -16678.2480469 -17030.2734375 -17122.2558594 -16760.2539062 -16411.7363281
-16459.4980469 -16773.5742188 -17440.4394531 -16797.1191406 -17067.6816406 -17230.1386719 -16795.3515625 -16471.4335938
-15365.2080078 -15817.1220703 -16332.2792969 -15617.7441406 -16035.5859375 -16038.6162109 -15809.7402344 -15310.4140625
-15307.7363281 -15699.2050781 -16371.4833984 -15628.3857422 -15971.0478516 -16112.4189453 -15835.4306641 -15244.9228516
-16298.2490234 -16689.2421875 -17283.7304688 -16678.9570312 -16927.1777344 -17061.1972656 -16727.1269531 -16393.2246094
-16183.9091797 -16472.7304688 -17150.6152344 -16686.4511719 -16703.5605469 -17063.7714844 -16557.2753906 -16144.9140625
-16002.3847656 -16483.7851562 -17014.1972656 -16430.8925781 -16950.6328125 -16688.6152344 -16620.6855469 -16039.7656250
-16647.5976562 -17081.9394531 -17693.0722656 -17000.6582031 -17409.2187500 -17555.2343750 -17146.9179688 -16847.3242188
-16897.9863281 -17330.6425781 -17789.0019531 -17103.5859375 -17662.1445312 -17530.5605469 -17369.9902344 -17015.6210938
-16894.9003906 -17197.5664062 -17782.2109375 -17157.4921875 -17487.3730469 -17534.0468750 -17294.2792969 -16907.2851562
-16613.6035156 -16764.9941406 -17451.8945312 -16746.3085938 -16994.8183594 -17242.5859375 -16789.5996094 -16530.9375000
-16707.0898438 -17136.7500000 -17801.8769531 -17120.7714844 -17338.7656250 -17525.2675781 -17075.8906250 -16816.1074219
-16886.7343750 -17529.5449219 -17706.0898438 -17203.3691406 -17801.7363281 -17468.5781250 -17666.4726562 -17109.3789062
-17373.7714844 -17862.7578125 -18134.2949219 -17696.9101562 -17920.7812500 -17964.8066406 -17760.3671875 -17357.2031250
-16552.7519531 -16736.9414062 -17608.9511719 -16886.2500000 -17020.8750000 -17348.7050781 -16841.9921875 -16384.7089844
-16629.5488281 -17380.1582031 -17216.3007812 -16751.2187500 -17630.3066406 -16979.0371094 -17467.9160156 -17094.6445312
-16814.3535156 -17102.0332031 -17685.8886719 -17197.2910156 -17541.9316406 -17519.9726562 -17246.8984375 -16837.4882812
-16631.5292969 -17060.0019531 -17715.6757812 -17013.4765625 -17305.9902344 -17424.9257812 -17074.5859375 -16692.0000000
-16557.3046875 -17086.4980469 -17517.0703125 -16754.2812500 -17284.3808594 -17158.2187500 -17085.1425781 -16706.7597656
-16053.9433594 -16372.7900391 -17096.8632812 -16463.8906250 -16702.4511719 -16850.7031250 -16430.3632812 -16188.3017578
-16618.2421875 -16957.7207031 -17715.9824219 -17010.5742188 -17328.9648438 -17320.6171875 -17042.2656250 -16674.8125000
-17907.4179688 -18195.5742188 -18656.3046875 -18206.8125000 -18629.1816406 -18570.3417969 -18470.5761719 -18098.7968750
-17589.7773438 -18032.6464844 -18410.1113281 -18007.6386719 -18270.9257812 -18270.1835938 -17991.9257812 -17561.4726562
-18150.3925781 -18448.1171875 -19013.6660156 -18506.9843750 -18662.8925781 -18858.0429688 -18487.0898438 -18128.4589844
-16956.2714844 -17501.2871094 -17536.2695312 -17036.5000000 -17873.6171875 -17311.7539062 -17581.4726562 -17204.8203125
-16025.4833984 -16627.6289062 -17180.2871094 -16470.1152344 -16911.9687500 -16979.3144531 -16613.6464844 -16211.6347656
-16954.0253906 -17386.9492188 -17878.2773438 -17231.7597656 -17716.6816406 -17697.6718750 -17367.7070312 -17058.4843750
-16711.2792969 -17114.0859375 -17129.7070312 -16723.4082031 -17329.3417969 -16691.4960938 -17108.4707031 -16647.8593750
-16560.9667969 -17059.5644531 -17543.6816406 -17039.1445312 -17375.1582031 -17242.9433594 -17127.5039062 -16717.2539062
-16413.0585938 -16802.6250000 -17495.8945312 -16695.2890625 -17132.8789062 -17177.2324219 -16832.4804688 -16522.0195312
-16593.1816406 -16928.9257812 -17410.5449219 -16983.9394531 -17044.2246094 -17169.8496094 -17037.6035156 -16613.2382812
-17036.0644531 -17170.1230469 -18204.9335938 -17398.7792969 -17500.7148438 -17925.1484375 -17304.6523438 -17018.4394531
-17080.3085938 -17287.9589844 -18109.9277344 -17487.9882812 -17493.1269531 -17926.5097656 -17338.7109375 -17037.9628906
-17056.4062500 -17636.5527344 -17809.9414062 -17412.1171875 -17794.0175781 -17631.3125000 -17590.8378906 -17238.7949219
-17847.4960938 -18603.3398438 -18086.9570312 -17698.0000000 -18745.3222656 -17821.2089844 -18572.3750000 -18155.0800781
-17154.7402344 -17552.3242188 -17948.1562500 -17438.1269531 -17841.6562500 -17807.8281250 -17654.7910156 -17428.7519531
-17011.2500000 -17171.9394531 -17920.1660156 -17310.7851562 -17577.7812500 -17620.5078125 -17218.7695312 -16922.8574219
-17416.1523438 -17496.1386719 -18409.2871094 -17675.5449219 -17672.3378906 -18126.5371094 -17549.0175781 -17442.7871094
-16534.1015625 -17118.7949219 -17546.6953125 -16995.2441406 -17131.4667969 -17339.5273438 -17149.9941406 -16631.9199219
-16646.4667969 -17117.4902344 -17608.3789062 -16939.7050781 -17498.4433594 -17401.1054688 -17388.8710938 -16840.3261719
-16522.7460938 -16988.6445312 -17536.2753906 -16847.2812500 -17151.6464844 -17264.8515625 -16970.4843750 -16583.6367188
-16038.3730469 -16615.7226562 -16907.3886719 -16287.6875000 -16690.7636719 -16792.9589844 -16621.1269531 -16134.5156250
-16880.1464844 -17066.6523438 -17677.7539062 -17006.8144531 -17311.8808594 -17398.3671875 -17118.7832031 -16853.4648438
-16770.4101562 -17152.1308594 -17681.2324219 -17067.0410156 -17549.6425781 -17416.5429688 -17319.1269531 -16850.2558594
-16836.3125000 -17455.0898438 -17660.8906250 -17152.9707031 -17887.4003906 -17446.6015625 -17514.1035156 -17111.3710938
-16777.1660156 -17139.2636719 -17549.6152344 -17160.1191406 -17526.3867188 -17469.4902344 -17218.8066406 -16930.6562500
-16816.6757812 -17243.4824219 -17276.7148438 -16634.8066406 -17591.1308594 -16906.0722656 -17265.2988281 -17048.3105469
-16717.1425781 -17195.0468750 -16961.0820312 -16256.0195312 -17611.8574219 -16674.8417969 -17262.7246094 -16967.1523438
-16882.2558594 -17428.6132812 -16875.1972656 -16264.1025391 -17551.4648438 -16732.0332031 -17436.3808594 -17062.9628906
-16998.4687500 -17387.5917969 -17368.6875000 -16430.8808594 -17599.9082031 -17029.1757812 -17445.7675781 -17191.0136719
-16678.2890625 -17213.2871094 -16980.9648438 -16095.2558594 -17568.6542969 -16709.5605469 -17242.9394531 -16932.9609375
-16840.0429688 -17197.7480469 -16965.0097656 -16255.9990234 -17590.7031250 -16716.4648438 -17387.3164062 -16998.3535156
-16806.0664062 -17189.4316406 -17238.2773438 -16410.8632812 -17587.1132812 -17033.6406250 -17410.0781250 -17010.0253906
-15839.3466797 -16255.8867188 -16231.4306641 -15434.3583984 -16518.6347656 -15880.5244141 -16115.8515625 -16001.1865234
-17283.1230469 -17756.0644531 -17575.1503906 -16876.0625000 -17860.7578125 -17239.0156250 -17571.0996094 -17435.1464844
-16869.9941406 -17323.3496094 -16974.1953125 -16533.7050781 -17566.1425781 -16915.1425781 -17447.4921875 -17031.7714844
-16362.7988281 -16727.1796875 -16669.4355469 -15992.3671875 -16870.8789062 -16475.0585938 -16601.6718750 -16516.0117188
-18217.6660156 -18843.9453125 -17246.9179688 -17830.1757812 -18911.0449219 -17828.7460938 -18769.3750000 -18498.8007812
-17882.2011719 -18436.5468750 -17108.4160156 -17190.2636719 -18625.5996094 -16976.7558594 -18359.6308594 -18014.1347656
-18674.8496094 -19083.4687500 -18116.6054688 -18397.6894531 -19304.4609375 -18144.6503906 -19237.9648438 -18888.4843750
-19202.1074219 -19641.5722656 -18564.7773438 -18803.0996094 -19763.7773438 -18621.1640625 -19620.4121094 -19277.8085938
-16912.3496094 -16641.9843750 -17861.2675781 -17111.4667969 -16535.5195312 -17652.1230469 -16399.3906250 -16803.0449219
-16927.4882812 -16536.7597656 -18054.5546875 -17358.1777344 -17097.5742188 -17725.4160156 -16712.8925781 -16728.2558594
-17991.3437500 -17803.1875000 -18872.1210938 -18261.3378906 -17564.7988281 -18675.1640625 -17412.6035156 -17955.0292969
-17413.9804688 -16891.7285156 -18404.1464844 -17799.6035156 -17420.5156250 -18298.5722656 -17151.6640625 -17379.4335938
-16357.9306641 -15820.1689453 -17529.5039062 -16708.7597656 -16343.8173828 -17345.6054688 -16046.9570312 -16213.8750000
-16473.0117188 -16098.9980469 -17645.7480469 -16871.0449219 -16490.9765625 -17315.4062500 -16229.6250000 -16431.3476562
-17149.8847656 -16635.5234375 -18135.2011719 -17444.6875000 -17230.7304688 -17990.8085938 -16974.4121094 -16963.7812500
-17108.1015625 -16989.6445312 -18151.6250000 -17394.6855469 -17233.6347656 -17875.1972656 -16971.1660156 -17013.2968750
-16496.1835938 -16272.7353516 -17790.2207031 -16949.6718750 -16702.7753906 -17487.6074219 -16306.2373047 -16224.9570312
-17020.7890625 -16366.1005859 -17969.4042969 -17341.6621094 -16953.7675781 -17785.0078125 -16781.0039062 -16929.7851562
-16829.4980469 -16325.4472656 -17990.7148438 -17211.9785156 -16807.0000000 -17741.0429688 -16503.5683594 -16707.4707031
-16549.7929688 -15928.0595703 -17703.3476562 -16968.4023438 -16457.0195312 -17564.1171875 -16154.9355469 -16408.1679688
-15837.9238281 -15370.6542969 -16955.8808594 -16170.5351562 -15903.1542969 -16727.0917969 -15593.5888672 -15698.9609375
-16743.7050781 -16314.0771484 -17964.2558594 -17229.1230469 -16740.3535156 -17611.9257812 -16477.7460938 -16630.3710938
-15813.0078125 -15675.5234375 -16946.3964844 -16259.0878906 -15409.3037109 -16805.1445312 -15160.3984375 -15694.5488281
-16782.7148438 -16474.9316406 -18009.0820312 -17110.3828125 -16404.9746094 -17640.3457031 -16364.9443359 -16637.1367188
-17444.0390625 -16918.6269531 -18347.9863281 -17739.2480469 -17452.7500000 -18225.4570312 -17278.9863281 -17408.3691406
-16734.0058594 -16184.1826172 -17916.0937500 -17129.4140625 -16895.3144531 -17687.2343750 -16422.8652344 -16641.3144531
-17412.3632812 -17244.8300781 -18355.3867188 -17643.2285156 -17175.3339844 -18180.6328125 -17055.8105469 -17428.6738281
-16805.1210938 -16301.7949219 -17874.0566406 -17119.2968750 -16880.1796875 -17790.6367188 -16475.7714844 -16666.4882812
-16897.4101562 -16781.3398438 -17893.4082031 -17159.8554688 -16708.6855469 -17680.3046875 -16390.3574219 -16777.9824219
-15358.1757812 -14636.1914062 -16637.8769531 -15653.6406250 -15254.9042969 -16326.3486328 -14971.4824219 -15080.5947266
-15156.5537109 -14718.5810547 -16706.8222656 -15694.1103516 -15347.2226562 -16322.5781250 -15165.5712891 -15085.1064453
-16238.1171875 -15975.1650391 -17455.6972656 -16477.9941406 -15646.3427734 -17176.4375000 -15462.3925781 -16150.8583984
-17241.4472656 -16957.5078125 -18300.6132812 -17578.3476562 -16828.3378906 -18154.3398438 -16719.5546875 -17231.2128906
-16416.2539062 -15955.9755859 -17673.0292969 -16790.2011719 -16582.5507812 -17488.4433594 -16351.9501953 -16357.8281250
-16673.0957031 -16206.7158203 -17916.9687500 -17157.6660156 -16631.5683594 -17685.0976562 -16449.8593750 -16535.5957031
-17342.6875000 -17002.5996094 -18209.3300781 -17523.1152344 -17291.7363281 -18046.9550781 -17065.5234375 -17194.0996094
-16162.7333984 -15597.7353516 -17391.8398438 -16662.0488281 -16155.0732422 -17183.0390625 -15880.8183594 -15949.1093750
-16410.1367188 -16269.5048828 -17540.6425781 -16602.4707031 -16055.0781250 -17308.4726562 -16006.5488281 -16395.7226562
-16026.3046875 -15484.4511719 -17566.2226562 -16505.7675781 -16260.2167969 -17211.6191406 -15839.1845703 -15920.5634766
-16294.1943359 -15776.3818359 -17378.7792969 -16580.7031250 -16216.7812500 -17281.6425781 -16000.5361328 -16081.4960938
-15745.7968750 -15136.5439453 -17136.7578125 -16156.7177734 -15873.9160156 -16861.6035156 -15524.5546875 -15585.0625000
-16959.1328125 -16582.2871094 -18023.3222656 -17087.7109375 -16877.6738281 -17854.8613281 -16603.6972656 -16829.1699219
-16214.1455078 -15891.3427734 -17373.5449219 -16622.4218750 -16238.2783203 -17258.8750000 -16059.7548828 -16073.0000000
-15406.0908203 -14918.3232422 -16647.2070312 -15743.0556641 -15480.5673828 -16518.4296875 -15071.3583984 -15234.0302734
-16488.9316406 -15879.9570312 -17707.1484375 -16999.5429688 -16394.8417969 -17495.1269531 -16213.3330078 -16374.7607422
-16070.2421875 -15666.5546875 -17344.5039062 -16430.5371094 -15546.7988281 -17057.1796875 -15533.8427734 -15913.9638672
-15621.2968750 -15379.2578125 -17051.1699219 -16165.2041016 -15046.6474609 -16702.7636719 -15000.7861328 -15445.2080078
-15485.0566406 -15088.4531250 -16633.2988281 -15858.1318359 -15087.2548828 -16469.1582031 -14849.6083984 -15337.4658203
-17691.0605469 -17299.3242188 -18726.9921875 -18078.9902344 -17791.7871094 -18601.7578125 -17658.7558594 -17612.3320312
-15277.7304688 -14471.3789062 -16626.5859375 -15676.5625000 -15219.4785156 -16428.7285156 -14871.5312500 -15039.8955078
-17675.2187500 -17213.5078125 -18506.7246094 -17815.8496094 -17656.8281250 -18338.9902344 -17433.4882812 -17600.6191406
-17684.0664062 -17487.8886719 -18588.4863281 -18023.5136719 -17487.1640625 -18438.9062500 -17324.6914062 -17620.0507812
-17119.1132812 -16860.3222656 -18223.7949219 -17507.7812500 -16931.4140625 -18005.4726562 -16671.8750000 -17037.7324219
-17730.2226562 -17208.3691406 -18560.0175781 -17961.6621094 -17858.3320312 -18418.6367188 -17550.5468750 -17597.6777344
-16021.5556641 -15417.6347656 -17427.4101562 -16578.8886719 -16094.4628906 -17220.0371094 -15802.3193359 -15865.5517578
-16730.4589844 -16366.4882812 -17777.2324219 -17016.7187500 -16790.9902344 -17511.4355469 -16371.9677734 -16569.7226562
-17248.5136719 -16870.8945312 -18203.1718750 -17380.5937500 -16745.8593750 -17957.0390625 -16683.7128906 -17053.2070312
-16956.3984375 -16731.5820312 -17818.9335938 -17206.9433594 -16413.9101562 -17499.2636719 -16345.1787109 -16794.1914062
-18675.8300781 -18256.8417969 -19437.0742188 -18893.5937500 -18719.0097656 -19230.2304688 -18550.0117188 -18573.9628906
-17277.7148438 -16881.1718750 -18107.2910156 -17434.8984375 -17366.5722656 -17973.8066406 -17107.5097656 -17070.5761719
-17312.4101562 -17106.0703125 -18127.6191406 -17466.9433594 -17019.7968750 -17999.3046875 -16878.6660156 -17164.1835938
-16097.0625000 -15555.2626953 -17185.1992188 -16341.1865234 -16170.0166016 -17040.4121094 -15918.7636719 -15932.6464844
-16188.2050781 -15534.4482422 -17439.4648438 -16462.6015625 -16428.8593750 -17256.7441406 -15958.9375000 -16077.8681641
-18654.4140625 -18230.3007812 -19473.5878906 -18945.5664062 -18742.9648438 -19336.8339844 -18534.2988281 -18547.9316406
-16746.3984375 -16183.3525391 -17815.3710938 -17112.1132812 -16840.0976562 -17637.3984375 -16582.4296875 -16548.3769531
-16554.0761719 -16346.8388672 -17574.9394531 -16906.4218750 -16375.4501953 -17519.0312500 -16140.4755859 -16556.3437500
-16496.9199219 -16272.6279297 -17608.2871094 -16903.0722656 -16269.7441406 -17333.9648438 -15932.5009766 -16378.7822266
-17291.1191406 -17061.4160156 -18114.7148438 -17578.2265625 -16863.8945312 -18032.3417969 -16697.4726562 -17058.2089844
-16625.5839844 -16418.5351562 -17665.4101562 -16938.7343750 -16123.4960938 -17475.5957031 -16074.8261719 -16513.7109375
-16302.9716797 -15997.9921875 -17332.6992188 -16581.0625000 -15649.1914062 -17198.9238281 -15781.7451172 -16146.9775391
-16739.9511719 -16272.0136719 -17777.8906250 -17068.3476562 -16760.3300781 -17569.4882812 -16606.8066406 -16644.3417969
-17460.5527344 -17318.4589844 -18442.2832031 -17793.3339844 -17386.6699219 -18267.8300781 -17172.8144531 -17468.9355469
-16900.4746094 -16587.7011719 -18041.3984375 -17325.5332031 -17040.3164062 -17774.6816406 -16908.2050781 -16796.8750000
-17013.3496094 -16528.7167969 -18007.0000000 -17309.0878906 -17025.2167969 -17737.0722656 -16908.2539062 -16958.5605469
-15691.3984375 -15028.7724609 -16985.7324219 -16021.8144531 -15625.7968750 -16722.2207031 -15408.7099609 -15499.2089844
-17219.0820312 -16957.4453125 -18253.5742188 -17533.7910156 -16796.2695312 -18027.3535156 -16840.1347656 -17025.8964844
-17762.2714844 -17210.5761719 -18787.5078125 -18083.7539062 -17707.6425781 -18519.6250000 -17557.1152344 -17600.3300781
-16494.5410156 -16057.9765625 -17566.4042969 -16864.2968750 -16212.4560547 -17471.7792969 -16011.3505859 -16424.3984375
-16715.8496094 -16254.8925781 -17846.6425781 -16972.8222656 -16958.0605469 -17689.4042969 -16559.0449219 -16639.5937500
-17180.1894531 -16698.7968750 -18117.1328125 -17458.9375000 -17231.3808594 -17965.2656250 -16872.4882812 -17044.5957031
-16824.6835938 -16538.6621094 -17770.8125000 -17114.7890625 -16543.9492188 -17558.5722656 -16220.1787109 -16688.1777344
-15926.6250000 -16201.8974609 -16579.4453125 -15953.5849609 -16646.1738281 -16256.2597656 -16275.1640625 -16128.3388672
-18040.8886719 -18303.6484375 -18172.4902344 -17812.0722656 -18657.7070312 -18054.7031250 -18408.0742188 -18075.3750000
-17735.3496094 -18404.9296875 -17174.9902344 -17234.4550781 -18497.8984375 -16838.7441406 -18398.2265625 -17957.4121094
-17494.9609375 -17882.2050781 -17798.0156250 -17243.9082031 -17957.9257812 -17672.0214844 -17901.3378906 -17555.0800781
-16536.8847656 -17003.7558594 -16646.9160156 -16215.5400391 -17362.9570312 -16532.4804688 -17089.6914062 -16807.1230469
-17806.2285156 -18220.1757812 -17832.0136719 -17409.4257812 -18561.9843750 -17735.8398438 -18281.4062500 -17992.4062500
-17166.5488281 -17518.1621094 -17520.1640625 -16872.5292969 -17858.6640625 -17311.5000000 -17644.8457031 -17378.5136719
-16845.3359375 -17286.7421875 -17081.6503906 -16421.5019531 -17493.9824219 -16884.6406250 -17327.6367188 -16973.8242188
-17089.2402344 -17399.3632812 -17231.1757812 -16845.1777344 -17666.4140625 -17083.7539062 -17502.3183594 -17187.4003906
-17787.0410156 -18238.3945312 -17456.3398438 -17297.4277344 -18447.9687500 -16890.3632812 -18203.6074219 -17962.3574219
-16255.1640625 -16734.0761719 -16861.9707031 -16120.8916016 -16911.6015625 -16633.3574219 -16735.2558594 -16287.3320312
-16412.9707031 -16273.0214844 -17787.9140625 -16960.9648438 -16080.5390625 -17461.8906250 -16118.2626953 -16337.2011719
-17418.2988281 -17214.9941406 -18223.6367188 -17667.3027344 -17031.5566406 -18054.6152344 -16838.1269531 -17250.6542969
-17580.3203125 -17487.5800781 -18396.0097656 -17817.5898438 -17435.3144531 -18204.6074219 -17307.8046875 -17496.3066406
-17571.2285156 -17453.1875000 -18401.4160156 -17955.6015625 -17284.3515625 -18212.1718750 -17185.6464844 -17487.4023438
-16890.3105469 -16737.5097656 -17832.2324219 -17215.6621094 -16541.5722656 -17581.2812500 -16314.1601562 -16775.8437500
-16745.3632812 -16511.7207031 -17886.7089844 -17101.1328125 -16123.6884766 -17754.3613281 -16164.1835938 -16586.8300781
-16876.3281250 -16572.3164062 -17739.3984375 -17076.9101562 -16440.7812500 -17629.6464844 -16396.5722656 -16678.8398438
-16650.0449219 -16474.8125000 -17755.2128906 -16958.0839844 -16222.1181641 -17467.8652344 -16154.0224609 -16557.3144531
-16761.7558594 -16434.4843750 -17710.4296875 -16911.8789062 -16149.9052734 -17443.7675781 -16081.0302734 -16587.3378906
-16617.0605469 -16432.1621094 -17678.2382812 -16941.7207031 -16207.3378906 -17439.3789062 -16020.1708984 -16384.3964844
-17630.9570312 -18242.9101562 -17575.4062500 -17396.5996094 -18378.0058594 -16850.6933594 -18190.2871094 -17903.7402344
-16496.3886719 -16221.9433594 -17663.1464844 -16929.2519531 -16222.5556641 -17563.7910156 -16242.9521484 -16383.0703125
-16641.0078125 -16459.7031250 -17673.3906250 -16937.2988281 -16393.8007812 -17436.4199219 -16092.1142578 -16455.7050781
-17912.0292969 -18590.8808594 -17487.1894531 -17600.0976562 -18762.4414062 -17259.0351562 -18625.7851562 -18195.9843750
-18983.8925781 -19401.6562500 -18641.1875000 -18622.1484375 -19651.4394531 -18574.0371094 -19492.1093750 -19150.0605469
-17760.8789062 -18435.4667969 -17342.1523438 -17452.4394531 -18617.0058594 -17266.1386719 -18439.3496094 -18006.7539062
-17991.3339844 -18452.2636719 -17442.9355469 -17556.9296875 -18612.1015625 -17242.6894531 -18492.2636719 -18176.9628906
-19329.1972656 -19791.5585938 -18926.0410156 -18970.3339844 -19909.2890625 -18798.5429688 -19743.4082031 -19520.3066406
-18734.1464844 -19062.0546875 -18554.1503906 -18478.9414062 -19315.0800781 -18423.7773438 -19192.1640625 -18838.5371094
-19437.5761719 -19858.6191406 -19147.3378906 -19177.3378906 -20037.1855469 -19010.6269531 -19964.6640625 -19637.9824219
-18599.1855469 -19049.3066406 -18047.2324219 -18200.9960938 -19265.7656250 -17999.0488281 -19056.6621094 -18780.9980469
-18452.0449219 -18933.3867188 -18308.3730469 -18150.0273438 -19102.8496094 -18043.2363281 -18930.2187500 -18611.4140625
-18448.5253906 -18940.8359375 -18142.5488281 -18014.0312500 -19175.0859375 -17914.6621094 -19032.8359375 -18735.0390625
-18430.6308594 -18988.5410156 -17979.0000000 -18018.8925781 -19014.6503906 -17923.3984375 -18863.9628906 -18540.8378906
-18707.5898438 -19119.0878906 -18198.1992188 -18231.1250000 -19323.0957031 -17999.4960938 -19127.6640625 -18917.4941406
-18892.5722656 -19386.9062500 -18483.1699219 -18505.7363281 -19591.3261719 -18312.8652344 -19494.9980469 -19106.9101562
-18874.9531250 -19313.8378906 -18559.7929688 -18431.2851562 -19387.8085938 -18351.8984375 -19292.0507812 -19044.6523438
-19664.4902344 -20073.3300781 -19314.9042969 -19338.4121094 -20168.3027344 -19128.9531250 -20083.0703125 -19782.1816406
-18165.9082031 -18729.2597656 -17791.3886719 -17811.6953125 -18886.9609375 -17651.4863281 -18758.5761719 -18450.7792969
-18411.9003906 -19123.3066406 -18010.9082031 -18137.3886719 -19340.8945312 -17954.6289062 -19187.3398438 -18824.4609375
-18946.6738281 -19489.5449219 -18757.4277344 -18710.1445312 -19679.4101562 -18546.9218750 -19563.0546875 -19223.3789062
-19117.5859375 -19624.0000000 -18748.0566406 -18702.0781250 -19741.9785156 -18707.8535156 -19687.5488281 -19337.4550781
-16059.3896484 -16003.9414062 -17182.1171875 -16360.8759766 -15884.8486328 -16771.1992188 -15557.7675781 -15963.3535156
-16411.9218750 -16260.5380859 -17395.2148438 -16699.6933594 -15930.8134766 -17238.3007812 -15902.8349609 -16246.3671875
-19057.9824219 -19289.7695312 -19194.0351562 -18937.4394531 -19284.6679688 -18962.0410156 -19144.2265625 -19108.9140625
-18705.3300781 -18572.8222656 -19270.7109375 -18754.6074219 -18419.6992188 -19123.7578125 -18312.7578125 -18621.8789062
-18301.8085938 -18117.0292969 -19323.7421875 -18697.4257812 -18051.4257812 -18949.8300781 -17962.3593750 -18303.8515625
-17494.7734375 -17226.2617188 -18525.0839844 -17726.9707031 -17066.4394531 -18368.1054688 -16852.3750000 -17352.2890625
-17602.7246094 -17443.1816406 -18520.5371094 -17939.4531250 -17131.5390625 -18332.0351562 -16952.2617188 -17459.0019531
-14991.5214844 -14670.9160156 -16296.0869141 -15412.2646484 -14575.7275391 -16117.0527344 -14349.6035156 -14811.6904297
-16840.4980469 -16604.2773438 -17826.1308594 -17125.0703125 -16679.8496094 -17617.4531250 -16380.2968750 -16707.5019531
-15597.5878906 -15237.2802734 -16903.9238281 -15946.4316406 -14914.5722656 -16515.0058594 -14958.8095703 -15445.7314453
-15925.8955078 -15833.7480469 -16872.1777344 -16272.1171875 -15610.6171875 -16853.7714844 -15466.0224609 -15999.2451172
-15848.5166016 -15583.3447266 -17079.0000000 -16069.0126953 -15604.2998047 -16824.5937500 -15277.8691406 -15765.2832031
-17539.1132812 -17340.9726562 -18424.6835938 -17719.6875000 -17211.7402344 -18094.1015625 -16950.9843750 -17428.2773438
-16053.8398438 -16008.5039062 -17240.8632812 -16586.2109375 -16070.8906250 -17112.6171875 -15903.7441406 -16076.0791016
-17616.0078125 -17430.3085938 -18523.8574219 -17933.0527344 -17352.4648438 -18383.3046875 -17095.0683594 -17527.4492188
-16697.7617188 -16443.9648438 -17780.6718750 -16977.5292969 -16256.7226562 -17742.2304688 -16093.5039062 -16664.7089844
-17256.7656250 -17064.5292969 -18397.5859375 -17646.9453125 -17006.0644531 -18199.4667969 -16872.4980469 -17264.6796875
-16576.4687500 -16458.2167969 -17851.7578125 -17061.5273438 -16323.7451172 -17573.9570312 -16235.7373047 -16615.5507812
-17927.1308594 -17773.4472656 -18798.5820312 -18087.9003906 -17614.2832031 -18616.9687500 -17485.2792969 -17825.4101562
-17476.4687500 -17331.4921875 -18367.4726562 -17805.4433594 -17032.0253906 -18229.8632812 -17100.6718750 -17407.8261719
-17104.7792969 -17039.6718750 -18130.0253906 -17448.2363281 -16894.3457031 -17974.9335938 -16739.9511719 -16958.1210938
-16677.3652344 -16530.0546875 -17289.0878906 -16596.1777344 -16593.4863281 -16915.2558594 -16389.8945312 -16654.9316406
-17104.4121094 -17321.1953125 -18198.8945312 -17406.1640625 -17511.6953125 -17902.8769531 -17346.0214844 -16931.4863281
-16358.0136719 -16311.4326172 -17550.8710938 -16850.2734375 -16676.0546875 -17270.9238281 -16500.6875000 -16294.7421875
-16410.2792969 -16525.1777344 -17483.2089844 -16778.7265625 -16726.4218750 -17157.1132812 -16745.7597656 -16287.1083984
-15777.3056641 -15618.4882812 -17128.7519531 -16271.7666016 -16005.4101562 -16895.2500000 -15863.8564453 -15479.3671875
-16461.5605469 -16580.8945312 -17450.1308594 -16809.0820312 -17027.7109375 -17218.8378906 -16726.0371094 -16320.5683594
-15976.3818359 -15617.9531250 -17230.2050781 -16362.5146484 -16273.9013672 -17043.2285156 -16055.6757812 -15773.0332031
-16510.3867188 -16655.7695312 -17737.4707031 -16990.5332031 -16914.9492188 -17569.0859375 -16657.8066406 -16355.7695312
-16531.3222656 -16337.6171875 -17752.2402344 -16844.5820312 -16107.6562500 -17445.1757812 -16112.3857422 -16408.0761719
-16518.6542969 -16569.7304688 -17652.7578125 -16929.8046875 -16697.8085938 -17394.6718750 -16642.4355469 -16343.6162109
-16114.8935547 -16289.3212891 -16938.8183594 -16434.6542969 -16662.4277344 -16925.4843750 -16321.6171875 -15872.2392578
-15887.5986328 -15990.0517578 -17124.3632812 -16330.8183594 -16483.0546875 -16799.6855469 -16007.9287109 -15765.6093750
-16829.4628906 -16669.1093750 -17743.5859375 -17093.7675781 -17252.6152344 -17513.9023438 -16925.1464844 -16666.6562500
-17597.5000000 -17820.2070312 -18442.8027344 -17845.7128906 -17938.6152344 -18120.3593750 -17765.2304688 -17405.9863281
-16494.4511719 -16686.1015625 -17672.0722656 -17001.6269531 -17054.1914062 -17324.9355469 -16771.5781250 -16210.7978516
-18826.0097656 -18893.1621094 -19254.0839844 -18683.9003906 -19171.7890625 -19016.6796875 -18983.1308594 -18828.9277344
-16034.3525391 -16136.0498047 -17117.3300781 -16318.8798828 -16599.0039062 -16765.7363281 -16287.8330078 -16007.9726562
-16317.4755859 -16465.9121094 -17608.4785156 -16879.4628906 -16792.0292969 -17389.1582031 -16650.7890625 -16197.8740234
-17261.8964844 -17273.9609375 -17946.1542969 -17313.9726562 -17729.5839844 -17699.7304688 -17346.3164062 -17061.6074219
-17497.3847656 -17524.8574219 -18230.8691406 -17700.8222656 -17978.6972656 -18091.4824219 -17672.7441406 -17391.3496094
-16722.2949219 -16629.2792969 -17744.9003906 -17021.3593750 -16897.7617188 -17537.9550781 -16639.9902344 -16634.5117188
-16244.8925781 -15869.4902344 -17697.7148438 -16737.5722656 -16508.0351562 -17205.1914062 -16296.5009766 -16049.7480469
-15995.3867188 -15512.7480469 -17271.8066406 -16467.1328125 -16087.7324219 -17218.1601562 -15899.3193359 -15849.3886719
-15933.3447266 -15559.6181641 -17101.6660156 -16412.4062500 -16022.6962891 -16952.7675781 -15653.4970703 -15755.9843750
-17342.4472656 -17035.6816406 -18268.0878906 -17701.3476562 -17375.2031250 -18136.9082031 -17194.7402344 -17327.4804688
-17220.3457031 -16928.6621094 -18219.4921875 -17552.6640625 -16958.2070312 -18047.6562500 -16696.1894531 -17180.6640625
-15867.0732422 -15384.1015625 -16892.2167969 -16132.6035156 -15937.1718750 -16715.5273438 -15625.9550781 -15702.6894531
-16738.0625000 -16636.9257812 -17778.3535156 -17144.3671875 -16603.2343750 -17679.8359375 -16401.0488281 -16724.8515625
-16725.5117188 -16543.2460938 -17643.6601562 -17004.0000000 -16983.4746094 -17421.0468750 -16726.5019531 -16533.2363281
-18765.5800781 -18652.1132812 -19464.3457031 -19126.9648438 -18486.4003906 -19339.8789062 -18550.5957031 -18781.9824219
-16969.5722656 -16634.4960938 -18178.1152344 -17204.1386719 -16937.3105469 -18042.5292969 -16698.2988281 -16921.5839844
-17776.8535156 -17175.8085938 -18536.0917969 -17822.2226562 -17694.8417969 -18443.3906250 -17465.9804688 -17579.0585938
-17710.1445312 -17372.4628906 -18576.2617188 -17967.7460938 -17953.5898438 -18459.9648438 -17568.4628906 -17592.6992188
-18240.8554688 -17840.8769531 -19037.3457031 -18414.3027344 -18254.1406250 -18819.8945312 -18018.7617188 -18205.1953125
-18744.0214844 -19351.1328125 -18284.0351562 -18356.2675781 -19403.1289062 -18053.6933594 -19300.1230469 -18926.2187500
-18704.6582031 -18471.6386719 -19287.9863281 -18798.6855469 -18406.0917969 -19224.2460938 -18391.1289062 -18580.9531250
-19193.3750000 -19579.3183594 -18952.2480469 -18844.1367188 -19642.9609375 -18636.3554688 -19527.6953125 -19311.0859375
-18755.1660156 -18409.2324219 -19529.3964844 -19016.3730469 -18695.3183594 -19381.6347656 -18526.3789062 -18705.1406250
-19041.5937500 -18736.7070312 -19809.6113281 -19341.2539062 -19075.5546875 -19672.1757812 -18949.8808594 -18913.1933594
-18304.3593750 -18700.6894531 -18615.8925781 -18261.0449219 -18748.9863281 -18124.1210938 -18788.7753906 -18467.8105469
-18349.5683594 -17966.2285156 -19204.8300781 -18525.7988281 -18326.6953125 -19062.5957031 -18143.3730469 -18239.9375000
-18165.4355469 -18008.1738281 -19000.1347656 -18312.6464844 -17905.9511719 -18873.2636719 -17690.0351562 -18081.0234375
-18012.3476562 -18382.5683594 -18593.1328125 -18181.5097656 -18521.6757812 -18322.1621094 -18345.3925781 -17998.4082031
-17930.5078125 -17782.2441406 -18928.3183594 -18182.7832031 -17497.8183594 -18594.5917969 -17400.8730469 -17799.2871094
-18832.1796875 -18522.3222656 -19416.5644531 -19037.4531250 -19012.5507812 -19425.5019531 -18672.4960938 -18788.8671875
-18451.7402344 -18791.6367188 -18715.8593750 -18386.3750000 -18846.0527344 -18477.5976562 -18643.9570312 -18563.5078125
-17080.7324219 -17396.8261719 -17855.8339844 -16984.4882812 -17622.1796875 -17523.3710938 -17369.5664062 -17235.6289062
-18912.9101562 -19472.4492188 -18673.5546875 -18723.0312500 -19712.8105469 -18318.1347656 -19588.4980469 -19185.4863281
-18319.1777344 -18008.7734375 -19105.4238281 -18458.0683594 -18446.9765625 -18959.8593750 -18167.4257812 -18238.6113281
-18495.3027344 -18098.9765625 -19308.3652344 -18456.9746094 -18464.3710938 -19053.4179688 -18323.8828125 -18422.7070312
-18046.3906250 -17806.1250000 -18850.7636719 -18270.7441406 -17738.9902344 -18772.5800781 -17641.9824219 -17939.7636719
-17005.0683594 -16595.7343750 -17950.1503906 -17304.3183594 -17224.6972656 -17699.0800781 -16730.8476562 -16908.9863281
-18105.5527344 -17899.0449219 -19075.1699219 -18301.7949219 -17949.8964844 -18837.6875000 -17724.2558594 -18096.5898438
-18606.1308594 -19054.9863281 -18181.9257812 -18185.8476562 -19289.5351562 -17909.7929688 -19208.1855469 -18765.2636719
-18004.9414062 -18474.4453125 -17656.4335938 -17529.5859375 -18635.9355469 -17181.4375000 -18506.6484375 -18173.5253906
-17927.1953125 -17594.9941406 -18911.8203125 -18304.1816406 -18037.6894531 -18879.8691406 -17887.3164062 -17847.5332031
-17955.7246094 -17604.8535156 -18922.2832031 -18221.5898438 -17920.5976562 -18669.4628906 -17631.3554688 -17816.0644531
-17025.0253906 -16579.1250000 -18052.6542969 -17362.8339844 -17079.1152344 -17901.8847656 -16763.8105469 -16941.1210938
-18738.7382812 -19231.2031250 -18454.8359375 -18378.1933594 -19470.4003906 -18060.2246094 -19187.3320312 -18929.2050781
