-16997.3457031 -17298.4179688 -17862.7812500 -17282.5273438 -17596.3046875 -17729.0488281 -17304.7128906 -16914.2363281
-17686.2382812 -18005.1054688 -18467.0742188 -17994.8925781 -18235.7226562 -18338.6738281 -17978.6523438 -17776.6074219
-16367.3671875 -16780.5996094 -17601.6679688 -16829.6386719 -17126.6367188 -17444.8496094 -16690.5859375 -16483.6992188
-17553.0156250 -17902.3710938 -18308.2246094 -17717.9394531 -18231.9531250 -18055.6308594 -18013.9492188 -17732.7382812
-15856.1572266 -16295.8896484 -16920.3730469 -16255.6220703 -16534.2343750 -16588.3457031 -16324.2724609 -16061.0654297
-16047.1953125 -16842.1972656 -17045.9121094 -16458.1582031 -16874.0937500 -16684.8828125 -16686.3769531 -16318.8222656
-16315.8193359 -16841.4023438 -17222.1953125 -16594.3300781 -17140.6035156 -16947.7128906 -16874.8925781 -16366.1220703
-15784.6191406 -16285.4863281 -16936.7695312 -16352.2988281 -16667.5566406 -16667.0332031 -16339.4951172 -16013.2177734
-16159.6318359 -16429.7519531 -17251.9238281 -16452.1308594 -16683.9843750 -16987.2050781 -16437.2871094 -16125.1738281
-16049.8105469 -16416.3945312 -16976.1640625 -16306.0273438 -16708.3222656 -16838.2558594 -16398.1562500 -16161.4189453
-16509.2851562 -16748.3125000 -17502.8476562 -16787.3437500 -17066.2753906 -17347.5019531 -16746.6894531 -16434.0078125
-16066.7158203 -16500.9687500 -17046.6582031 -16483.1464844 -16738.9746094 -16983.0683594 -16470.0859375 -16354.8203125
-17674.5585938 -18005.1152344 -18484.6953125 -17950.9667969 -18227.9238281 -18234.7558594 -18020.6816406 -17785.1035156
-16557.4121094 -17072.6933594 -17384.5781250 -16835.4550781 -17211.4335938 -17278.2910156 -17073.1093750 -16677.0937500
-16316.6132812 -16842.2011719 -17277.2187500 -16628.4199219 -16955.3261719 -17016.2988281 -16783.0878906 -16405.1816406
-16525.6113281 -16945.4199219 -17374.2988281 -16819.1035156 -17300.8535156 -17289.6992188 -16874.8359375 -16480.5527344
-16520.8359375 -16773.5234375 -17484.6289062 -16780.5937500 -16916.5371094 -17295.1523438 -16662.7890625 -16532.6601562
-16161.6552734 -16448.0761719 -17450.0000000 -16513.5175781 -16686.3730469 -17208.9941406 -16506.5878906 -16118.0585938
-16633.2128906 -16909.7968750 -17696.0917969 -16904.6464844 -17215.4355469 -17369.4042969 -16946.1855469 -16745.8496094
-16270.6835938 -16669.1308594 -17345.8847656 -16563.0156250 -16840.4375000 -17084.7500000 -16594.8691406 -16359.0029297
-16522.6484375 -16974.9687500 -17413.5117188 -16877.3007812 -17318.3164062 -17198.3144531 -17062.8906250 -16651.4023438
-15519.5371094 -16074.1484375 -16590.4980469 -15946.5683594 -16321.1425781 -16170.5869141 -15948.2578125 -15575.3867188
-15685.3427734 -16143.2470703 -16801.3925781 -16076.3652344 -16339.2656250 -16514.7539062 -16111.0908203 -15697.5439453
-16229.0498047 -16563.4726562 -17343.4238281 -16594.9746094 -17049.1210938 -17127.8144531 -16660.5488281 -16310.5527344
-16507.6660156 -16913.0546875 -17479.1992188 -16895.1250000 -17208.6015625 -17273.5136719 -17064.1230469 -16597.8730469
-16452.0839844 -16890.0820312 -17251.4707031 -16602.9433594 -16974.4921875 -17103.4980469 -16755.5761719 -16461.5234375
-16630.2460938 -16998.4960938 -17472.0449219 -16975.0703125 -17386.7304688 -17348.5644531 -17018.2636719 -16635.5878906
-16822.6308594 -17205.2597656 -17972.8359375 -17277.1972656 -17503.8945312 -17602.8925781 -17269.9707031 -16876.9550781
-17021.8105469 -17582.6582031 -17865.4277344 -17257.4648438 -17912.1503906 -17696.0488281 -17598.5683594 -17252.7578125
-16576.5644531 -17023.8652344 -17483.7714844 -16882.5507812 -17342.3886719 -17284.9726562 -17016.0996094 -16810.5078125
-17137.4394531 -17436.6035156 -18027.3261719 -17459.8105469 -17569.8710938 -17872.2304688 -17477.3710938 -17237.0117188
-17096.5253906 -17443.5390625 -17857.5507812 -17396.8359375 -17788.9238281 -17662.7324219 -17514.8476562 -17175.4414062
-17341.9218750 -17454.8261719 -18097.0136719 -17600.4472656 -17804.4179688 -17922.2578125 -17515.8867188 -17203.7812500
-16574.4042969 -16793.1367188 -17450.2089844 -16805.7050781 -16954.6992188 -17216.5996094 -16760.4394531 -16327.1191406
-16900.5156250 -17798.6289062 -17386.6601562 -17031.4316406 -17936.7929688 -17103.9824219 -17738.8730469 -17465.7382812
-16458.4531250 -16803.8593750 -17580.0351562 -16829.4394531 -17093.8222656 -17288.4062500 -16827.3496094 -16491.1015625
-16868.5781250 -17375.7578125 -17830.1230469 -17120.7460938 -17488.9843750 -17719.2871094 -17309.9726562 -17038.0332031
-16712.9882812 -17157.5234375 -17526.8652344 -17004.3183594 -17417.7128906 -17303.2812500 -17126.7363281 -16912.7597656
-16383.6923828 -16804.8417969 -17368.1621094 -16743.0000000 -17162.0292969 -17033.0292969 -16997.9609375 -16526.6503906
-16668.7949219 -16970.1777344 -17642.2382812 -17067.2109375 -17228.5703125 -17453.9433594 -17041.8457031 -16716.1777344
-17819.9550781 -18151.3613281 -18458.4082031 -18004.4296875 -18459.2617188 -18344.5078125 -18160.8203125 -17868.1054688
-17652.2421875 -17911.9472656 -18532.0703125 -18022.3808594 -18118.3222656 -18346.9667969 -17914.3945312 -17588.6796875
-18129.8496094 -18589.7617188 -18802.5273438 -18389.8867188 -18774.2480469 -18615.8320312 -18502.7226562 -18176.8398438
-16753.6171875 -17021.6464844 -17665.7187500 -17083.2910156 -17242.8027344 -17529.4453125 -17076.9355469 -16767.8750000
-16470.4101562 -16951.8691406 -17540.9765625 -16817.1171875 -17200.7031250 -17172.1796875 -16962.0214844 -16600.0488281
-17388.9765625 -17618.9707031 -18381.2382812 -17704.6972656 -17833.8339844 -18098.1855469 -17599.5078125 -17487.8085938
-17135.8906250 -17552.0703125 -17681.1738281 -17156.9355469 -17680.5449219 -17270.4980469 -17596.4550781 -17072.9980469
-16975.7089844 -17455.3300781 -17845.1054688 -17231.4121094 -17607.1386719 -17658.5175781 -17336.8515625 -17076.1992188
-16741.9296875 -17066.1308594 -17626.0253906 -17054.3613281 -17326.5058594 -17432.9746094 -17062.5839844 -16793.8652344
-16818.4121094 -17222.7832031 -17778.7929688 -17236.4707031 -17472.0722656 -17483.5175781 -17298.4101562 -16953.4804688
-17201.6816406 -17322.9218750 -18187.9550781 -17533.8046875 -17584.8808594 -18036.6894531 -17330.2968750 -16951.3144531
-17038.3593750 -17449.6035156 -18130.6210938 -17498.9199219 -17719.2500000 -17862.2500000 -17446.9238281 -17026.4355469
-16999.8046875 -17186.6250000 -17876.3046875 -17316.6679688 -17495.7714844 -17689.7207031 -17284.6953125 -16979.8281250
-17668.2265625 -18222.6503906 -18176.1250000 -17669.8496094 -18551.7285156 -17926.5371094 -18403.7578125 -18022.7031250
-17298.5527344 -18016.9921875 -18233.8300781 -17711.3847656 -18150.7949219 -17927.5175781 -17936.0078125 -17547.1250000
-17079.0156250 -17325.6425781 -18038.3710938 -17448.1933594 -17503.9550781 -17948.0722656 -17358.3281250 -17164.8515625
-17267.8105469 -17546.5664062 -18236.1191406 -17565.0214844 -17879.5996094 -18090.7441406 -17605.2128906 -17346.9707031
-16937.8750000 -17408.1132812 -17878.1835938 -17273.3867188 -17540.1113281 -17571.5175781 -17311.7050781 -16944.0859375
-16971.6367188 -17351.5507812 -17792.7812500 -17167.3632812 -17602.3457031 -17489.9882812 -17390.4199219 -17203.5761719
-16681.3789062 -16817.0839844 -17630.4394531 -17035.8222656 -17176.0136719 -17507.2656250 -16964.6914062 -16445.9765625
-16242.0839844 -16739.7187500 -17366.2089844 -16558.5976562 -16929.7011719 -16970.5429688 -16776.7148438 -16342.6396484
-16584.3769531 -16796.0156250 -17497.6406250 -16818.8671875 -17066.5625000 -17240.4062500 -16734.9433594 -16394.6464844
-17188.3789062 -17370.6484375 -18118.2656250 -17407.4726562 -17657.9003906 -17907.3437500 -17417.4277344 -17181.9257812
-17041.6171875 -17427.8222656 -17892.8339844 -17245.7128906 -17673.3964844 -17764.7070312 -17389.8671875 -17175.0722656
-16856.4160156 -17196.8027344 -17710.6250000 -17185.5566406 -17424.5898438 -17530.9960938 -17061.7753906 -16902.3925781
-16993.1347656 -17388.7480469 -17061.1367188 -16584.2187500 -17533.0917969 -17028.7207031 -17406.3496094 -17126.8125000
-16893.2597656 -17483.6796875 -17273.3691406 -16621.0195312 -17693.4882812 -16945.2343750 -17400.1523438 -17179.2031250
-16839.1328125 -17210.8789062 -17215.2187500 -16534.7871094 -17457.1972656 -17000.3945312 -17138.0800781 -17055.6601562
-17356.7089844 -17838.6679688 -17403.0000000 -16867.1875000 -18063.6093750 -17284.7910156 -17914.7500000 -17661.7382812
-16831.0527344 -17438.6269531 -17055.4218750 -16299.5712891 -17598.9277344 -16754.1738281 -17380.1230469 -16999.6679688
-17090.6875000 -17690.6093750 -17140.2539062 -16397.8027344 -17897.0234375 -16793.6718750 -17699.7832031 -17281.9941406
-17194.6582031 -17773.5371094 -17362.7988281 -16761.6894531 -18123.8808594 -17344.9960938 -17818.6484375 -17325.0605469
-15719.3515625 -16097.3222656 -16373.2460938 -15704.5478516 -16347.1367188 -16043.2070312 -16114.9873047 -15924.0449219
-17114.4921875 -17607.2265625 -17134.3105469 -16732.3632812 -17733.5058594 -17010.6933594 -17587.2285156 -17268.2753906
-16912.7675781 -17245.8496094 -17100.5429688 -16380.0605469 -17516.5566406 -16941.2949219 -17360.9335938 -17114.4570312
-16551.6542969 -17102.5859375 -16971.4589844 -16276.2363281 -17217.2460938 -16784.2089844 -16960.8085938 -16740.8398438
-18290.2578125 -18900.6875000 -17357.4257812 -17842.9863281 -18948.3320312 -17889.5898438 -18873.9277344 -18520.4980469
-17671.9179688 -18279.4531250 -17152.4531250 -17323.0312500 -18522.1308594 -17010.6425781 -18256.8476562 -17990.8925781
-18471.1679688 -19073.2226562 -18035.6230469 -18276.5527344 -19295.5273438 -18092.1992188 -19026.7050781 -18710.2656250
-18999.2246094 -19668.1562500 -18600.3593750 -18697.6855469 -19724.6269531 -18613.7050781 -19608.5175781 -19330.8281250
-16804.9101562 -16586.1640625 -17862.5878906 -17184.4199219 -16368.1396484 -17716.3125000 -16360.5283203 -16688.8457031
-17335.2246094 -16841.4101562 -18339.5566406 -17647.8710938 -17520.3281250 -18296.3242188 -17190.4941406 -17167.6621094
-18062.3515625 -17745.9238281 -18874.5019531 -18254.0058594 -17834.6230469 -18779.5371094 -17581.0117188 -17899.5800781
-17860.4414062 -17385.5761719 -18593.4277344 -18129.2070312 -17884.7500000 -18380.7753906 -17690.8125000 -17720.5957031
-16418.8886719 -16028.9658203 -17617.4160156 -16744.6640625 -16693.3964844 -17435.9492188 -16363.2070312 -16316.1250000
-16573.0703125 -16125.5664062 -17723.6328125 -17003.9160156 -16654.4980469 -17543.7832031 -16455.7695312 -16397.4707031
-16991.3046875 -16581.7363281 -17981.1718750 -17371.5507812 -17011.2832031 -17849.3710938 -16781.3593750 -16887.5566406
-17164.8925781 -16762.2402344 -18259.8320312 -17448.1660156 -17026.0625000 -17908.7539062 -16910.7148438 -16978.1093750
-16501.4609375 -16314.5859375 -17586.9199219 -16824.5625000 -16711.2832031 -17398.1718750 -16410.8886719 -16233.9902344
-17185.4746094 -16735.5878906 -18273.4628906 -17555.5781250 -17382.4082031 -18097.8828125 -17068.5625000 -17046.1601562
-17002.5312500 -16572.5957031 -18068.3203125 -17393.5683594 -16891.8339844 -17863.7207031 -16761.6171875 -16883.6894531
-16729.1132812 -16225.3037109 -17540.5019531 -17007.3710938 -16743.7656250 -17562.5253906 -16533.4921875 -16493.0390625
-16357.7373047 -15972.6279297 -17455.5859375 -16649.4121094 -16448.2265625 -17347.4179688 -16222.5078125 -16171.4599609
-16684.6699219 -16247.0947266 -17800.8710938 -17109.6015625 -16766.8964844 -17628.1621094 -16463.4238281 -16571.7109375
-16444.0156250 -16022.2412109 -17531.7246094 -16753.7441406 -15994.9375000 -17339.7480469 -15713.7255859 -16257.2929688
-16792.4921875 -16563.3710938 -17857.9667969 -17267.9628906 -16543.0410156 -17743.4785156 -16261.1025391 -16625.3652344
-17651.7382812 -17313.8515625 -18690.3769531 -18023.1191406 -17900.1562500 -18550.2480469 -17645.1035156 -17644.9238281
-16481.1523438 -15869.8291016 -17594.6191406 -16806.3593750 -16524.9335938 -17288.2343750 -16285.9619141 -16359.9921875
-17754.8574219 -17603.4648438 -18671.2558594 -18101.6699219 -17549.3476562 -18536.0527344 -17435.1191406 -17614.4394531
-16781.9414062 -16324.6904297 -17737.0156250 -17208.0000000 -16864.0058594 -17671.1406250 -16584.5058594 -16676.7460938
-16908.4687500 -16716.5273438 -17849.3125000 -17226.7128906 -16575.3261719 -17669.8964844 -16344.3779297 -16738.6699219
-15487.7500000 -14966.1064453 -16755.8359375 -15974.2714844 -15470.8466797 -16587.5546875 -15316.2109375 -15292.6650391
-15452.6201172 -14830.1679688 -16885.0507812 -15920.0068359 -15635.6210938 -16617.9414062 -15268.8193359 -15368.5000000
-15991.7929688 -15675.7558594 -17069.2617188 -16406.5312500 -15658.9248047 -17055.4824219 -15548.5410156 -15798.7900391
-17048.4746094 -16839.9121094 -17991.1386719 -17397.7656250 -16681.5488281 -17846.1562500 -16530.4824219 -16973.1093750
-16730.0566406 -16125.2207031 -17774.0566406 -17018.4140625 -16809.2167969 -17581.1933594 -16552.5136719 -16498.6289062
-16769.1230469 -16279.6503906 -18010.6601562 -17174.2246094 -16873.4375000 -17747.0566406 -16520.0996094 -16665.2167969
-17341.8847656 -16975.9296875 -18317.9121094 -17650.9316406 -17454.0488281 -18225.9902344 -17166.2949219 -17131.2050781
-16408.1894531 -15815.7441406 -17506.7695312 -16722.1933594 -16373.8369141 -17268.8710938 -16105.4648438 -16121.8535156
-16700.6816406 -16483.6699219 -17756.0546875 -16967.8710938 -16432.5000000 -17451.6230469 -16289.5263672 -16578.1914062
-16039.5175781 -15405.3076172 -17005.2304688 -16370.3652344 -16049.6767578 -16890.9375000 -15836.4970703 -15772.6337891
-15973.6777344 -15431.1640625 -17199.0332031 -16401.7265625 -16157.8212891 -17142.4082031 -15807.3515625 -15806.3320312
-16046.3818359 -15467.8447266 -17219.4492188 -16447.3691406 -16156.1337891 -17020.3457031 -15796.9765625 -15768.5839844
-17039.4570312 -16779.3339844 -18147.9667969 -17434.5625000 -17052.5605469 -17999.4960938 -16739.2929688 -16937.5859375
-17075.1933594 -16799.7265625 -18155.9042969 -17369.1738281 -16751.3632812 -17957.8925781 -16633.9492188 -16910.9199219
-15767.1523438 -15199.1181641 -17022.3886719 -16170.6250000 -15842.0654297 -16735.3339844 -15543.7861328 -15600.5029297
-16420.1542969 -15940.7802734 -17347.4707031 -16719.6542969 -16496.1542969 -17407.3574219 -16226.1201172 -16211.5644531
-16062.2421875 -15728.5351562 -17414.0175781 -16395.4316406 -15799.2714844 -17152.0273438 -15540.1181641 -15856.0292969
-15692.0576172 -15318.0224609 -16893.0820312 -16045.0175781 -15405.5107422 -16702.9960938 -15206.8583984 -15419.7832031
-15788.7656250 -15473.7988281 -16919.4472656 -16149.9570312 -15555.2607422 -16605.1035156 -15226.1025391 -15584.1894531
-17688.8300781 -17294.9433594 -18611.7773438 -18060.8945312 -17725.7324219 -18396.0468750 -17626.3808594 -17556.9023438
-15467.2753906 -14954.5517578 -16772.1933594 -16007.0810547 -15473.3593750 -16516.7031250 -15126.5312500 -15193.9345703
-18078.0410156 -17661.4531250 -18782.7890625 -18265.2363281 -17971.6445312 -18637.8339844 -17823.3652344 -17757.4160156
-17935.0527344 -17667.2089844 -18870.8867188 -18105.1953125 -17649.5898438 -18680.4179688 -17481.7167969 -17859.0527344
-17352.8378906 -17141.3222656 -18080.4941406 -17637.0957031 -17007.8535156 -18000.0605469 -16779.6777344 -17229.4550781
-17794.7890625 -17575.8300781 -18860.6210938 -18184.4628906 -17911.8339844 -18673.6406250 -17668.1621094 -17729.6445312
-16241.4052734 -15495.5664062 -17332.4824219 -16609.0312500 -16222.1074219 -17117.5019531 -15958.4687500 -16078.6835938
-16669.8535156 -16302.8193359 -17570.2636719 -17068.5039062 -16813.2246094 -17563.7519531 -16685.3769531 -16612.1308594
-16882.2207031 -16673.8398438 -17953.3496094 -17310.2402344 -16675.6835938 -17943.9062500 -16440.5429688 -16800.3398438
-17035.0976562 -16767.8789062 -18080.1171875 -17438.7636719 -16733.1152344 -17845.2363281 -16421.3496094 -16873.8535156
-19037.4628906 -18822.2792969 -19802.2949219 -19345.0039062 -19130.0566406 -19741.4667969 -18973.3457031 -18925.9941406
-17259.7304688 -16833.7148438 -18216.1679688 -17554.5605469 -17347.3261719 -18082.4589844 -17201.8359375 -17013.6464844
-17474.2421875 -17200.8105469 -18578.6523438 -17866.2050781 -17274.7128906 -18502.3886719 -17137.1914062 -17291.2949219
-16242.0839844 -15796.9316406 -17412.3808594 -16625.8242188 -16386.9785156 -17277.5820312 -16091.2148438 -16093.2226562
-16022.9843750 -15402.6289062 -17109.8535156 -16357.5830078 -15979.2812500 -17018.7109375 -15758.1064453 -15860.9951172
-18818.3945312 -18356.0253906 -19529.6992188 -18983.0820312 -18804.8339844 -19396.8847656 -18663.2753906 -18699.4121094
-17105.7695312 -16591.5546875 -18061.8496094 -17336.5136719 -17164.7734375 -17876.0605469 -16896.7460938 -16862.2949219
-16823.8027344 -16474.5332031 -17802.5390625 -17132.1542969 -16452.4414062 -17790.7656250 -16324.6513672 -16685.5742188
-16702.0058594 -16402.4921875 -17775.2207031 -17043.1777344 -16249.7636719 -17533.1601562 -16151.5751953 -16478.7167969
-17237.2519531 -16968.4277344 -18279.7617188 -17503.6562500 -17016.0488281 -18148.9375000 -16823.6328125 -17207.3222656
-16731.1953125 -16480.3769531 -17714.7500000 -16972.7656250 -16287.4882812 -17435.7578125 -16277.6250000 -16652.7519531
-17000.1914062 -16607.6699219 -18058.5058594 -17348.4882812 -16790.4785156 -17797.3125000 -16500.5761719 -16853.0878906
-16729.2871094 -16178.3994141 -17706.8417969 -17011.4101562 -16757.7871094 -17576.3222656 -16578.8359375 -16540.8984375
-17763.9785156 -17453.3417969 -18610.5292969 -18033.9238281 -17538.0332031 -18464.1660156 -17370.5156250 -17548.8984375
-17036.2773438 -16545.1855469 -18183.9355469 -17452.2890625 -17130.6503906 -17990.1601562 -16886.4492188 -16870.8457031
-16979.0800781 -16629.9550781 -17944.8144531 -17316.7050781 -17063.4785156 -17803.4648438 -16871.5644531 -16879.0097656
-15731.5058594 -15210.6015625 -17083.4062500 -16280.1630859 -15855.8251953 -16873.3515625 -15543.7421875 -15681.5029297
-17587.1464844 -17401.7148438 -18573.4707031 -17860.0585938 -17303.4238281 -18420.2187500 -17106.7617188 -17367.7246094
-17932.9472656 -17576.0761719 -18871.0546875 -18301.3398438 -18100.6093750 -18651.0527344 -17909.8261719 -17861.7167969
-16474.2285156 -16163.9541016 -17516.1054688 -16826.3945312 -16326.9472656 -17391.7968750 -16053.3828125 -16365.4746094
-17102.9843750 -16696.3535156 -17979.9765625 -17377.5253906 -17174.5605469 -17834.4375000 -16941.9296875 -16994.1406250
-17289.6132812 -16702.0703125 -18165.5449219 -17509.1015625 -17367.5820312 -17938.8144531 -17047.5703125 -17031.9101562
-17025.6894531 -16745.5078125 -18008.2792969 -17319.4257812 -16737.5683594 -17850.0683594 -16515.7812500 -16799.1699219
-16448.5195312 -16922.4609375 -17032.4042969 -16292.1337891 -17215.8242188 -16718.7187500 -16893.2695312 -16547.9003906
-18157.4355469 -18688.6171875 -18627.3203125 -18056.8320312 -18813.8574219 -18346.4121094 -18755.0078125 -18351.1484375
-17579.3437500 -18266.9296875 -17421.4707031 -17193.6054688 -18384.8398438 -16832.5449219 -18270.4570312 -17861.9062500
-17487.5976562 -17819.5898438 -17948.9746094 -17224.3105469 -18146.7421875 -17568.9726562 -17917.9296875 -17689.5585938
-16667.3027344 -17175.6250000 -16870.9609375 -16337.8574219 -17430.8066406 -16690.3984375 -17250.7031250 -16898.3261719
-17977.8945312 -18389.6777344 -18165.5449219 -17610.1250000 -18653.1601562 -18016.9511719 -18411.9531250 -18167.8535156
-17343.1679688 -17880.0507812 -17382.3066406 -16946.5722656 -18078.6152344 -17117.3515625 -17765.8867188 -17577.3046875
-16993.6386719 -17449.1113281 -17412.7265625 -16722.3085938 -17540.9980469 -17136.0058594 -17451.8867188 -17048.4648438
-17137.5664062 -17539.2167969 -17655.4296875 -17027.6679688 -17705.1953125 -17491.2792969 -17505.7558594 -17217.3417969
-17860.8339844 -18506.6367188 -17564.4316406 -17565.8437500 -18704.9375000 -16934.7753906 -18502.8613281 -18190.2617188
-16775.2226562 -17363.1035156 -17230.3437500 -16535.5937500 -17513.9277344 -16914.7500000 -17292.8339844 -17080.6386719
-16978.5195312 -16783.8339844 -18179.0195312 -17279.8593750 -16682.8964844 -17864.3906250 -16397.0234375 -16773.2871094
-17573.7363281 -17508.3574219 -18660.4335938 -17945.1406250 -17323.7343750 -18426.3906250 -17202.5878906 -17513.5566406
-17772.1679688 -17635.5546875 -18439.2343750 -17914.1152344 -17548.0351562 -18344.9394531 -17439.8906250 -17685.7402344
-17842.1074219 -17558.7480469 -18516.3437500 -18090.6250000 -17570.7246094 -18466.2714844 -17321.4140625 -17698.6367188
-17003.5488281 -16701.8437500 -17893.9980469 -17269.9062500 -16509.6308594 -17852.9062500 -16282.9492188 -16727.5976562
-16670.0273438 -16425.1035156 -17631.1757812 -16982.3632812 -16061.7246094 -17398.6289062 -16069.4531250 -16562.3125000
-16794.4687500 -16587.2656250 -17884.0605469 -17214.1386719 -16481.6953125 -17742.2812500 -16320.7363281 -16762.1328125
-16539.2832031 -16289.8310547 -17640.6601562 -17059.7226562 -16059.1748047 -17562.4199219 -16001.9238281 -16441.6699219
-16793.8886719 -16551.9707031 -17796.9199219 -17180.3144531 -16471.2089844 -17627.6914062 -16275.2910156 -16729.2675781
-16682.4062500 -16454.8691406 -17589.5351562 -16980.2421875 -16318.6142578 -17482.8281250 -16123.3554688 -16437.4121094
-17783.6113281 -18398.8867188 -17668.7753906 -17535.2128906 -18433.1621094 -17042.2714844 -18260.3027344 -17948.7812500
-16625.4023438 -16450.6347656 -17659.9980469 -16971.7792969 -16522.7695312 -17525.1386719 -16337.1982422 -16483.5488281
-16642.2949219 -16649.2285156 -17670.1464844 -16997.5664062 -16314.9189453 -17458.8867188 -16221.4296875 -16637.9375000
-17915.3457031 -18598.9882812 -17524.1953125 -17533.2910156 -18731.2460938 -17418.8085938 -18565.7558594 -18163.4511719
-18844.4785156 -19342.2382812 -18514.1796875 -18507.8320312 -19495.7207031 -18444.7988281 -19348.2871094 -19080.7773438
-18159.2285156 -18608.7539062 -17684.7539062 -17686.9628906 -18852.6289062 -17463.8203125 -18649.3457031 -18280.6679688
-17856.1328125 -18467.2695312 -17249.9335938 -17339.4121094 -18525.8085938 -17218.0195312 -18258.5117188 -18085.6015625
-19331.5527344 -19785.4746094 -18884.9296875 -19028.0820312 -20024.9511719 -18813.2460938 -19848.5546875 -19478.1093750
-18582.0156250 -19203.1757812 -18471.3027344 -18430.0585938 -19325.6328125 -18402.2187500 -19172.6035156 -18824.0839844
-19556.0000000 -19864.5234375 -19472.7519531 -19368.8476562 -20020.6054688 -19325.8886719 -19849.9804688 -19740.7753906
-18568.7402344 -19147.9921875 -18206.1933594 -18341.6718750 -19326.0625000 -18179.9179688 -19193.3476562 -18876.9453125
-18927.6289062 -19526.0742188 -18561.2871094 -18537.6171875 -19558.4492188 -18445.8027344 -19443.7285156 -19160.2363281
-18307.4218750 -18847.3300781 -18169.1679688 -18022.3906250 -18985.5234375 -17858.1875000 -18922.2128906 -18541.9238281
-18335.5351562 -18875.9902344 -17881.9648438 -18076.7304688 -19001.7187500 -17785.6386719 -18842.8769531 -18514.6484375
-18691.3750000 -19170.1992188 -18273.2753906 -18366.3515625 -19365.3886719 -18136.6718750 -19140.8183594 -18778.6191406
-19073.3378906 -19585.7382812 -18749.9296875 -18826.1816406 -19668.9785156 -18579.2421875 -19529.4042969 -19237.0917969
-18972.8535156 -19429.8261719 -18616.1640625 -18607.0761719 -19515.7636719 -18370.4707031 -19407.9199219 -19173.0351562
-19279.9687500 -19852.3691406 -19125.2226562 -19208.6406250 -19930.6406250 -19100.6562500 -19813.9492188 -19525.7324219
-17838.4296875 -18535.8066406 -17567.7851562 -17547.0605469 -18648.6015625 -17292.7460938 -18432.1777344 -18128.4218750
-18404.3144531 -19001.6328125 -18118.0566406 -18086.3046875 -19094.7773438 -17853.6679688 -18987.8281250 -18687.8164062
-19052.0605469 -19465.4746094 -18764.6171875 -18771.5839844 -19610.6953125 -18774.7148438 -19478.5722656 -19281.7968750
-19224.9199219 -19623.0605469 -18938.6914062 -18909.9238281 -19782.1015625 -18793.9121094 -19645.7011719 -19356.6972656
-16205.5341797 -16004.0791016 -17342.2050781 -16657.6191406 -15923.5683594 -17097.9375000 -15709.6357422 -16087.6474609
-16663.4121094 -16363.2226562 -17816.7890625 -17009.9843750 -16214.8339844 -17567.9062500 -16034.4667969 -16487.5410156
-18957.2871094 -19029.6132812 -19161.1523438 -18872.2519531 -19013.3300781 -19023.2597656 -18895.1230469 -18884.6718750
-18664.8867188 -18480.1093750 -19328.4179688 -18885.4453125 -18556.9921875 -19151.3339844 -18311.9550781 -18678.6171875
-18301.9160156 -18216.6269531 -19102.2656250 -18590.9394531 -18060.2187500 -19025.7695312 -17998.6894531 -18218.6132812
-17138.8554688 -16944.3085938 -18033.7226562 -17441.9394531 -16731.6132812 -17907.5820312 -16602.6132812 -16970.7714844
-17295.4101562 -17145.8417969 -18309.7656250 -17663.8554688 -16941.8085938 -18097.4882812 -16832.8183594 -17129.6464844
-15397.4482422 -14997.2285156 -16895.0058594 -15948.1386719 -15081.5234375 -16633.4218750 -14712.9736328 -15237.2031250
-16961.7851562 -16707.8671875 -17985.9863281 -17322.4238281 -16480.4628906 -17853.3046875 -16383.2900391 -16798.9257812
-15980.5068359 -15661.1064453 -17027.0722656 -16273.4658203 -15630.6503906 -16867.3984375 -15436.6386719 -15870.1298828
-15880.4335938 -15707.0185547 -17180.0195312 -16273.6396484 -15575.3857422 -16891.9140625 -15351.4941406 -15736.7255859
-15997.9169922 -15776.4804688 -17073.2187500 -16334.9599609 -15709.2939453 -16891.1503906 -15395.5947266 -15900.9609375
-17252.1503906 -17116.3476562 -18162.6113281 -17557.2558594 -16984.7304688 -18025.0253906 -16734.1464844 -17120.9433594
-16348.4423828 -16099.2890625 -17530.3730469 -16806.8222656 -15976.7656250 -17410.0039062 -15917.7578125 -16201.3271484
-17755.6562500 -17522.1289062 -18675.0683594 -18093.3007812 -17508.3007812 -18437.1113281 -17343.3183594 -17687.0898438
-16755.1503906 -16586.0703125 -17770.9199219 -17124.1796875 -16458.0195312 -17702.2031250 -16249.9853516 -16623.8144531
-17369.8437500 -16968.4101562 -18290.1757812 -17658.0859375 -17118.7636719 -18177.8222656 -16923.9179688 -17167.2949219
-16651.2089844 -16413.5898438 -17619.6386719 -16855.8847656 -16091.9150391 -17451.2207031 -15984.8974609 -16483.1113281
-17566.1484375 -17270.9687500 -18425.6347656 -17935.0859375 -17137.9902344 -18429.5566406 -17126.5605469 -17492.5273438
-17414.0156250 -17246.4121094 -18328.9472656 -17695.6699219 -17064.8398438 -18119.5507812 -16863.8457031 -17230.0449219
-17295.3886719 -17016.6855469 -18302.8671875 -17606.6816406 -17004.7597656 -18148.4726562 -16784.0683594 -17171.9746094
-16785.5312500 -16941.9628906 -17531.0292969 -16895.9003906 -16715.0175781 -17188.6562500 -16728.1894531 -16898.5859375
-17211.1425781 -17282.7246094 -18178.0996094 -17447.0566406 -17573.8554688 -18062.2441406 -17416.4296875 -17057.2539062
-16667.6542969 -16676.8144531 -17609.2734375 -16867.7578125 -16851.2636719 -17400.0468750 -16570.0976562 -16413.3085938
-16194.1318359 -16221.0605469 -17365.3281250 -16530.7695312 -16621.8164062 -17108.7109375 -16359.8955078 -15994.8144531
-16124.5234375 -15864.0078125 -17042.2382812 -16464.4160156 -16371.6904297 -16870.1406250 -16113.6816406 -15842.4111328
-16821.0253906 -16792.5937500 -17749.0117188 -17063.0410156 -17078.7949219 -17676.8085938 -16931.6289062 -16666.2480469
-15901.3662109 -15934.4912109 -17142.1757812 -16345.0742188 -16209.0332031 -16872.5078125 -15967.7324219 -15844.4062500
-16711.6464844 -16812.1289062 -17777.9062500 -17100.3144531 -17014.7734375 -17614.8535156 -16847.8066406 -16490.5410156
-16544.6894531 -16179.9335938 -17470.7324219 -16882.9843750 -16210.3925781 -17305.8593750 -16034.5263672 -16261.6162109
-16565.2324219 -16565.7988281 -17501.5644531 -16889.1269531 -16952.8242188 -17310.6582031 -16613.5585938 -16455.4980469
-16279.6943359 -16347.4208984 -17283.5234375 -16423.4453125 -16560.1406250 -17174.0429688 -16326.0068359 -16141.0566406
-16037.6250000 -15998.0224609 -17197.6796875 -16376.0732422 -16331.9316406 -16925.7656250 -15975.4277344 -15914.3896484
-17033.4707031 -16928.0058594 -17769.0898438 -17161.9492188 -17215.7890625 -17648.5332031 -17079.8320312 -16850.7890625
-17700.0976562 -17674.3945312 -18687.6992188 -18055.7871094 -18120.5449219 -18495.9667969 -17871.8593750 -17539.8222656
-16846.6386719 -16858.8398438 -17897.1171875 -17169.8300781 -17171.2871094 -17581.6035156 -16912.3046875 -16554.0761719
-18679.7753906 -18751.9355469 -19133.7050781 -18591.1894531 -18995.7343750 -18855.5859375 -18805.9941406 -18603.0996094
-15960.0966797 -16096.7753906 -17280.7949219 -16378.1660156 -16471.1933594 -17058.6328125 -16100.9785156 -15966.8330078
-16497.1015625 -16549.8691406 -17511.1660156 -16779.2675781 -16884.2109375 -17379.1523438 -16776.2871094 -16456.0195312
-16889.7089844 -16972.3574219 -17926.7304688 -17280.9453125 -17265.5507812 -17629.7558594 -16963.9140625 -16822.5781250
-17290.5507812 -17399.2832031 -18393.6386719 -17643.7539062 -17794.4433594 -18241.1953125 -17442.1015625 -17169.1855469
-16885.7597656 -16929.7089844 -18154.4687500 -17189.0175781 -17165.2187500 -17878.5039062 -16955.9179688 -16750.7597656
-16107.8437500 -15656.6083984 -17362.9433594 -16502.5937500 -16166.5000000 -17118.5683594 -15906.7490234 -15857.7402344
-16169.4375000 -15820.8750000 -17379.8906250 -16517.6289062 -16283.3183594 -17104.2617188 -16043.3417969 -15895.7099609
-16249.5898438 -15661.5654297 -17356.8457031 -16582.3867188 -16428.0136719 -17217.5781250 -16204.4003906 -15967.7519531
-17792.3769531 -17191.9804688 -18771.4179688 -18026.8359375 -17716.2402344 -18584.1582031 -17620.3105469 -17529.0625000
-17164.8339844 -16922.5390625 -17994.1191406 -17472.1289062 -16831.1757812 -17954.3164062 -16718.3242188 -16953.5957031
-16275.9599609 -15832.2939453 -17379.2167969 -16573.8925781 -16437.5546875 -17147.8515625 -16163.8369141 -16156.0341797
-16926.1113281 -16521.6855469 -17859.0937500 -17184.7578125 -16416.1171875 -17696.3320312 -16259.6093750 -16708.6445312
-16834.6484375 -16546.1406250 -17760.3925781 -17008.7031250 -17045.4199219 -17552.4980469 -16823.5488281 -16811.6777344
-18578.5917969 -18474.7460938 -19441.4531250 -18858.5273438 -18461.2558594 -19327.3085938 -18253.6894531 -18555.3496094
-16759.9199219 -16398.4511719 -17933.2675781 -17126.4863281 -16761.6660156 -17677.5429688 -16549.2753906 -16656.2363281
-17741.0585938 -17390.6015625 -18577.5332031 -17996.3046875 -17865.2890625 -18364.6093750 -17639.0703125 -17575.9492188
-17927.1308594 -17569.6250000 -18942.5253906 -18268.0468750 -18056.6171875 -18675.8203125 -17803.2363281 -17746.8222656
-18562.4199219 -18199.8808594 -19312.2480469 -18820.5625000 -18577.9296875 -19195.4492188 -18396.8476562 -18330.8339844
-18669.9101562 -19385.4257812 -18452.8261719 -18390.7011719 -19420.1152344 -18129.8242188 -19330.6015625 -18960.3007812
-18570.0644531 -18523.7382812 -19230.1152344 -18702.8066406 -18384.7402344 -19206.5683594 -18305.4277344 -18528.8925781
-19197.1425781 -19740.5156250 -18985.3945312 -18941.0957031 -19663.8789062 -18666.2050781 -19571.6875000 -19384.8378906
-18967.5878906 -18563.4101562 -19809.1074219 -19104.5097656 -18842.3144531 -19608.3671875 -18680.2851562 -18813.5878906
-19112.7187500 -18872.2070312 -19770.1582031 -19380.2656250 -19231.7148438 -19644.6210938 -19041.4472656 -19033.0664062
-18695.5234375 -19091.5078125 -18804.5312500 -18523.9199219 -19208.3652344 -18271.6230469 -19103.5859375 -18906.1718750
-18396.4921875 -18008.7968750 -19283.0117188 -18705.7363281 -18512.8085938 -19131.9902344 -18266.4277344 -18189.7792969
-18415.9980469 -18230.2910156 -19195.4921875 -18635.9160156 -18095.6933594 -19041.1250000 -17900.0488281 -18233.9609375
-18078.8085938 -18300.5957031 -18901.4355469 -18327.2285156 -18631.4257812 -18498.7460938 -18426.2753906 -18202.1191406
-18108.0761719 -17913.8066406 -18985.2285156 -18383.9921875 -17620.3925781 -18840.7753906 -17574.7792969 -18006.3710938
-19132.1484375 -18849.9335938 -19922.8066406 -19390.5761719 -19253.9531250 -19778.0078125 -18956.0996094 -19077.5839844
-18761.6093750 -19158.9140625 -19174.9960938 -18655.8613281 -19270.7792969 -18661.2734375 -19031.9218750 -18833.4453125
-17528.9628906 -17752.4824219 -17923.6855469 -17561.7285156 -18022.9355469 -17683.3789062 -17764.6132812 -17487.7675781
-18964.3007812 -19423.2441406 -18767.0312500 -18679.6816406 -19609.1269531 -18405.2851562 -19489.6621094 -19070.1035156
-18284.2792969 -17874.8632812 -19080.8476562 -18573.5664062 -18309.5351562 -18928.7929688 -18120.8691406 -18102.1328125
-18458.6054688 -18144.1328125 -19275.0488281 -18670.6738281 -18548.3593750 -19087.1835938 -18273.7929688 -18247.7109375
-18082.4140625 -18082.0976562 -18967.8417969 -18406.1914062 -17861.6914062 -18843.2851562 -17668.8964844 -18095.6699219
-17012.8964844 -16606.1855469 -17927.6972656 -17198.5019531 -17073.1269531 -17777.5878906 -16869.7753906 -16880.3417969
-18333.0859375 -18139.5078125 -19115.0781250 -18415.9121094 -18146.6542969 -18989.9726562 -18063.4824219 -18283.5273438
-18637.1738281 -19335.1250000 -18415.8085938 -18365.1464844 -19351.2519531 -17975.1250000 -19298.9863281 -18869.1289062
-17912.6250000 -18529.0527344 -17685.1191406 -17663.1933594 -18494.7812500 -17212.4160156 -18398.4375000 -18182.2324219
-18130.7031250 -17674.0664062 -19055.3964844 -18395.6308594 -18242.7265625 -18868.8027344 -18018.2304688 -18078.7304688
-17866.8398438 -17600.5820312 -18713.4531250 -18089.8398438 -17983.4335938 -18571.7597656 -17752.8847656 -17797.0898438
-17020.0507812 -16504.7402344 -18039.4804688 -17308.8007812 -17067.6503906 -17789.7949219 -16819.5839844 -16796.2480469
-18637.0957031 -19326.6406250 -18519.9394531 -18419.7421875 -19303.1953125 -18100.4980469 -19156.1191406 -18976.0292969
