-17295.3417969 -17340.4921875 -18209.6210938 -17611.7812500 -17761.1054688 -18152.9628906 -17392.4023438 -17175.2050781
-17472.4863281 -17612.8964844 -18205.8457031 -17652.6757812 -17747.1210938 -18155.7910156 -17621.6972656 -17490.7890625
-16493.5292969 -16652.8457031 -17415.2460938 -16812.9960938 -16966.6796875 -17448.9082031 -16755.5527344 -16331.7998047
-17345.5800781 -17748.9824219 -18208.4902344 -17705.0917969 -17926.3457031 -18104.0000000 -17609.4121094 -17496.8632812
-16171.9755859 -16537.2988281 -17114.5253906 -16617.6601562 -16737.5156250 -17086.5371094 -16489.9726562 -16237.1074219
-16317.8193359 -16861.6132812 -17175.3632812 -16633.3125000 -16913.1464844 -17000.1464844 -16753.9121094 -16424.5039062
-16343.6523438 -16713.4003906 -17265.6523438 -16708.4121094 -16809.8632812 -17190.0585938 -16645.7109375 -16366.8847656
-16056.3056641 -16310.3300781 -16918.7988281 -16299.3828125 -16631.4335938 -16964.0820312 -16380.0117188 -16116.5292969
-16638.6308594 -16806.3769531 -17451.1210938 -16767.2910156 -16981.6386719 -17338.2558594 -16720.9277344 -16510.9394531
-16320.2617188 -16685.2851562 -17432.9843750 -16644.8906250 -16928.6679688 -17212.2285156 -16626.0527344 -16396.3027344
-16238.7636719 -16619.1816406 -17236.3710938 -16579.7070312 -16830.4648438 -17050.5527344 -16628.7441406 -16338.7236328
-16303.4296875 -16744.6718750 -17247.4003906 -16528.8769531 -16984.7167969 -16958.5546875 -16732.2949219 -16448.0683594
-17614.3105469 -17826.7792969 -18546.7714844 -17928.5917969 -18067.6953125 -18273.7949219 -17809.6250000 -17607.2460938
-16671.2343750 -17018.9316406 -17352.2128906 -16857.4570312 -17187.6250000 -17369.8437500 -17074.8027344 -16689.6484375
-16143.3906250 -16391.0371094 -17181.9062500 -16292.2666016 -16682.8457031 -17085.0000000 -16477.6191406 -16116.1943359
-16453.3710938 -16853.6191406 -17409.0078125 -16782.8671875 -17108.0527344 -17191.1132812 -16907.7949219 -16384.9492188
-16496.7597656 -17182.9531250 -17322.3046875 -16697.3925781 -17325.0000000 -17125.8574219 -17065.3867188 -16715.1679688
-16276.5224609 -16706.9375000 -17206.5605469 -16658.2128906 -16664.7246094 -17033.5683594 -16566.5449219 -16292.5878906
-16434.4355469 -16731.4667969 -17427.9472656 -16714.6289062 -16879.3105469 -17314.4199219 -16723.2421875 -16308.4599609
-16475.0546875 -16869.2265625 -17369.6406250 -16617.1601562 -16971.0312500 -17078.2714844 -16682.7382812 -16586.3769531
-16411.3398438 -16659.5878906 -17299.0820312 -16653.3203125 -16749.7519531 -17243.9316406 -16701.4511719 -16469.0878906
-15295.9902344 -15598.7441406 -16545.8632812 -15690.3437500 -15861.3808594 -16368.3193359 -15539.9550781 -15268.2001953
-15131.4287109 -15458.6132812 -16142.7490234 -15431.6464844 -15706.1298828 -16242.4589844 -15456.9726562 -15057.0214844
-16882.6425781 -17178.7578125 -17752.3574219 -17062.6113281 -17444.6972656 -17618.9511719 -17275.7988281 -16858.2656250
-16752.3437500 -16990.0019531 -17779.1562500 -17087.3574219 -17317.6699219 -17630.1289062 -17095.5039062 -16691.3261719
-16061.7050781 -16477.2402344 -17118.9042969 -16372.7412109 -16666.5000000 -16904.8320312 -16420.3632812 -16031.9863281
-16384.8300781 -16695.2832031 -17323.8925781 -16724.7343750 -16843.2617188 -17282.5039062 -16690.4472656 -16361.5097656
-16763.0390625 -17165.0214844 -17719.2539062 -17031.5214844 -17199.5351562 -17515.0292969 -16995.3398438 -16735.6191406
-16775.8828125 -17030.1777344 -17817.1679688 -17070.6953125 -17294.7753906 -17609.6406250 -17076.7832031 -16788.6289062
-16563.1289062 -16704.9960938 -17405.5761719 -16803.5058594 -17006.4531250 -17299.6503906 -16849.5546875 -16596.1191406
-16890.4941406 -17420.0312500 -17720.6406250 -17283.9335938 -17683.2988281 -17771.8398438 -17365.1269531 -17152.0742188
-16798.2285156 -17100.7636719 -17785.9960938 -17179.9941406 -17399.6308594 -17690.7441406 -17159.7910156 -16901.9531250
-17298.1757812 -17597.4628906 -18282.4824219 -17722.1367188 -17868.9804688 -18279.3339844 -17664.1386719 -17358.5117188
-16478.6328125 -16624.3027344 -17497.8789062 -16948.3027344 -16897.5722656 -17488.0703125 -16657.2851562 -16205.8886719
-16788.6601562 -17466.9882812 -17240.9570312 -17006.4785156 -17546.4179688 -17016.1679688 -17393.6699219 -17183.7167969
-16667.2578125 -16843.0859375 -17709.9453125 -16890.7968750 -16923.7402344 -17563.4453125 -16784.1093750 -16520.7753906
-16692.3710938 -17079.6660156 -17620.9570312 -16907.6542969 -17308.5117188 -17536.9531250 -17031.1054688 -16780.8867188
-16814.9160156 -17398.7792969 -17521.2421875 -17006.5683594 -17436.6308594 -17305.5664062 -17268.4589844 -16859.7402344
-16350.1523438 -16689.2890625 -17407.7871094 -16604.1738281 -16903.7929688 -17236.6503906 -16747.1054688 -16467.3496094
-16659.4003906 -16990.8554688 -17508.7519531 -16883.8593750 -17259.2089844 -17464.5839844 -17100.0507812 -16529.7871094
-17619.2050781 -18038.3789062 -18466.7871094 -18063.7363281 -18097.7832031 -18529.8339844 -17985.1562500 -17793.7246094
-17670.8085938 -17783.9179688 -18506.4296875 -17916.4902344 -18013.7285156 -18376.0859375 -17738.6015625 -17463.6093750
-18308.9550781 -18716.1464844 -19020.6601562 -18689.2949219 -18825.3515625 -18955.9492188 -18662.6699219 -18307.6445312
-17037.6503906 -17286.5781250 -17841.3242188 -17323.2031250 -17574.6503906 -17800.5976562 -17396.6445312 -17060.6308594
-16166.6357422 -16612.2519531 -17237.9394531 -16555.3886719 -16905.6347656 -17146.2167969 -16610.1386719 -16377.7724609
-17255.7949219 -17766.4433594 -18024.6738281 -17528.9492188 -17794.4804688 -17914.9335938 -17833.4003906 -17395.9355469
-17291.5429688 -17862.1835938 -17764.6816406 -17356.7402344 -17973.7910156 -17730.9550781 -17831.7656250 -17376.0605469
-16876.0585938 -17013.9804688 -17821.5859375 -17169.4179688 -17354.5156250 -17586.8945312 -16983.3632812 -16901.2324219
-16896.0156250 -17357.9277344 -17784.2851562 -17331.6835938 -17539.7812500 -17871.9023438 -17320.9296875 -17003.0351562
-16911.8398438 -17247.3535156 -17636.1914062 -17185.2050781 -17336.3925781 -17508.2167969 -17229.8066406 -16942.9609375
-16853.0390625 -17072.8378906 -17919.7050781 -17210.7265625 -17305.8886719 -17847.5000000 -17089.8769531 -16803.7265625
-17018.9121094 -17362.4277344 -17615.0488281 -17051.5703125 -17464.8339844 -17708.9296875 -17229.1679688 -16888.2265625
-17291.2949219 -17532.6953125 -18107.2500000 -17645.0488281 -17843.1289062 -18043.9785156 -17668.4453125 -17343.0820312
-17787.0878906 -18289.5078125 -18124.9316406 -17809.7304688 -18375.0527344 -17881.4609375 -18190.3300781 -18073.2207031
-16751.8652344 -17201.2285156 -17524.3789062 -17131.9628906 -17409.8554688 -17407.0644531 -17254.5644531 -16992.4394531
-16971.9355469 -17385.0546875 -17751.2246094 -17215.6093750 -17512.5859375 -17691.3457031 -17282.8710938 -17012.1757812
-17534.4453125 -17805.3984375 -18249.0488281 -17805.1523438 -18073.3261719 -18228.1289062 -17937.3554688 -17577.3242188
-17171.9648438 -17219.0390625 -17857.1484375 -17372.0605469 -17520.6503906 -17770.9882812 -17310.3671875 -16968.7949219
-16819.5078125 -17131.5800781 -17921.0898438 -17175.0625000 -17414.7187500 -17678.5781250 -17186.8046875 -16859.3847656
-16611.5000000 -16752.7167969 -17558.1074219 -17042.5234375 -17066.1113281 -17456.4707031 -16892.9492188 -16510.2089844
-16217.4033203 -16658.3339844 -17093.9433594 -16608.9296875 -16873.2519531 -17076.8222656 -16598.2734375 -16306.2597656
-16520.2558594 -16679.9296875 -17556.5605469 -16817.6914062 -16956.8417969 -17470.8046875 -16647.4785156 -16341.5996094
-17014.5839844 -17255.1191406 -17766.5585938 -17357.5175781 -17487.0000000 -17806.1035156 -17197.2734375 -17064.7988281
-16625.8066406 -16989.8710938 -17637.7089844 -17124.0156250 -17314.8710938 -17549.8222656 -17029.8027344 -16838.6015625
-17179.5996094 -17120.1250000 -17892.5117188 -17314.4511719 -17449.6992188 -17746.4238281 -17185.8066406 -17101.0546875
-17326.3574219 -17854.0175781 -17638.5800781 -16810.4179688 -18160.2851562 -17381.0332031 -17865.1621094 -17650.7265625
-16855.5820312 -17276.8886719 -17120.7617188 -16408.7929688 -17437.4121094 -16894.5664062 -17065.7910156 -17089.6445312
-16813.9726562 -17174.6914062 -17082.6484375 -16437.0312500 -17282.3632812 -17017.0957031 -17059.6289062 -16837.4335938
-17335.0136719 -17699.6640625 -17581.6855469 -16887.4121094 -17880.9082031 -17411.8593750 -17751.2207031 -17441.9843750
-16881.7695312 -17319.6386719 -16971.0820312 -16306.3515625 -17516.5742188 -16853.2695312 -17328.6250000 -16947.4882812
-16830.9960938 -17180.2714844 -17156.6542969 -16204.1748047 -17467.3476562 -16916.7128906 -17210.2246094 -17045.5839844
-17165.9765625 -17691.7109375 -17196.7617188 -16650.1816406 -17788.5937500 -17106.7050781 -17468.3320312 -17387.8359375
-15607.9365234 -15906.7470703 -16388.4023438 -15623.7500000 -16226.2558594 -16055.3515625 -15994.8115234 -15597.6650391
-16935.9824219 -17159.1132812 -17192.9492188 -16514.5996094 -17374.0000000 -17171.1738281 -17141.9375000 -17170.0937500
-16875.6269531 -17036.1972656 -17244.0585938 -16533.6074219 -17476.6796875 -16986.7988281 -17117.6738281 -16960.5644531
-16595.0156250 -17213.1132812 -16885.9765625 -16272.2919922 -17237.8691406 -16699.3828125 -17061.8496094 -16693.3652344
-18569.5917969 -19178.0507812 -17566.2031250 -18010.3593750 -19242.5644531 -18087.1230469 -19070.9394531 -18831.0957031
-17901.4355469 -18552.5214844 -17399.3691406 -17518.2636719 -18627.5878906 -17286.4550781 -18362.2871094 -18106.3281250
-18725.1660156 -19113.6308594 -18106.9492188 -18271.9902344 -19235.4277344 -18080.3066406 -19016.8378906 -18905.9980469
-19201.7636719 -19692.2421875 -18605.8574219 -18883.0019531 -19701.7402344 -18702.6152344 -19648.8906250 -19392.1542969
-16941.4570312 -16690.2695312 -17837.7109375 -17219.4921875 -16854.6816406 -17764.0644531 -16647.2246094 -16766.8437500
-17245.4726562 -16681.5019531 -18004.2871094 -17413.9804688 -17263.7558594 -18065.1972656 -17021.6914062 -17092.3593750
-17841.5292969 -17615.5097656 -18690.7812500 -18106.7929688 -17595.4316406 -18610.2031250 -17418.7167969 -17635.2519531
-17535.0898438 -17209.4414062 -18503.3613281 -17734.3750000 -17596.9160156 -18419.6015625 -17476.9511719 -17391.0703125
-16120.4423828 -15565.3251953 -17170.7558594 -16429.2402344 -15936.4970703 -17018.1855469 -15843.6757812 -15909.4843750
-16342.6181641 -15914.3730469 -17580.6757812 -16666.8691406 -16442.6835938 -17303.4843750 -16180.0537109 -16229.3710938
-17358.7324219 -16946.6992188 -18021.5781250 -17425.3710938 -17359.3027344 -18038.9277344 -17205.7578125 -17188.1933594
-17033.3222656 -16868.1132812 -18008.8339844 -17358.1054688 -16814.2812500 -17993.0878906 -16674.3554688 -16896.9160156
-16358.5634766 -16185.3945312 -17400.2167969 -16694.1230469 -16582.4492188 -17321.0625000 -16372.5917969 -16300.6083984
-16907.3046875 -16465.6503906 -18021.7988281 -17168.3750000 -17006.6250000 -17907.7773438 -16773.9550781 -16805.5019531
-16777.8554688 -16338.4335938 -17736.7089844 -17018.6250000 -16899.6054688 -17607.1679688 -16690.3730469 -16634.2128906
-16445.6582031 -16094.4853516 -17503.5859375 -16724.7441406 -16618.0507812 -17434.7968750 -16353.8339844 -16260.8632812
-16118.3564453 -15617.2187500 -17210.8867188 -16388.1289062 -16127.9179688 -17047.4687500 -15941.9804688 -15901.1962891
-16698.3847656 -16186.4052734 -17728.0800781 -16977.9296875 -16812.9042969 -17774.2734375 -16548.2890625 -16607.4980469
-16135.9228516 -15947.3291016 -17090.6074219 -16302.7421875 -15794.5556641 -16984.8339844 -15653.9384766 -16062.6679688
-16936.1113281 -16755.4941406 -17811.9628906 -17106.6269531 -16692.4980469 -17790.3359375 -16471.0214844 -16747.5253906
-18095.7773438 -17601.1660156 -18834.1289062 -18221.1328125 -18042.5585938 -18723.8515625 -17842.7460938 -17957.7988281
-16368.3691406 -15863.9667969 -17237.6660156 -16577.6621094 -16393.5937500 -17049.1621094 -16196.0312500 -16052.4667969
-17384.2050781 -17174.7207031 -18215.7148438 -17608.0449219 -17167.8378906 -18222.6113281 -16930.5937500 -17203.1640625
-16778.1406250 -16210.1806641 -17785.6386719 -16978.1953125 -16845.1269531 -17697.6464844 -16597.4082031 -16674.3183594
-16707.5000000 -16558.5429688 -17664.4453125 -17019.8183594 -16402.9531250 -17557.6035156 -16256.9033203 -16589.1523438
-15589.9941406 -14839.0634766 -16732.6367188 -15819.4160156 -15431.4316406 -16552.1171875 -15197.5468750 -15314.6523438
-15306.1572266 -14721.8134766 -16511.6328125 -15673.8212891 -15195.6923828 -16338.1865234 -14994.6083984 -14993.2177734
-15818.0039062 -15619.6044922 -16974.7832031 -16162.5498047 -15362.9023438 -16817.3359375 -15231.0195312 -15599.6572266
-17066.2343750 -17036.9238281 -18076.1425781 -17337.0195312 -16715.3125000 -17917.3281250 -16611.9003906 -16866.1914062
-16720.7343750 -16169.2753906 -17797.6308594 -17236.3652344 -16855.5195312 -17837.7851562 -16745.0058594 -16603.9589844
-16514.3984375 -15934.6875000 -17728.2285156 -16915.9687500 -16483.1523438 -17608.1542969 -16337.1503906 -16374.8154297
-17132.5507812 -16925.8437500 -17993.1328125 -17460.5800781 -17432.6601562 -17954.0351562 -17127.0527344 -17087.8105469
-16636.5781250 -16108.6826172 -17585.7500000 -16756.1718750 -16681.0019531 -17472.2246094 -16385.6816406 -16388.8222656
-16506.8359375 -16382.9853516 -17479.3691406 -16769.7382812 -16387.6796875 -17331.2382812 -16026.0625000 -16465.1992188
-15671.0654297 -15423.7265625 -16897.6406250 -16092.4960938 -15995.5498047 -16697.7617188 -15656.2119141 -15773.2041016
-16050.4052734 -15349.9267578 -17161.3984375 -16272.2177734 -16107.2246094 -17106.6582031 -15808.7519531 -15875.2968750
-15612.8623047 -15035.8964844 -16788.4394531 -16016.9628906 -15758.3886719 -16712.4003906 -15399.2167969 -15393.9248047
-16980.5429688 -16555.3652344 -17961.0761719 -17206.6230469 -16701.4785156 -17892.4726562 -16585.5566406 -16860.7109375
-16702.0312500 -16385.7363281 -17664.4824219 -17033.2363281 -16347.5830078 -17628.3261719 -16161.0800781 -16555.0585938
-15657.2519531 -15316.5937500 -17001.0507812 -16061.4335938 -15757.1318359 -16791.1816406 -15550.2841797 -15719.2050781
-16131.8164062 -15714.2509766 -17241.6679688 -16491.6269531 -16514.2246094 -17145.3554688 -16068.1396484 -16036.4150391
-16083.5732422 -15859.0703125 -17277.8691406 -16485.3691406 -15634.1679688 -17161.1816406 -15594.8369141 -16016.9199219
-15453.0996094 -15310.0751953 -16518.4746094 -15662.6962891 -15311.1962891 -16546.0117188 -14968.9091797 -15178.5410156
-15891.5927734 -15498.4990234 -16919.6777344 -16150.9990234 -15755.9228516 -16751.3730469 -15612.0869141 -15759.7636719
-17714.2167969 -17227.5507812 -18565.4824219 -18032.2519531 -17778.5468750 -18569.4160156 -17687.8925781 -17593.1054688
-15488.6357422 -14958.4687500 -16805.3105469 -15794.2177734 -15591.8437500 -16801.8105469 -15276.3642578 -15385.3378906
-17797.8671875 -17443.2968750 -18649.6250000 -18006.7988281 -17781.0898438 -18519.4707031 -17555.9414062 -17641.5468750
-17875.7460938 -17574.9160156 -18896.7382812 -18104.4667969 -17512.7050781 -18658.7851562 -17319.5683594 -17639.3125000
-17390.6757812 -17298.8398438 -18478.9121094 -17839.2656250 -17292.3691406 -18333.0683594 -17112.0078125 -17413.1523438
-18159.3437500 -17622.7324219 -18904.1699219 -18249.6445312 -18106.4570312 -18732.0722656 -18069.9765625 -17962.1582031
-16157.5830078 -15652.0097656 -17233.0468750 -16506.3691406 -16283.9160156 -16970.3515625 -16087.3896484 -16067.9853516
-16779.0097656 -16325.3134766 -17841.9765625 -17049.3242188 -16837.6035156 -17651.4511719 -16702.3242188 -16672.4707031
-16996.7871094 -16902.8554688 -17989.4687500 -17257.7285156 -16699.2890625 -17886.4199219 -16573.3535156 -16940.6210938
-16835.7812500 -16647.1835938 -17894.8320312 -17255.8359375 -16470.1367188 -17831.5898438 -16408.3183594 -16683.7421875
-19098.6308594 -18809.2773438 -19767.0546875 -19294.0468750 -19252.9082031 -19771.4023438 -19078.9609375 -19041.2363281
-16990.9453125 -16630.0273438 -18047.8066406 -17455.2675781 -17122.7089844 -17955.6093750 -16951.9687500 -16862.6777344
-17260.4003906 -16937.7851562 -18279.4492188 -17548.6464844 -16915.8437500 -18105.4667969 -16767.6054688 -17091.8339844
-16247.6044922 -15708.4707031 -17450.5214844 -16640.6367188 -16231.8330078 -17439.5566406 -16131.5371094 -15982.9394531
-15981.7763672 -15457.6953125 -17123.3144531 -16301.9902344 -15961.3974609 -16995.0312500 -15726.5019531 -15827.8408203
-18573.9589844 -18323.3105469 -19331.2460938 -18856.7558594 -18575.5878906 -19369.0898438 -18475.5898438 -18508.6250000
-16923.6835938 -16496.1074219 -17842.6230469 -17038.9472656 -16922.9765625 -17635.7128906 -16807.2812500 -16709.1562500
-16751.1562500 -16590.1054688 -17799.2851562 -17040.2656250 -16386.5800781 -17623.0039062 -16276.5898438 -16696.8281250
-16258.6933594 -16093.0927734 -17311.8085938 -16548.5976562 -15892.6386719 -17162.8613281 -15778.8164062 -16110.9892578
-16935.5449219 -16768.5859375 -17757.5722656 -17225.7597656 -16798.4082031 -17731.9609375 -16647.7617188 -16745.2167969
-16775.7304688 -16527.1992188 -17641.8945312 -17139.1660156 -16536.2812500 -17794.0371094 -16244.6689453 -16715.2519531
-16411.2226562 -16184.4443359 -17642.6875000 -16767.0585938 -16119.5371094 -17605.4042969 -15973.8945312 -16317.9746094
-16734.4824219 -16350.8515625 -17630.5214844 -16983.5117188 -16748.6425781 -17579.8769531 -16485.6894531 -16504.6054688
-17794.7304688 -17539.0253906 -18567.0117188 -17958.2792969 -17769.2480469 -18549.0214844 -17519.2167969 -17654.2734375
-17021.1289062 -16677.4042969 -17934.6796875 -17331.0605469 -17142.0234375 -17884.0546875 -16892.0117188 -16733.5527344
-17013.2460938 -16564.3281250 -17883.4648438 -17314.7480469 -16985.1425781 -17868.3769531 -16818.2675781 -16913.2851562
-15989.4863281 -15405.9912109 -17043.8886719 -16202.2050781 -15935.2314453 -16898.8398438 -15769.3310547 -15736.6796875
-17520.4414062 -17365.5937500 -18401.0273438 -17801.1210938 -17256.2246094 -18334.3125000 -17120.9453125 -17410.2636719
-17683.2421875 -17298.6093750 -18503.9296875 -17949.0507812 -17839.4433594 -18400.5527344 -17563.9824219 -17558.9414062
-16511.9628906 -16096.1884766 -17487.9785156 -16687.5468750 -16123.6445312 -17294.8183594 -15957.5507812 -16327.3867188
-16814.5507812 -16458.9980469 -17760.1406250 -17138.4453125 -16929.5722656 -17692.1328125 -16721.1035156 -16710.4394531
-16960.5312500 -16495.8359375 -17993.2968750 -17309.7773438 -17052.1816406 -17867.2265625 -16914.1757812 -16767.2675781
-17133.1191406 -17060.1464844 -18052.0976562 -17438.8691406 -16917.7011719 -17924.7226562 -16774.9550781 -17058.8828125
-16177.2177734 -16551.5878906 -16705.5000000 -15983.5224609 -16695.8144531 -16273.7226562 -16555.0039062 -16228.3320312
-18038.4902344 -18272.1699219 -18232.2207031 -17667.0898438 -18455.3476562 -18111.5058594 -18267.5058594 -18116.3261719
-18107.0839844 -18866.8691406 -17654.7324219 -17574.2500000 -18860.8750000 -17161.6894531 -18730.0566406 -18416.3652344
-17400.9121094 -17825.9472656 -17652.4824219 -17033.3535156 -17936.4277344 -17440.9980469 -17711.2695312 -17467.3164062
-16733.7070312 -17128.8105469 -16978.8378906 -16463.9492188 -17314.5039062 -17024.2011719 -17162.8398438 -16832.9921875
-17637.3750000 -18113.9863281 -17930.3906250 -17346.1210938 -18169.5800781 -17833.5703125 -18025.5820312 -17804.1230469
-17395.2617188 -17824.3789062 -17580.7187500 -17115.0878906 -17916.3554688 -17491.9375000 -17845.6171875 -17536.4882812
-17133.8574219 -17563.7832031 -17521.0039062 -16821.1562500 -17803.3339844 -17332.1777344 -17587.6328125 -17273.4042969
-17151.3769531 -17585.1992188 -17608.8535156 -16931.8613281 -17738.3867188 -17476.7714844 -17582.2949219 -17303.7324219
-18050.5878906 -18575.5136719 -17639.1933594 -17693.0312500 -18612.3828125 -17161.0214844 -18432.2773438 -18188.3437500
-16677.8632812 -17039.8789062 -17215.5859375 -16500.7031250 -17222.1777344 -17073.4843750 -17025.2011719 -16692.6835938
-16559.8339844 -16424.7539062 -17412.7656250 -16626.6484375 -16226.1669922 -17229.3339844 -16247.3671875 -16369.3437500
-17644.4628906 -17352.0429688 -18453.0527344 -17859.9355469 -17233.4531250 -18441.4707031 -17089.4628906 -17500.8593750
-17636.5781250 -17524.5390625 -18397.5976562 -17878.6738281 -17286.1601562 -18402.5644531 -17240.9199219 -17629.8125000
-17584.1582031 -17521.5214844 -18346.0898438 -17714.9707031 -17328.8437500 -18266.4101562 -17157.7050781 -17467.8203125
-16699.4921875 -16435.1679688 -17529.9218750 -16848.3750000 -16361.9189453 -17492.0312500 -16276.8261719 -16544.7636719
-16626.0214844 -16524.8417969 -17633.8417969 -16889.2460938 -16258.0019531 -17569.6328125 -16195.4658203 -16474.4023438
-17053.7265625 -16835.4980469 -18160.4531250 -17325.1601562 -16632.9355469 -18036.6992188 -16465.3046875 -16908.9199219
-16531.0664062 -16178.6562500 -17614.9433594 -16983.8750000 -15902.7646484 -17548.6933594 -15917.7529297 -16249.1767578
-16699.6777344 -16526.2578125 -17776.8144531 -17072.2949219 -16358.0976562 -17713.3476562 -16223.9853516 -16526.8574219
-16572.8398438 -16594.0292969 -17630.6347656 -16911.6679688 -16359.2246094 -17449.4667969 -16176.3808594 -16521.2949219
-17990.0078125 -18610.3867188 -17859.4335938 -17863.9238281 -18788.5507812 -17271.2343750 -18496.2363281 -18228.8378906
-16520.0214844 -16498.9726562 -17706.8496094 -17019.6875000 -16261.9189453 -17653.3203125 -16248.1015625 -16491.0703125
-16589.4296875 -16370.1699219 -17501.4941406 -16811.3164062 -16166.9238281 -17412.9550781 -15904.1054688 -16302.2275391
-18166.2539062 -18926.6992188 -17763.5781250 -17870.4140625 -18895.8652344 -17583.9062500 -18703.7695312 -18354.0488281
-19488.2421875 -19946.3242188 -18987.9199219 -19155.6445312 -20046.8359375 -18962.6445312 -19898.7246094 -19663.7402344
-17891.4160156 -18528.8476562 -17603.1699219 -17666.5488281 -18662.3789062 -17329.4863281 -18497.1777344 -18193.8476562
-17797.6250000 -18473.3886719 -17147.9746094 -17399.4746094 -18510.2324219 -17070.9550781 -18316.6171875 -18041.3457031
-19239.8925781 -19841.7578125 -18744.5996094 -18995.5878906 -19794.1386719 -18814.7246094 -19720.8437500 -19447.2890625
-18880.3222656 -19381.8476562 -18587.8554688 -18713.4746094 -19431.5019531 -18556.3554688 -19320.5332031 -19056.1367188
-19984.9277344 -20283.9296875 -19597.7089844 -19657.4355469 -20376.5664062 -19524.7382812 -20205.2773438 -20029.8222656
-18658.0898438 -19215.5742188 -18357.4609375 -18306.2597656 -19204.7714844 -18011.0722656 -19128.9570312 -18849.0722656
-18774.7851562 -19318.7265625 -18499.8339844 -18550.6269531 -19374.3652344 -18319.7089844 -19195.2128906 -19059.0117188
-18632.8203125 -19251.0468750 -18189.3691406 -18143.0410156 -19235.7968750 -18058.0625000 -19173.1074219 -18827.3554688
-18660.6640625 -19204.7910156 -18164.2539062 -18311.0644531 -19326.9433594 -18063.1152344 -19129.9765625 -18852.1503906
-18756.5234375 -19314.9707031 -18408.3320312 -18560.3730469 -19525.9199219 -18386.5234375 -19312.8496094 -19021.9355469
-19296.3476562 -19835.8457031 -18874.7597656 -18962.6738281 -19887.6445312 -18678.2226562 -19720.5585938 -19429.3828125
-19071.0917969 -19475.0000000 -18670.7285156 -18791.1386719 -19603.0449219 -18578.4316406 -19504.4511719 -19235.3320312
-19855.0546875 -20363.5019531 -19475.6132812 -19628.3984375 -20359.5410156 -19483.8808594 -20210.0683594 -20003.8125000
-18011.0234375 -18608.4042969 -17514.0976562 -17536.2617188 -18637.9375000 -17459.8535156 -18414.2539062 -18142.8925781
-18683.9140625 -19466.0390625 -18209.1250000 -18474.0527344 -19483.1250000 -18143.2070312 -19380.7714844 -19001.2734375
-19329.2480469 -19816.9394531 -19073.4140625 -19001.1582031 -19829.0937500 -18923.8066406 -19687.9277344 -19645.2871094
-19360.2265625 -19760.7519531 -18962.7519531 -18924.8867188 -19720.6738281 -18749.6601562 -19643.9355469 -19582.0527344
-16171.9453125 -16059.9345703 -17376.4023438 -16523.8964844 -15764.9052734 -17117.4238281 -15655.5908203 -16115.1279297
-16448.4296875 -16306.6396484 -17523.0253906 -16760.3691406 -16182.8564453 -17458.4902344 -15879.8447266 -16287.6865234
-18590.7285156 -18794.4199219 -18955.7304688 -18655.3828125 -18755.9277344 -18721.0585938 -18626.7500000 -18654.8867188
-18605.1640625 -18459.7402344 -19361.9609375 -18847.1660156 -18404.7382812 -19252.1406250 -18256.0527344 -18500.4140625
-18288.4921875 -18093.7402344 -19099.0468750 -18522.0253906 -17985.3769531 -19002.8183594 -17915.3183594 -18272.2910156
-16929.7558594 -16809.8261719 -17847.2968750 -17201.1484375 -16590.1796875 -17861.9335938 -16426.4179688 -16876.9335938
-17706.0175781 -17539.0371094 -18531.4179688 -17875.1386719 -17495.5683594 -18347.1542969 -17317.3437500 -17600.5898438
-15342.8476562 -15157.8203125 -16549.1210938 -15719.6123047 -14903.8759766 -16428.0859375 -14668.0888672 -15068.5546875
-16552.8808594 -16454.3378906 -17703.6035156 -16979.7187500 -16242.6542969 -17570.0234375 -16140.3408203 -16498.8984375
-15622.4453125 -15335.9296875 -16903.9648438 -15949.0937500 -15171.3251953 -16692.6464844 -14981.1113281 -15398.1210938
-15599.3740234 -15378.9023438 -16789.8378906 -15830.6152344 -15180.4960938 -16778.2890625 -15030.0244141 -15380.6826172
-15834.5722656 -15479.5712891 -16975.1757812 -16198.2333984 -15510.7382812 -16900.1933594 -15182.3623047 -15634.1396484
-17409.8242188 -17216.9804688 -18206.9316406 -17636.1582031 -17148.5839844 -18169.9687500 -16909.1875000 -17251.1191406
-16193.8593750 -16101.6689453 -17342.6269531 -16529.9179688 -15981.7597656 -17243.7070312 -15797.1806641 -16125.0576172
-17685.7773438 -17462.0468750 -18433.5097656 -17881.7246094 -17302.5820312 -18413.3222656 -17231.3867188 -17528.4375000
-16508.7050781 -16301.3994141 -17570.5351562 -16781.0390625 -16133.8837891 -17332.9746094 -15979.0615234 -16453.5585938
-17247.0507812 -17007.1601562 -18300.1230469 -17551.3574219 -17087.8105469 -18168.7480469 -16888.5898438 -17042.8671875
-16590.1601562 -16524.1660156 -17421.0996094 -16761.2558594 -16317.0917969 -17406.5683594 -16151.5458984 -16442.6562500
-17397.0507812 -17232.4941406 -18406.3925781 -17686.5468750 -17230.7324219 -18182.1347656 -17183.4531250 -17283.3125000
-17256.1035156 -17043.8847656 -18202.9687500 -17539.2441406 -16845.1054688 -18155.4824219 -16844.7011719 -17058.1523438
-16996.7910156 -16748.0019531 -17998.7265625 -17280.0761719 -16728.4648438 -17916.1425781 -16588.4843750 -16873.3632812
-16911.4277344 -17158.5117188 -17508.8261719 -16876.5781250 -16736.7890625 -17185.7656250 -16781.7480469 -17036.5898438
-17251.5781250 -17466.0742188 -18217.2812500 -17435.0527344 -17677.1992188 -18118.0917969 -17560.3359375 -17132.1894531
-16515.5722656 -16696.9453125 -17659.1757812 -16898.7832031 -16908.3515625 -17391.8593750 -16612.6406250 -16464.7910156
-16360.0029297 -16534.5390625 -17467.0156250 -16848.0703125 -16685.8164062 -17501.3515625 -16586.4824219 -16190.7656250
-16430.2617188 -16193.5986328 -17429.0878906 -16478.2070312 -16644.9140625 -17145.4472656 -16262.7695312 -16213.2060547
-16764.4023438 -16738.5253906 -17510.1171875 -16978.2675781 -17034.3242188 -17390.6835938 -16789.9667969 -16713.1074219
-16101.1035156 -16201.0566406 -17265.1972656 -16454.1640625 -16496.8320312 -17008.7226562 -16232.0117188 -16058.5214844
-16881.9531250 -17011.8730469 -17943.7343750 -17284.7265625 -17239.8476562 -17871.1816406 -17062.5156250 -16781.8222656
-16355.0273438 -16195.6757812 -17391.8320312 -16771.2070312 -16142.2177734 -17362.8535156 -15959.9111328 -16257.9648438
-16581.1621094 -16682.2226562 -17658.2031250 -16883.0175781 -17001.8027344 -17478.2031250 -16743.7011719 -16391.0351562
-15944.9687500 -15936.2734375 -16952.8164062 -16187.7353516 -16304.0107422 -16889.0078125 -16077.4843750 -15775.4453125
-16043.0224609 -15934.6054688 -17263.4140625 -16335.0156250 -16153.5283203 -17153.6289062 -15953.8398438 -15687.6279297
-16913.2636719 -16970.3398438 -17816.9335938 -16974.3242188 -17172.5195312 -17651.3203125 -16837.1523438 -16901.3554688
-17707.6210938 -17835.7285156 -18498.2128906 -17993.8300781 -17916.3320312 -18518.3613281 -17828.6289062 -17494.0273438
-16392.4746094 -16409.3378906 -17524.3984375 -16764.8945312 -16633.9921875 -17472.5390625 -16434.8808594 -16339.4091797
-18637.3281250 -18544.3183594 -19345.1875000 -18568.7480469 -18709.5117188 -19200.5917969 -18587.2851562 -18435.8007812
-15774.2050781 -15758.3017578 -16923.3652344 -16105.2392578 -16046.9208984 -16727.5996094 -15686.9472656 -15639.9082031
-16359.8496094 -16511.0703125 -17155.9160156 -16640.1191406 -16743.6679688 -17051.4765625 -16522.9589844 -16210.0273438
-16934.2089844 -17110.8085938 -18086.2714844 -17364.8710938 -17375.8203125 -17904.1875000 -17231.1171875 -16805.2285156
-17334.5898438 -17451.3359375 -18335.0644531 -17637.2402344 -17663.4843750 -18136.1679688 -17423.4570312 -17214.8281250
-16903.5292969 -16953.0703125 -17863.0878906 -17166.9980469 -17050.6113281 -17663.3554688 -16964.2265625 -16871.5058594
-16035.4101562 -15595.4560547 -17030.7753906 -16373.6562500 -16189.8408203 -16818.3027344 -15851.1806641 -15874.9433594
-15743.7587891 -15291.1162109 -16868.3085938 -16216.4707031 -15881.8710938 -16877.3574219 -15592.2861328 -15610.6777344
-15882.0449219 -15511.0664062 -17063.8984375 -16257.2480469 -16036.3203125 -17003.9511719 -15734.1220703 -15793.1396484
-17691.9296875 -17325.2089844 -18541.3359375 -17839.4394531 -17612.6171875 -18306.9355469 -17454.7402344 -17548.4238281
-17342.0781250 -17011.5527344 -18211.2148438 -17501.2109375 -17133.0996094 -18047.1367188 -16852.4980469 -17068.6972656
-16122.2861328 -15839.5019531 -17262.6523438 -16481.3945312 -16461.7851562 -17062.0566406 -16112.9335938 -16118.3681641
-16638.5527344 -16662.3046875 -17796.5292969 -17029.6406250 -16248.0185547 -17680.7167969 -16218.0888672 -16589.5410156
-16628.0390625 -16115.9335938 -17642.8691406 -16936.9863281 -16635.4707031 -17523.0390625 -16258.0771484 -16404.9082031
-18633.9550781 -18510.0488281 -19279.7285156 -18835.0703125 -18459.4316406 -19235.5507812 -18349.9101562 -18513.4335938
-16838.2070312 -16473.6406250 -17768.7597656 -17128.0371094 -16826.2187500 -17746.1250000 -16603.0820312 -16626.0058594
-17621.3417969 -17321.4082031 -18556.1542969 -17928.4531250 -17696.2832031 -18477.6230469 -17467.0312500 -17396.4882812
-17869.9375000 -17460.5488281 -18790.4472656 -18107.9882812 -17882.2519531 -18716.6894531 -17740.7714844 -17744.1054688
-18441.3847656 -17994.8730469 -19356.6406250 -18622.3710938 -18463.7128906 -19275.2382812 -18368.1464844 -18219.5703125
-18988.7324219 -19367.2558594 -18748.5781250 -18651.2050781 -19506.3554688 -18262.1035156 -19401.7441406 -19160.0585938
-18753.4394531 -18928.1777344 -19493.0000000 -19100.3222656 -18746.7851562 -19455.5156250 -18610.9531250 -18805.3535156
-19390.9746094 -19939.2402344 -19078.3339844 -19131.6796875 -20062.9433594 -18786.4628906 -19933.2910156 -19669.2402344
-18783.8437500 -18430.6621094 -19571.5605469 -19003.2421875 -18730.4882812 -19495.2167969 -18557.3613281 -18579.2832031
-19053.6191406 -18776.9550781 -19640.3476562 -19207.7089844 -19106.8398438 -19611.7421875 -18997.5000000 -19028.4843750
-18456.5820312 -18847.0195312 -18485.4160156 -18234.6757812 -18967.9335938 -18053.9082031 -18762.5371094 -18562.0585938
-18323.5312500 -17955.7968750 -19190.1640625 -18636.2285156 -18324.3398438 -19048.0625000 -18149.3964844 -18277.6972656
-18242.4296875 -18052.8750000 -19143.4687500 -18497.7148438 -17900.9804688 -18943.4511719 -17809.7089844 -18152.5449219
-17918.1621094 -18331.4941406 -18669.0937500 -18318.8046875 -18568.4902344 -18621.3437500 -18279.5566406 -18079.0527344
-18243.7929688 -18035.0644531 -18938.0566406 -18278.9726562 -17913.8535156 -18796.1464844 -17852.2929688 -18128.7929688
-18888.3925781 -18761.9472656 -19503.3183594 -18987.3164062 -18977.5371094 -19380.9667969 -18726.0761719 -18836.4199219
-18546.2812500 -18962.4121094 -18759.5000000 -18491.1582031 -19027.7714844 -18397.8671875 -18898.6250000 -18668.9824219
-17423.1503906 -17783.1582031 -17980.9003906 -17565.5136719 -17990.3710938 -17827.5722656 -17802.6621094 -17558.5917969
-19351.9707031 -19877.7109375 -19033.6718750 -18995.1445312 -19924.1816406 -18551.6894531 -19842.1445312 -19565.0351562
-18729.9980469 -18306.9003906 -19436.3320312 -18889.2285156 -18851.5058594 -19388.9687500 -18619.8183594 -18628.8789062
-18373.8339844 -18038.4082031 -19179.4199219 -18429.0898438 -18316.3457031 -19037.4453125 -18265.8515625 -18246.1972656
-18049.1933594 -17995.1484375 -18879.8066406 -18341.9648438 -17914.6484375 -18814.4453125 -17765.3046875 -18032.5468750
-16920.5019531 -16566.6425781 -17936.3339844 -17158.9589844 -17094.0820312 -17917.2773438 -16901.7890625 -16899.4394531
-18535.9589844 -18340.1562500 -19462.2441406 -18737.0253906 -18441.0976562 -19400.6328125 -18413.6328125 -18487.9218750
-18778.3574219 -19365.4863281 -18603.3867188 -18519.9863281 -19492.4375000 -18161.7734375 -19294.1523438 -19052.1269531
-18375.6113281 -18899.4492188 -17878.8144531 -17934.9941406 -18966.8652344 -17546.1269531 -18890.7285156 -18590.5312500
-18107.3320312 -17755.2539062 -19036.6933594 -18346.3613281 -18171.7441406 -18940.3671875 -17980.6855469 -18030.1210938
-17944.8593750 -17713.5332031 -18846.5136719 -18141.6796875 -18158.0839844 -18681.2871094 -17790.6367188 -17882.0937500
-16867.0312500 -16472.4355469 -17897.1542969 -17210.9277344 -17033.3730469 -17777.5039062 -16729.1425781 -16819.2226562
-18910.6777344 -19467.3593750 -18606.3222656 -18590.8242188 -19461.8574219 -18267.1289062 -19376.5527344 -19166.4902344
