-16909.3671875 -17147.7304688 -17949.9316406 -17343.2871094 -17345.6894531 -17907.3125000 -17143.5976562 -16920.7714844
-17299.3339844 -17597.5878906 -18159.5214844 -17652.6113281 -17760.5683594 -18082.4726562 -17587.6484375 -17472.7578125
-15993.0488281 -16206.6796875 -17030.7148438 -16482.9570312 -16552.0292969 -16872.4042969 -16291.2402344 -16086.8896484
-17319.1054688 -17648.6054688 -17925.4257812 -17591.8242188 -17916.3281250 -17923.1113281 -17723.6992188 -17424.6640625
-15561.5400391 -16030.6376953 -16483.2753906 -16052.2119141 -16065.6152344 -16538.1621094 -16011.2080078 -15663.1289062
-16060.9121094 -16391.3476562 -16756.9472656 -16246.9453125 -16685.6835938 -16679.8437500 -16397.6425781 -16248.5605469
-15728.8662109 -16089.3046875 -16711.6210938 -16074.7021484 -16203.4541016 -16448.0429688 -15967.6005859 -15749.3066406
-15667.1093750 -16123.8134766 -16845.6152344 -15913.0703125 -16414.9101562 -16496.5390625 -16025.9736328 -15626.9941406
-15908.6123047 -16295.8750000 -16837.0742188 -16093.1396484 -16738.3437500 -16664.8007812 -16239.6875000 -15816.6015625
-15864.6826172 -16313.9150391 -16814.5312500 -16262.0458984 -16599.8242188 -16667.8027344 -16320.0205078 -16028.8056641
-16086.7988281 -16595.8339844 -16727.3730469 -16255.0419922 -16783.6933594 -16469.0000000 -16613.6542969 -16325.5107422
-16145.8642578 -16499.2324219 -17088.3320312 -16521.9101562 -16719.4687500 -16887.7382812 -16425.9472656 -16021.7421875
-17208.0957031 -17573.1933594 -17818.4199219 -17441.5859375 -17811.0683594 -17730.1425781 -17502.2187500 -17288.9023438
-16134.6796875 -16435.2324219 -17049.9082031 -16479.3886719 -16680.8300781 -16928.5195312 -16474.5312500 -16232.5878906
-16000.3974609 -16345.1416016 -16983.7617188 -16375.7519531 -16664.0878906 -16874.9511719 -16384.8710938 -16017.3593750
-16264.3085938 -16605.0117188 -17101.8085938 -16618.5546875 -16857.0546875 -17036.4453125 -16686.8867188 -16273.2587891
-15755.6533203 -16271.6259766 -16809.4824219 -16189.2656250 -16548.4472656 -16515.9316406 -16281.5205078 -16023.8642578
-15784.9423828 -15878.4023438 -16802.5019531 -16204.4326172 -16230.9062500 -16778.9121094 -15926.2333984 -15837.7685547
-15914.1718750 -16199.9335938 -16947.2617188 -16199.4951172 -16552.7558594 -16766.3828125 -16272.0927734 -15951.4335938
-16006.4218750 -16450.2109375 -16831.9921875 -16157.6728516 -16735.8964844 -16558.1914062 -16372.8154297 -16230.3691406
-16105.4453125 -16505.2617188 -16902.6054688 -16406.1308594 -16609.3417969 -16853.6386719 -16475.3828125 -16233.1445312
-14889.1669922 -15284.6308594 -16021.4833984 -15246.0068359 -15724.7968750 -15789.8544922 -15337.7265625 -15054.1230469
-15032.0175781 -15448.1269531 -16067.0205078 -15404.5029297 -15594.9072266 -16049.7539062 -15397.5595703 -15117.4287109
-16206.6396484 -16647.1054688 -17006.7636719 -16494.1054688 -16744.7285156 -16983.8554688 -16646.4218750 -16367.5419922
-15994.6318359 -16232.9335938 -16885.3007812 -16291.2919922 -16439.1933594 -16794.8164062 -16242.3798828 -16002.1035156
-15692.5869141 -15956.7607422 -16676.7890625 -16151.4072266 -16347.1914062 -16451.5625000 -16054.3466797 -15780.8281250
-16352.4931641 -16832.0507812 -17242.1855469 -16597.3671875 -17137.5410156 -17097.4726562 -16780.1328125 -16588.1113281
-16414.0820312 -16890.0390625 -17371.4082031 -16688.1542969 -17145.0234375 -17100.8925781 -16843.0117188 -16546.6679688
-16409.9960938 -16615.7558594 -17220.1640625 -16808.2851562 -16858.2617188 -17280.1152344 -16690.9296875 -16480.0937500
-16177.1699219 -16560.1835938 -17126.3632812 -16658.6328125 -16736.0878906 -16989.7402344 -16641.2128906 -16197.2597656
-16689.5351562 -17165.3339844 -17537.5058594 -17034.5449219 -17390.6171875 -17395.2402344 -17313.9804688 -16932.6835938
-16579.1503906 -16934.3964844 -17469.5468750 -16971.0332031 -17367.0859375 -17360.7929688 -17013.6250000 -16592.5898438
-17013.6484375 -17226.9277344 -17807.9375000 -17482.6933594 -17393.7910156 -17794.1054688 -17316.1113281 -17130.4921875
-16269.9599609 -16443.8046875 -17250.3300781 -16611.5292969 -16616.9707031 -17040.1113281 -16424.9492188 -16217.9511719
-16326.7607422 -17013.8320312 -16885.1425781 -16572.1777344 -17262.1972656 -16615.2382812 -17023.3496094 -16818.7480469
-16512.9296875 -16732.0390625 -17449.5195312 -16907.5390625 -16929.1289062 -17345.8984375 -16681.2597656 -16457.0332031
-16331.5468750 -16735.3808594 -17413.2167969 -16752.7148438 -16913.5976562 -17191.8105469 -16644.9941406 -16495.0234375
-16081.9179688 -16538.0175781 -16820.7050781 -16405.5585938 -16728.8281250 -16768.1777344 -16319.8281250 -16246.1103516
-16086.4589844 -16580.8535156 -16987.8632812 -16383.7822266 -16831.5937500 -16910.4726562 -16641.9824219 -16436.3984375
-16123.6123047 -16318.2236328 -17174.1796875 -16518.4492188 -16609.1171875 -17039.8535156 -16270.8974609 -16045.3906250
-17160.5292969 -17399.3632812 -17959.6093750 -17472.5800781 -17649.9335938 -17826.8671875 -17408.7773438 -17259.2753906
-17411.2363281 -17690.3750000 -18171.6503906 -17641.0097656 -17932.6816406 -17967.6054688 -17679.3320312 -17431.1503906
-18067.1738281 -18314.4648438 -18606.6250000 -18262.9394531 -18535.7968750 -18590.5957031 -18351.2460938 -17968.7304688
-16741.3203125 -17016.9003906 -17550.9218750 -17036.5585938 -17229.7207031 -17402.9570312 -17040.0781250 -16712.3515625
-16015.6591797 -16262.3535156 -16847.0996094 -16237.1542969 -16575.0292969 -16678.1972656 -16346.2636719 -16052.8320312
-16604.5527344 -16898.0175781 -17501.2460938 -16841.9824219 -17146.5761719 -17494.4726562 -16847.9843750 -16830.1621094
-16876.6914062 -17195.2089844 -17184.8320312 -16785.1894531 -17368.6464844 -16887.6718750 -17196.6054688 -16816.8964844
-16694.4316406 -16936.8984375 -17573.0292969 -16873.8867188 -17101.9960938 -17288.8964844 -16895.2187500 -16643.0214844
-16369.0449219 -16908.5078125 -17212.7949219 -16629.9003906 -17069.7089844 -17077.9726562 -16848.7792969 -16568.0996094
-16302.8886719 -16663.6132812 -17332.8652344 -16747.3750000 -17011.4433594 -17222.7246094 -16707.1601562 -16358.8935547
-16879.9863281 -17203.0488281 -17900.2636719 -17371.8085938 -17399.1113281 -17751.9316406 -17210.1328125 -16857.5117188
-16605.9257812 -16921.2539062 -17564.0000000 -17084.2851562 -17056.5996094 -17503.3339844 -16932.7402344 -16694.3515625
-16690.1562500 -16946.6113281 -17525.6093750 -17002.5078125 -17096.6621094 -17264.8886719 -16952.2851562 -16690.0234375
-17501.9257812 -18028.1542969 -17867.0605469 -17455.4902344 -18041.8125000 -17669.4687500 -17941.5312500 -17797.6035156
-16842.0976562 -17238.0214844 -17706.7773438 -17190.4316406 -17451.5312500 -17544.3867188 -17301.5253906 -17014.3496094
-16522.2089844 -16735.4199219 -17477.7714844 -16863.3789062 -16990.6425781 -17221.7695312 -16724.6113281 -16411.5859375
-17163.0117188 -17444.9941406 -17822.8261719 -17265.2128906 -17768.8183594 -17660.4003906 -17390.8281250 -17068.7871094
-16574.6113281 -16855.6269531 -17562.9960938 -17005.0976562 -17080.5175781 -17394.2636719 -16821.7343750 -16415.3378906
-16314.5947266 -16607.3886719 -17302.8378906 -16771.0878906 -16815.8046875 -17259.6972656 -16718.0566406 -16382.8720703
-16302.8271484 -16657.2304688 -17370.7285156 -16694.1289062 -16889.8554688 -17169.1191406 -16651.7167969 -16314.9843750
-15934.0703125 -16398.2011719 -16907.7812500 -16281.5712891 -16600.3593750 -16738.1347656 -16423.4726562 -16132.6972656
-16691.5292969 -16960.1855469 -17466.6875000 -16898.8320312 -17280.5429688 -17374.7441406 -17113.9902344 -16710.3691406
-16582.8457031 -16983.5019531 -17187.6191406 -16807.4082031 -17212.7597656 -17116.4277344 -16908.2050781 -16816.4375000
-16412.5117188 -16671.0019531 -17366.4355469 -16758.4746094 -16943.6484375 -17223.2070312 -16665.6015625 -16435.2187500
-16676.0664062 -17036.7031250 -17377.5761719 -16911.9902344 -17206.9863281 -17302.8359375 -17055.5996094 -16785.0976562
-16472.5175781 -16889.5234375 -16823.3828125 -16345.8232422 -17035.1875000 -16726.2714844 -16870.0937500 -16658.1054688
-16603.0722656 -16911.1914062 -16865.4863281 -16244.4843750 -17089.5234375 -16715.6816406 -16948.9687500 -16781.3750000
-16583.3417969 -17031.8457031 -16730.8027344 -16197.2802734 -17316.2890625 -16491.1308594 -17051.8847656 -16708.9785156
-16819.6640625 -17025.3437500 -17086.5292969 -16508.6562500 -17386.6621094 -16908.8378906 -17087.5390625 -16906.1503906
-16161.4062500 -16549.3339844 -16552.2050781 -15824.2207031 -16725.8378906 -16396.4492188 -16561.7070312 -16197.2158203
-16300.5878906 -16691.4238281 -16624.7167969 -15851.0449219 -16950.2675781 -16246.3095703 -16697.4335938 -16363.4218750
-16751.1679688 -17025.0800781 -16720.3906250 -16182.1982422 -17358.2988281 -16499.8945312 -17133.1796875 -16890.5507812
-15242.1240234 -15342.2939453 -15844.8837891 -15026.5996094 -15629.1230469 -15738.8183594 -15320.1865234 -15185.5507812
-16606.0976562 -17214.8554688 -16674.2851562 -16213.0615234 -17391.9296875 -16543.2460938 -17125.7441406 -16921.7597656
-16632.7285156 -16911.3847656 -16877.1093750 -16301.1464844 -17187.8984375 -16863.2128906 -16899.1328125 -16620.9062500
-16087.2421875 -16739.1796875 -16347.4501953 -15648.8613281 -16845.5527344 -16273.6142578 -16630.9589844 -16352.6025391
-18134.1582031 -18744.3242188 -17176.7402344 -17872.2167969 -18829.2832031 -17706.9277344 -18755.5468750 -18416.7167969
-17323.4218750 -17797.1191406 -16684.5722656 -16742.8964844 -17952.8242188 -16612.5097656 -17751.5273438 -17511.5253906
-18280.6152344 -18682.1660156 -17779.0449219 -18045.3750000 -18783.6992188 -17923.5390625 -18635.7988281 -18427.3261719
-18770.8359375 -19241.5859375 -18395.4804688 -18505.2128906 -19444.0878906 -18421.5136719 -19095.0449219 -18965.0839844
-16255.4521484 -16123.9892578 -17178.3574219 -16534.7753906 -16005.9960938 -17098.0351562 -15797.2968750 -16271.4814453
-16535.0175781 -16174.4882812 -17591.4980469 -16903.2226562 -16714.8925781 -17392.2812500 -16515.7734375 -16492.7265625
-17587.6660156 -17454.7753906 -18332.8847656 -17837.9570312 -17411.9238281 -18322.9667969 -17268.9785156 -17572.3476562
-17269.1699219 -16958.3105469 -18237.1816406 -17587.4785156 -17426.6230469 -18137.3886719 -17204.1777344 -17273.8476562
-16109.8818359 -15541.7646484 -17247.9335938 -16431.8300781 -16270.2275391 -17038.5937500 -15908.8828125 -15975.9082031
-16082.4326172 -15815.3437500 -17185.8906250 -16496.3691406 -16219.9111328 -17047.8886719 -16018.7890625 -16103.9599609
-16564.6562500 -16126.8203125 -17463.1562500 -16809.1289062 -16710.4902344 -17244.2402344 -16343.1425781 -16451.9375000
-16780.5625000 -16599.4511719 -17654.8886719 -17036.9335938 -16700.1699219 -17527.0664062 -16456.0722656 -16632.8027344
-16212.5957031 -16007.7343750 -17164.9941406 -16473.8417969 -16455.2500000 -17012.0214844 -16171.2412109 -16105.4218750
-16889.7070312 -16446.6660156 -17843.0722656 -17225.6640625 -17062.2480469 -17722.0019531 -16845.3242188 -16719.4570312
-16467.5273438 -15849.1835938 -17596.2363281 -16808.0390625 -16490.0527344 -17347.8632812 -16313.5742188 -16218.8798828
-16117.2529297 -15563.3906250 -17199.3652344 -16433.3457031 -16218.9638672 -17166.4843750 -15992.3115234 -16000.0146484
-15787.3017578 -15157.6152344 -16832.9902344 -16050.9052734 -15845.6191406 -16620.2753906 -15520.5468750 -15679.6083984
-16537.0917969 -16204.4091797 -17459.2851562 -16801.8496094 -16711.1328125 -17375.1992188 -16545.6875000 -16473.2011719
-15876.8398438 -15705.0351562 -16946.1367188 -16230.6416016 -15751.0097656 -16848.6640625 -15489.7900391 -15807.1914062
-16117.7333984 -15915.7812500 -17107.8710938 -16475.2343750 -15914.2001953 -16903.6679688 -15669.9433594 -16060.0927734
-17282.8964844 -16891.1914062 -18118.7167969 -17542.7304688 -17279.3007812 -17964.0449219 -17215.5234375 -17162.0566406
-16118.4931641 -15817.2539062 -17318.6523438 -16542.0527344 -16349.4394531 -17227.9355469 -16003.4912109 -16085.8515625
-17422.3300781 -17347.7441406 -18236.1210938 -17698.5175781 -17239.4628906 -18030.8281250 -17130.5332031 -17350.8378906
-16455.3281250 -16122.6962891 -17563.9355469 -16837.4121094 -16613.6738281 -17483.5195312 -16431.3632812 -16382.1708984
-16568.6953125 -16348.4990234 -17574.1445312 -16929.8007812 -16215.3632812 -17438.8632812 -16157.8330078 -16554.0605469
-14930.8398438 -14464.2216797 -16154.2294922 -15338.3935547 -15159.1728516 -16056.1767578 -14752.7158203 -14887.0400391
-15003.1748047 -14711.3466797 -16465.9707031 -15681.5263672 -15431.4453125 -16192.9990234 -14972.7949219 -14994.4746094
-15574.8837891 -15426.1562500 -16724.0273438 -16058.7773438 -15287.4931641 -16587.1738281 -15188.2529297 -15540.4638672
-16493.0292969 -16377.9267578 -17615.1386719 -16995.0976562 -16427.9863281 -17584.6484375 -16247.4472656 -16577.4296875
-16502.0683594 -16175.3300781 -17316.6171875 -16651.2617188 -16885.5664062 -16978.4296875 -16533.8847656 -16480.8144531
-16287.0087891 -16059.4443359 -17378.7871094 -16631.3417969 -16400.2187500 -17201.5664062 -16127.9082031 -16283.5576172
-17129.7109375 -16672.9707031 -18078.4707031 -17335.5273438 -17186.5019531 -17914.5332031 -16952.1406250 -17046.3593750
-15998.7695312 -15655.6884766 -17222.2832031 -16376.1416016 -16239.4121094 -16961.4609375 -15968.9492188 -15941.1250000
-15992.6875000 -15880.5332031 -17103.0429688 -16370.9707031 -15762.5800781 -16924.5195312 -15677.0898438 -16135.5458984
-15766.7148438 -15168.7011719 -17010.3847656 -16135.5634766 -15852.4052734 -16793.7070312 -15625.7470703 -15697.5712891
-16088.9765625 -15692.0664062 -17103.1269531 -16308.0546875 -16017.4394531 -16856.7460938 -15865.5146484 -16011.8652344
-15614.3632812 -15175.6113281 -16970.2968750 -16047.3652344 -15775.0039062 -16688.2617188 -15393.2675781 -15463.6406250
-16360.7421875 -15972.1953125 -17452.3378906 -16636.4902344 -16206.4892578 -17211.2578125 -15975.3642578 -16239.9550781
-16216.9199219 -16013.5214844 -17285.1445312 -16461.6347656 -16179.1738281 -17007.3867188 -16016.6816406 -16120.6005859
-15312.0859375 -14780.8115234 -16713.0156250 -15779.1982422 -15519.0615234 -16449.7695312 -15235.0468750 -15224.3828125
-15910.2656250 -15642.5517578 -16999.9121094 -16295.7226562 -16165.4648438 -16810.9218750 -15854.1318359 -15880.5917969
-15650.7988281 -15338.0849609 -16833.7753906 -16100.5742188 -15373.8603516 -16852.5097656 -15263.4550781 -15592.1933594
-15741.2138672 -15724.0000000 -16605.2910156 -15977.9765625 -15608.0185547 -16325.3779297 -15623.1904297 -15735.6718750
-15227.5078125 -14998.6582031 -16362.4736328 -15515.7753906 -14776.2265625 -16074.1064453 -14713.9990234 -15039.4638672
-17515.6933594 -17182.7539062 -18456.4316406 -17774.3378906 -17688.8847656 -18351.2597656 -17401.0566406 -17332.0527344
-14913.3710938 -14489.0615234 -16209.9970703 -15410.6806641 -15029.0625000 -16053.8085938 -14737.3945312 -14848.5244141
-17731.0996094 -17580.4687500 -18454.1699219 -18001.6718750 -17864.7988281 -18344.9628906 -17576.3984375 -17505.9628906
-17669.1816406 -17498.9531250 -18554.9746094 -18020.0585938 -17428.6230469 -18494.3535156 -17274.9140625 -17569.9414062
-17023.9882812 -16885.8085938 -17892.9296875 -17285.2050781 -16722.1406250 -17716.1992188 -16595.4023438 -16952.7890625
-17666.1777344 -17389.2207031 -18555.6601562 -17970.0566406 -17779.5664062 -18428.4726562 -17526.9394531 -17566.8691406
-15967.6074219 -15326.5292969 -17030.2832031 -16313.8779297 -16035.5107422 -16846.8984375 -15884.3662109 -15789.8427734
-16110.0166016 -15804.3496094 -17282.1503906 -16451.4785156 -16258.2900391 -17119.9296875 -15987.5273438 -16014.0156250
-16873.3730469 -16846.9140625 -17819.5312500 -17225.6328125 -16640.3593750 -17583.7851562 -16520.2050781 -16789.5761719
-16869.0898438 -16740.1250000 -17878.1875000 -17113.5722656 -16529.3222656 -17575.5703125 -16358.3007812 -16790.4472656
-18732.6093750 -18440.1074219 -19491.1816406 -18975.5781250 -18827.9394531 -19350.0273438 -18642.4902344 -18649.8164062
-17028.6152344 -16595.7812500 -18107.6425781 -17386.2480469 -17045.4960938 -17940.7734375 -16808.9941406 -16845.4882812
-17129.5351562 -16925.7265625 -17893.8144531 -17316.3867188 -17089.4550781 -17843.0507812 -16821.1328125 -17028.5312500
-15703.8535156 -15311.9150391 -16923.1367188 -16109.0078125 -15741.5849609 -16723.2597656 -15467.3378906 -15600.4941406
-15916.9150391 -15385.4501953 -16967.2402344 -16207.3808594 -16047.6621094 -16774.5410156 -15715.9628906 -15757.5302734
-18492.2304688 -18110.8906250 -19111.3320312 -18717.7011719 -18603.8144531 -19041.9335938 -18396.7636719 -18411.6445312
-16873.9218750 -16379.8183594 -17775.1875000 -17223.9277344 -16754.1269531 -17686.9375000 -16570.8867188 -16597.9765625
-16484.7519531 -16384.4121094 -17437.5195312 -16818.4023438 -16258.4072266 -17273.3652344 -16171.3339844 -16548.8730469
-16073.5009766 -15953.4960938 -17202.6210938 -16426.4394531 -15861.4443359 -16956.8046875 -15648.6679688 -15968.5390625
-16562.3964844 -16385.1796875 -17524.8261719 -16904.5996094 -16381.0478516 -17359.4570312 -16191.5996094 -16483.2304688
-16274.8779297 -16113.5683594 -17307.2832031 -16646.2949219 -16055.5888672 -17349.0097656 -15751.5429688 -16225.7988281
-16059.7714844 -15916.3291016 -17078.4414062 -16294.0244141 -15875.5029297 -16835.7519531 -15658.5009766 -16022.3154297
-16484.8261719 -16121.4843750 -17442.0878906 -16868.3632812 -16518.7089844 -17185.4023438 -16382.2089844 -16361.2900391
-17394.9062500 -17295.0312500 -18108.3046875 -17657.1445312 -17166.8984375 -18137.0566406 -17067.4960938 -17289.6914062
-16435.4902344 -16046.4091797 -17478.8886719 -16817.9824219 -16554.3437500 -17253.2031250 -16316.7666016 -16312.8408203
-16590.8808594 -16171.3818359 -17610.7207031 -16910.6074219 -16679.7050781 -17370.1894531 -16411.5058594 -16402.5839844
-15381.0312500 -14966.7148438 -16494.2304688 -15748.7763672 -15491.2675781 -16359.7031250 -15187.5419922 -15141.4667969
-17031.8183594 -16884.3964844 -17882.1738281 -17339.2207031 -16844.8632812 -17818.3359375 -16720.0097656 -16967.1484375
-17426.0898438 -16978.3535156 -18460.6230469 -17781.3652344 -17382.1523438 -18290.7968750 -17141.3222656 -17337.6210938
-15944.3730469 -15770.1113281 -17031.7226562 -16409.7558594 -16000.2275391 -16875.4765625 -15626.3408203 -15824.6728516
-16542.3457031 -15948.1337891 -17565.9550781 -16709.2734375 -16638.2773438 -17380.2265625 -16459.6308594 -16256.5742188
-16926.6738281 -16338.5810547 -17745.4531250 -17170.1347656 -16777.8710938 -17647.8378906 -16681.1425781 -16649.6601562
-16720.0156250 -16554.9589844 -17773.0917969 -17148.4042969 -16561.6171875 -17709.7265625 -16361.4179688 -16592.6562500
-15934.0507812 -16507.7871094 -16648.1640625 -16054.9804688 -16638.8925781 -16497.2753906 -16420.7968750 -16290.5527344
-17990.1718750 -18337.0722656 -18170.0625000 -17783.9335938 -18473.1035156 -18048.3808594 -18284.7656250 -18084.6113281
-17218.4316406 -17886.0527344 -16863.2695312 -16790.4375000 -17998.8593750 -16563.8984375 -17815.1347656 -17547.9746094
-17232.1230469 -17538.2890625 -17506.2890625 -17076.1601562 -17831.7148438 -17411.8613281 -17513.7968750 -17389.5566406
-16593.7558594 -16972.3300781 -16696.5859375 -16152.6689453 -17216.8417969 -16490.8125000 -16913.6679688 -16730.2207031
-17143.2460938 -17494.7304688 -17430.6269531 -16917.9218750 -17854.4472656 -17361.6230469 -17476.2441406 -17272.2714844
-17249.1640625 -17672.4472656 -17380.3437500 -16845.4316406 -17943.6914062 -17184.6152344 -17666.8593750 -17437.2363281
-16654.5371094 -17020.9863281 -17122.0625000 -16450.4414062 -17345.1250000 -17061.1972656 -17010.7402344 -16864.6640625
-16915.4121094 -17213.2695312 -17299.0019531 -16769.4394531 -17494.1035156 -17077.5019531 -17196.3378906 -17121.2265625
-17316.6738281 -17877.3964844 -17049.2265625 -16800.1289062 -18122.6894531 -16477.9277344 -17766.2089844 -17540.9863281
-16149.4746094 -16518.1757812 -16731.6230469 -16061.0556641 -16718.8671875 -16622.0195312 -16488.0585938 -16371.2685547
-16127.6718750 -16076.5527344 -17215.3437500 -16526.2578125 -15804.6650391 -17209.6875000 -15659.5888672 -16144.2939453
-17248.0683594 -17075.4648438 -18085.8261719 -17561.9433594 -17100.6894531 -17958.1289062 -17004.2402344 -17298.5097656
-17246.4843750 -17068.2812500 -18095.7734375 -17429.9628906 -17181.0996094 -17867.0214844 -16951.0292969 -17039.2460938
-17393.5351562 -17331.2910156 -18160.7753906 -17635.4882812 -17314.6914062 -18084.8710938 -17170.6367188 -17355.7167969
-16198.1152344 -16130.9296875 -17179.8867188 -16513.7714844 -15982.9335938 -17096.4316406 -15822.3681641 -16002.5556641
-16229.0478516 -16070.2304688 -17383.0117188 -16484.6289062 -15902.3310547 -17241.5742188 -15819.2675781 -16200.1083984
-16484.4824219 -16374.3935547 -17601.2128906 -16910.8769531 -16168.6542969 -17497.7167969 -16146.6503906 -16451.1425781
-16413.0800781 -16229.8544922 -17217.7402344 -16769.5039062 -15920.2675781 -17198.4804688 -15851.0791016 -16286.6328125
-16348.9511719 -16154.3017578 -17370.9511719 -16620.7968750 -15897.4667969 -17117.4980469 -15844.1386719 -16270.1523438
-16466.4804688 -16255.2978516 -17329.2773438 -16673.2402344 -16140.4707031 -17192.7402344 -15906.5166016 -16290.0712891
-17321.1816406 -17829.8457031 -17289.2363281 -17097.5917969 -18046.5566406 -16502.0820312 -17803.6523438 -17473.3750000
-15991.2392578 -15796.7900391 -17057.5507812 -16371.7890625 -15959.1796875 -17085.2656250 -15705.1328125 -15932.6679688
-16076.5429688 -16006.4804688 -17108.9375000 -16484.5957031 -15745.6464844 -17010.2128906 -15643.3613281 -16027.4208984
-17413.6621094 -18098.9843750 -17179.8476562 -17187.0585938 -18343.4609375 -16963.8066406 -17996.1738281 -17767.3417969
-18802.9550781 -19094.1113281 -18412.3886719 -18550.5390625 -19243.9765625 -18307.4003906 -19155.8359375 -18909.7128906
-17592.0742188 -18046.5917969 -17123.0800781 -17239.8886719 -18303.0371094 -17100.9570312 -18006.7382812 -17755.4589844
-17173.6777344 -17740.8046875 -16843.2714844 -16930.1542969 -17810.4667969 -16661.4042969 -17673.4609375 -17348.4707031
-18984.9355469 -19340.5703125 -18570.3339844 -18658.0898438 -19433.3554688 -18524.0878906 -19309.8222656 -19102.5078125
-18130.6386719 -18653.1093750 -18151.4062500 -18065.4980469 -18765.2558594 -18142.3417969 -18663.4394531 -18415.3085938
-19248.0253906 -19746.1777344 -18968.0683594 -19064.3281250 -19856.0039062 -18873.5000000 -19674.8906250 -19441.5625000
-18011.5449219 -18588.1894531 -17787.4355469 -17800.3496094 -18795.4023438 -17571.2324219 -18665.4414062 -18307.5742188
-18332.1386719 -18791.1230469 -17968.0625000 -17908.8300781 -18836.5253906 -17721.3320312 -18664.4765625 -18400.7265625
-18179.0292969 -18652.9082031 -17639.8300781 -17730.0878906 -18766.9687500 -17625.2363281 -18660.6503906 -18402.8789062
-18285.7539062 -18702.8320312 -17748.2207031 -17899.3300781 -18779.8203125 -17653.8378906 -18708.6699219 -18487.3164062
-18099.5175781 -18633.4003906 -17757.9492188 -17755.1503906 -18714.1250000 -17611.1171875 -18514.5625000 -18330.8144531
-18527.4453125 -19000.4160156 -18026.0039062 -18168.0839844 -19047.0625000 -17984.1210938 -19001.0371094 -18731.6503906
-18434.6406250 -18905.2226562 -18040.4570312 -18086.9453125 -19004.8242188 -17828.5957031 -18837.7324219 -18613.6289062
-19124.3886719 -19512.5703125 -18836.4785156 -18880.8066406 -19586.7128906 -18776.2656250 -19440.3808594 -19266.1855469
-17761.2578125 -18228.9921875 -17372.3769531 -17363.5000000 -18395.9531250 -17252.7949219 -18262.3105469 -17898.1933594
-18018.7050781 -18537.2734375 -17572.8691406 -17627.6445312 -18707.9218750 -17547.6640625 -18528.9785156 -18229.1445312
-18518.0507812 -18956.3984375 -18429.3437500 -18317.7285156 -19110.9316406 -18285.6542969 -18922.9570312 -18690.4687500
-18745.9101562 -19167.8203125 -18394.0449219 -18462.8085938 -19315.4511719 -18244.3750000 -19176.7109375 -18936.1621094
-15928.2187500 -15972.9833984 -16938.0781250 -16300.2568359 -15776.6259766 -16760.4199219 -15689.3701172 -15950.5371094
-16188.3808594 -16119.2207031 -17185.6113281 -16472.6308594 -16002.4775391 -16992.8183594 -15858.8066406 -16174.5488281
-18593.8183594 -18749.8671875 -18896.7070312 -18549.1894531 -18823.6640625 -18765.1757812 -18730.9433594 -18736.1875000
-18021.1230469 -17974.6542969 -18917.7226562 -18274.6308594 -17971.2773438 -18739.4511719 -17710.1445312 -17978.9179688
-18066.2597656 -17945.7968750 -18786.6289062 -18392.3476562 -17702.7578125 -18804.4902344 -17665.7109375 -18098.4902344
-16996.3671875 -16988.8945312 -17911.9179688 -17257.5800781 -16693.6191406 -17808.8769531 -16520.6914062 -16916.3886719
-17251.3046875 -17271.4472656 -18085.0488281 -17619.9531250 -17139.6269531 -18012.9570312 -16985.8320312 -17389.1152344
-14605.3945312 -14403.2021484 -16004.5351562 -15142.2460938 -14251.7773438 -15855.1347656 -14178.1474609 -14595.1083984
-16530.8867188 -16485.7714844 -17555.0957031 -16895.9804688 -16403.5781250 -17486.7402344 -16101.0937500 -16534.6015625
-15254.4873047 -15349.8623047 -16529.1835938 -15766.1582031 -15269.6855469 -16421.6855469 -14907.6376953 -15239.1298828
-15408.9150391 -15243.5712891 -16620.6367188 -15900.7343750 -15037.8193359 -16462.7773438 -14915.2285156 -15415.2031250
-15792.0029297 -15853.1406250 -16725.8046875 -16182.9941406 -15501.2441406 -16368.2148438 -15429.5751953 -15869.5214844
-17162.3066406 -17051.2851562 -17992.8261719 -17453.0175781 -16908.8964844 -17876.2968750 -16781.6757812 -17127.9375000
-15983.1494141 -15964.8017578 -16963.4355469 -16235.6074219 -15744.4082031 -16940.4277344 -15491.9267578 -15944.0175781
-17146.1542969 -16974.2851562 -18100.8125000 -17502.4882812 -16875.5507812 -17959.8105469 -16837.3183594 -17041.2460938
-16575.5898438 -16277.7646484 -17497.6503906 -16828.4687500 -16353.3027344 -17393.9980469 -16096.3056641 -16400.5371094
-16969.7304688 -16743.7558594 -17971.5097656 -17307.8046875 -16923.4414062 -17807.6621094 -16733.2519531 -16979.4277344
-16101.8593750 -16087.8408203 -17247.3378906 -16393.7968750 -15938.6093750 -16961.9003906 -15687.4951172 -16031.2509766
-17464.9023438 -17391.2792969 -18383.0312500 -17759.0078125 -17286.8144531 -18169.6035156 -17097.2343750 -17445.3808594
-16797.7187500 -16534.3457031 -17849.5898438 -17113.5488281 -16458.0605469 -17771.3906250 -16285.2089844 -16670.3808594
-16814.0800781 -16614.5468750 -17809.9375000 -17144.5312500 -16517.1621094 -17577.5546875 -16358.3994141 -16733.1035156
-16580.6757812 -16699.1308594 -17075.0644531 -16649.5937500 -16442.7109375 -16839.5703125 -16422.9257812 -16652.8203125
-16827.0019531 -16972.6152344 -17859.5898438 -17038.1464844 -17051.3886719 -17635.9492188 -16977.0917969 -16659.4511719
-16108.6464844 -16080.6113281 -17062.4941406 -16428.6191406 -16376.6347656 -16911.4628906 -16088.5722656 -15951.9902344
-15889.2773438 -16138.7822266 -17101.9023438 -16359.7333984 -16359.0625000 -16984.4882812 -16169.1250000 -15801.7050781
-15621.1904297 -15506.5224609 -16633.5332031 -15927.5996094 -15878.4755859 -16452.7460938 -15746.8798828 -15406.6289062
-16143.9609375 -16141.0009766 -17037.5703125 -16502.2343750 -16381.6181641 -16999.6621094 -16097.5820312 -15954.3027344
-15947.4560547 -15948.2763672 -16937.4375000 -16118.5605469 -16455.4179688 -16666.0253906 -16127.7822266 -15752.2597656
-16468.7167969 -16577.5585938 -17570.8964844 -16920.9902344 -16795.0195312 -17503.1152344 -16527.6250000 -16246.4111328
-16126.1699219 -15908.2138672 -17072.5488281 -16314.1474609 -15849.6171875 -16956.7675781 -15722.6845703 -15884.1767578
-16367.3056641 -16573.4492188 -17359.2304688 -16717.4921875 -16945.7792969 -17236.2265625 -16682.7070312 -16228.6826172
-15582.7421875 -15708.3955078 -16507.7558594 -15775.6406250 -15957.0029297 -16505.2011719 -15714.1464844 -15347.3271484
-16037.5878906 -15905.9589844 -16938.7871094 -16236.9150391 -16299.4414062 -16669.1738281 -15946.2460938 -15840.5351562
-16751.6796875 -16633.1015625 -17675.4707031 -17065.8437500 -16933.1386719 -17540.2910156 -16582.6738281 -16581.0371094
-17540.8574219 -17639.5898438 -18304.9960938 -17779.2226562 -17756.6562500 -18242.8359375 -17717.6230469 -17414.4296875
-16659.7089844 -16495.3203125 -17624.4492188 -16989.8964844 -16935.4667969 -17553.0761719 -16665.5996094 -16479.1933594
-18029.2363281 -18069.1718750 -18840.6992188 -18188.3691406 -18280.2480469 -18559.4863281 -18090.5683594 -17855.9453125
-15542.4619141 -15483.5253906 -16713.6054688 -15904.0927734 -15691.0576172 -16544.3984375 -15558.4238281 -15363.1718750
-16440.0078125 -16601.5390625 -17192.7226562 -16541.9296875 -16850.5742188 -16933.4882812 -16426.5468750 -16286.1718750
-16548.3730469 -16558.3730469 -17501.3183594 -16919.8515625 -16918.0488281 -17491.5156250 -16743.6835938 -16565.1972656
-17481.5703125 -17758.3652344 -18270.9531250 -17698.7324219 -17877.5214844 -17982.5507812 -17617.1523438 -17384.1777344
-16328.2167969 -16396.8828125 -17289.6152344 -16676.4707031 -16583.6347656 -17153.5214844 -16306.1494141 -16246.1582031
-16002.0966797 -15774.2675781 -17171.2343750 -16350.6738281 -16288.4121094 -16985.0859375 -15958.4433594 -15827.0419922
-15891.0673828 -15314.7187500 -16978.4863281 -16298.4677734 -15967.9248047 -16913.6406250 -15725.0556641 -15756.9384766
-15566.0839844 -15149.5625000 -16796.7949219 -16094.8496094 -15751.1708984 -16803.3906250 -15393.3906250 -15510.2236328
-17237.7617188 -17027.5800781 -18200.0742188 -17538.8925781 -17593.0507812 -18103.1523438 -17290.8964844 -17350.9296875
-16892.5175781 -16722.0664062 -17881.7421875 -17264.6464844 -16808.5332031 -17761.1738281 -16585.6015625 -16981.2851562
-15838.0781250 -15511.0898438 -16868.0898438 -16247.2578125 -15778.5839844 -16784.6074219 -15610.1142578 -15624.9892578
-16750.6816406 -16516.6015625 -17772.9042969 -17004.4531250 -16380.3632812 -17484.3886719 -16361.2636719 -16712.7343750
-16474.3027344 -16168.2890625 -17295.2343750 -16700.1523438 -16607.4863281 -17121.3281250 -16321.3027344 -16458.4277344
-18354.8300781 -18344.3750000 -19057.7558594 -18613.9023438 -18097.7832031 -19085.4804688 -18058.9101562 -18425.2480469
-16587.3984375 -16345.4375000 -17695.5000000 -16981.1972656 -16675.9707031 -17606.9238281 -16463.4394531 -16542.7324219
-17677.3164062 -17241.9238281 -18573.8750000 -17899.9746094 -17924.3710938 -18456.4921875 -17539.6914062 -17634.0664062
-17651.4140625 -17330.3984375 -18375.6308594 -17805.2695312 -17635.0019531 -18279.0683594 -17400.3789062 -17416.7910156
-18181.9199219 -17862.4238281 -19038.9726562 -18428.9980469 -18171.8886719 -18854.1699219 -17972.4042969 -18094.6699219
-18933.2343750 -19298.4023438 -18454.7031250 -18533.3144531 -19355.1074219 -18036.7851562 -19235.7207031 -18930.4453125
-18377.4101562 -18308.2304688 -19034.9335938 -18592.8105469 -18233.2343750 -18938.8066406 -18042.9375000 -18232.2656250
-18889.7871094 -19383.3789062 -18744.5625000 -18552.6445312 -19401.2910156 -18295.8925781 -19231.9589844 -19012.9160156
-18332.7324219 -18144.1269531 -19164.5957031 -18604.0742188 -18568.5722656 -19054.6230469 -18390.4667969 -18335.8593750
-18547.4960938 -18438.9355469 -19183.3847656 -18796.8144531 -18928.8710938 -19148.7148438 -18702.3554688 -18582.7812500
-18137.7070312 -18502.3691406 -18214.1835938 -17955.1523438 -18837.5351562 -17896.4179688 -18547.4472656 -18395.3789062
-17986.3828125 -17736.3964844 -18894.6328125 -18279.0957031 -18170.4785156 -18674.9882812 -17923.1054688 -17965.2871094
-17762.6250000 -17788.5156250 -18716.4335938 -18132.0371094 -17713.6601562 -18569.5000000 -17523.1679688 -17744.3105469
-17701.6777344 -18042.3144531 -18353.9199219 -17843.7011719 -18183.8730469 -18231.9257812 -17999.3398438 -17882.0097656
-17640.0761719 -17579.7636719 -18484.0625000 -17931.9257812 -17466.8164062 -18504.1250000 -17376.6503906 -17646.9707031
-18833.7636719 -18628.3085938 -19604.7011719 -19160.0742188 -18973.8750000 -19501.0644531 -18808.8808594 -18786.8339844
-18154.9179688 -18633.4433594 -18423.9277344 -18078.7871094 -18560.3574219 -18170.0429688 -18308.1113281 -18322.3281250
-16773.4804688 -17006.7207031 -17299.6718750 -16771.4101562 -17218.4531250 -17067.1718750 -17054.2968750 -16941.9550781
-18803.5703125 -19159.3515625 -18348.2011719 -18373.7539062 -19386.6132812 -18059.1191406 -19143.6015625 -18890.3496094
-18276.6621094 -18053.8632812 -18992.1757812 -18500.9453125 -18340.7207031 -18728.6796875 -18191.8535156 -18149.8164062
-18027.3261719 -17798.1289062 -18849.4609375 -18099.6210938 -18158.4238281 -18646.9511719 -17991.6093750 -18013.4960938
-17845.9882812 -17766.0429688 -18633.2226562 -18157.3574219 -17738.3769531 -18517.3945312 -17462.0175781 -17769.8964844
-16838.3730469 -16365.6503906 -17870.8691406 -17116.6875000 -17012.9199219 -17624.7207031 -16819.1464844 -16790.1718750
-18234.8281250 -18149.1484375 -19214.3496094 -18413.5996094 -18255.7792969 -18938.0937500 -18050.1406250 -18135.1972656
-18386.2968750 -18823.0195312 -18065.3984375 -17962.4550781 -19027.3789062 -17662.0488281 -18802.3320312 -18545.9902344
-17705.0078125 -18257.5898438 -17425.8242188 -17352.7421875 -18427.1289062 -17002.5683594 -18218.5800781 -18112.5253906
-17494.1015625 -17171.8203125 -18278.3300781 -17822.3730469 -17687.6699219 -18220.9238281 -17431.6933594 -17514.9960938
-17559.9003906 -17295.5703125 -18429.8847656 -17866.8730469 -17598.0898438 -18307.8554688 -17320.7148438 -17526.5039062
-17066.1562500 -16777.2226562 -17968.5585938 -17325.7207031 -17254.4511719 -17769.8984375 -17107.4335938 -16938.4648438
-18437.7050781 -18830.9863281 -18167.4960938 -18227.5937500 -18829.1523438 -17973.9414062 -18821.3339844 -18661.0664062
