-17436.9960938 -17754.9628906 -18417.2988281 -17735.1132812 -17798.0605469 -18215.8398438 -17638.4921875 -17267.6191406
-17719.2929688 -17801.8828125 -18583.8437500 -17979.9160156 -18052.4394531 -18320.6601562 -17890.4023438 -17705.7675781
-16616.6386719 -17021.9765625 -17624.3183594 -17027.6738281 -17284.9550781 -17405.0449219 -17055.9179688 -16710.6308594
-17306.0664062 -17731.1367188 -18178.5664062 -17630.1250000 -17841.4707031 -17969.2871094 -17606.5996094 -17337.7167969
-16226.8408203 -16874.2539062 -17158.4062500 -16583.5175781 -17000.8945312 -16968.8417969 -16752.0625000 -16502.1855469
-16416.7695312 -16914.6542969 -17506.0566406 -16850.2441406 -17174.2597656 -17145.1738281 -16842.1171875 -16552.9648438
-16482.0390625 -17092.6503906 -17469.5781250 -16850.5019531 -17204.4687500 -17278.8710938 -16952.4335938 -16619.8789062
-16095.1142578 -16584.3886719 -17228.7773438 -16443.1640625 -16601.8164062 -16778.8144531 -16358.6210938 -16151.2861328
-16420.1562500 -16838.8437500 -17621.8300781 -16920.5058594 -17043.3457031 -17281.1484375 -16873.8593750 -16512.1035156
-16201.8183594 -16804.4960938 -17303.7597656 -16560.8378906 -16940.6816406 -17067.9023438 -16719.3242188 -16399.6347656
-16005.5214844 -16482.9843750 -17200.3046875 -16339.1191406 -16689.5781250 -16850.8105469 -16442.9296875 -16099.5058594
-16377.3398438 -16893.6523438 -17374.1328125 -16728.8398438 -16907.7734375 -17107.6093750 -16770.1816406 -16415.6210938
-17821.3203125 -18202.1914062 -18757.1308594 -18111.6464844 -18332.7597656 -18449.9179688 -18110.3886719 -17763.8046875
-16502.4804688 -16767.8164062 -17501.8710938 -16795.3085938 -17116.3750000 -17165.6718750 -16765.9824219 -16493.1582031
-16355.4335938 -16852.5039062 -17438.1093750 -16669.7753906 -16955.5625000 -17162.7246094 -16691.6269531 -16476.1542969
-16526.2890625 -16960.6757812 -17345.2500000 -16881.0878906 -17190.5175781 -17187.1875000 -16937.0371094 -16616.0351562
-16506.2695312 -17045.6367188 -17556.6210938 -16891.2304688 -17251.3398438 -17366.1210938 -16959.2617188 -16567.1914062
-16312.1884766 -16852.4824219 -17326.0683594 -16615.8847656 -16943.6347656 -17032.5117188 -16677.4941406 -16318.1728516
-16751.1269531 -17150.1367188 -17731.1367188 -17002.9199219 -17171.2890625 -17492.8046875 -17024.1542969 -16822.4394531
-16633.1660156 -17190.8261719 -17595.3457031 -16964.8613281 -17310.4707031 -17353.0175781 -17104.5488281 -16789.0527344
-16707.5898438 -17126.7128906 -17785.4375000 -17169.1074219 -17332.7890625 -17414.3847656 -17110.6992188 -16919.3789062
-15581.5029297 -16083.5927734 -16780.0410156 -16028.6093750 -16287.6289062 -16467.7324219 -16174.5537109 -15559.0224609
-15360.4277344 -15890.9150391 -16708.7324219 -15835.4042969 -16197.6005859 -16367.3964844 -15929.2216797 -15600.9003906
-16414.2734375 -16843.9863281 -17352.5000000 -16769.2578125 -17104.3710938 -17109.1250000 -16824.0996094 -16661.7656250
-16562.0468750 -17145.3750000 -17307.8027344 -16889.5566406 -17284.8730469 -17201.9550781 -17038.3007812 -16620.9921875
-16231.7236328 -16780.0000000 -17371.4550781 -16711.8164062 -16930.2480469 -17215.4531250 -16687.1093750 -16365.7958984
-16195.9277344 -16679.1875000 -17557.1074219 -16676.9316406 -16801.4746094 -17109.3417969 -16649.9960938 -16315.4912109
-17054.0039062 -17491.4511719 -18147.6992188 -17333.1523438 -17743.5527344 -17753.3125000 -17489.8593750 -17191.8183594
-17137.4531250 -17499.7812500 -17915.6757812 -17315.7304688 -17667.9179688 -17796.0332031 -17439.4414062 -17088.0664062
-16702.3964844 -17116.4160156 -17755.0664062 -17055.8261719 -17419.0878906 -17368.1640625 -17133.4628906 -16827.0898438
-16885.8984375 -17342.6289062 -17797.5117188 -17190.5468750 -17458.0468750 -17595.0351562 -17246.0175781 -16990.0566406
-16794.9687500 -17162.5722656 -17628.4941406 -17105.1250000 -17321.8320312 -17496.1367188 -17167.1054688 -16958.2089844
-17437.4726562 -17794.2343750 -18373.0878906 -17814.7832031 -17957.7226562 -18115.1406250 -17749.1699219 -17473.2988281
-16493.9003906 -16697.9472656 -17783.0156250 -16906.2285156 -16943.6269531 -17525.3847656 -16693.6562500 -16378.7607422
-17058.7656250 -17780.4667969 -17663.9179688 -17032.2695312 -17882.2363281 -17355.0820312 -17768.7734375 -17379.2558594
-16646.4589844 -16878.8164062 -17470.6953125 -16792.8046875 -17024.1367188 -17144.5390625 -16752.1640625 -16475.3164062
-16588.1152344 -17022.0996094 -17593.4257812 -16958.3046875 -17305.0507812 -17375.3593750 -17085.6113281 -16587.5429688
-16851.2226562 -17350.2734375 -17788.3906250 -17005.7089844 -17555.2558594 -17483.3730469 -17274.7949219 -16997.6816406
-16127.3740234 -16544.7324219 -17202.7246094 -16357.2597656 -16857.1855469 -16837.2890625 -16580.3378906 -16202.0966797
-16634.9121094 -16893.7285156 -17707.6386719 -16940.1992188 -17051.0097656 -17437.5566406 -16850.6367188 -16596.6816406
-17687.6679688 -17997.0039062 -18423.9394531 -17954.5234375 -18175.8339844 -18275.2675781 -17960.7890625 -17696.8554688
-17536.5117188 -17714.3066406 -18332.6699219 -17654.2890625 -17985.3789062 -18072.1464844 -17717.5351562 -17510.0644531
-18175.8984375 -18245.6113281 -19021.7578125 -18413.1210938 -18533.6289062 -18736.2167969 -18239.5039062 -18052.8027344
-17028.3730469 -17418.5429688 -18019.0097656 -17303.4296875 -17565.4863281 -17856.3593750 -17419.0371094 -17080.6816406
-16674.7050781 -17149.6660156 -17787.9531250 -17156.0996094 -17314.7636719 -17335.0429688 -17008.2792969 -16767.5488281
-17490.9609375 -17792.4980469 -18345.8164062 -17638.5253906 -18077.8593750 -18137.1386719 -17814.8476562 -17527.5585938
-17243.5781250 -17858.5078125 -17730.8046875 -17274.4628906 -17930.2031250 -17388.0175781 -17734.0429688 -17267.0507812
-17051.8593750 -17650.6679688 -17968.2324219 -17428.7089844 -17649.7246094 -17768.6757812 -17431.6542969 -17129.5781250
-16916.4687500 -17350.3984375 -17965.8320312 -17297.4902344 -17444.5917969 -17660.0937500 -17228.0371094 -16963.5937500
-16631.7441406 -17063.8046875 -17486.4433594 -17021.3085938 -17147.9003906 -17439.4804688 -17053.4707031 -16629.4570312
-17229.1875000 -17305.1621094 -18332.1914062 -17609.0820312 -17618.5000000 -18020.9609375 -17274.2480469 -17095.7480469
-17033.4863281 -17538.2949219 -17880.3769531 -17375.6796875 -17672.5976562 -17678.1718750 -17544.8632812 -17169.6855469
-17263.7382812 -17620.9980469 -18065.4394531 -17520.3183594 -17852.0078125 -17839.9316406 -17590.6503906 -17477.6074219
-18094.1035156 -18660.0683594 -18544.6914062 -18045.6230469 -18786.9550781 -18293.6855469 -18675.2832031 -18314.2890625
-17358.6406250 -17632.4042969 -18017.9277344 -17534.1914062 -17731.9414062 -17827.3476562 -17636.1445312 -17326.1347656
-17108.9960938 -17307.5957031 -17898.0253906 -17305.8925781 -17504.5410156 -17543.8046875 -17266.5156250 -16995.3417969
-17826.7421875 -18035.4628906 -18706.0195312 -18113.9453125 -18249.7968750 -18338.5156250 -18088.4902344 -17853.8144531
-16827.6816406 -17111.7519531 -17856.9238281 -17128.1816406 -17303.7441406 -17593.1992188 -17094.7070312 -16772.5058594
-16818.1035156 -17291.0488281 -17692.8769531 -17073.4394531 -17441.2343750 -17480.4296875 -17286.4492188 -16894.2656250
-16308.9833984 -16770.1152344 -17483.2460938 -16823.7109375 -16822.6464844 -17200.2031250 -16700.0371094 -16414.2402344
-16524.8671875 -16983.1464844 -17707.5136719 -16926.0605469 -17275.1835938 -17326.6367188 -17027.6269531 -16579.0664062
-16653.5039062 -16872.6230469 -17571.9511719 -16967.8964844 -17058.4863281 -17503.8281250 -16925.7988281 -16672.8222656
-17004.8476562 -17385.2695312 -17760.3281250 -17307.4550781 -17554.2363281 -17635.9414062 -17324.9042969 -17068.3750000
-17046.6464844 -17513.3144531 -17984.1269531 -17362.0214844 -17696.9511719 -17720.6894531 -17470.2832031 -17219.1445312
-16975.7441406 -17433.8476562 -17821.8183594 -17255.8593750 -17551.1445312 -17615.9179688 -17318.7695312 -17142.0644531
-17110.0644531 -17674.1503906 -17567.6679688 -16925.0468750 -17724.6386719 -17349.6582031 -17562.0156250 -17380.4472656
-16893.7539062 -17424.0781250 -17351.0839844 -16557.2441406 -17429.8515625 -16984.3906250 -17289.9531250 -17137.4628906
-17083.1308594 -17378.5429688 -17214.7050781 -16717.2167969 -17666.5664062 -16980.3964844 -17521.1933594 -17212.7363281
-17183.5488281 -17855.9882812 -17433.5039062 -16832.9042969 -17977.1816406 -17137.1289062 -17720.1406250 -17492.1113281
-17116.5605469 -17741.5351562 -17312.1074219 -16697.9511719 -17741.5566406 -17040.5683594 -17620.1601562 -17380.3828125
-17196.7226562 -17694.2304688 -17098.9082031 -16539.4062500 -17929.0703125 -16811.6308594 -17709.0898438 -17331.0488281
-16873.2929688 -17436.8984375 -17056.4648438 -16423.0468750 -17638.1914062 -16684.9628906 -17348.6855469 -17081.1542969
-15568.9365234 -15862.2158203 -16141.9511719 -15467.3515625 -16167.1435547 -15766.5683594 -15891.5566406 -15605.2626953
-17137.5449219 -17576.7324219 -17397.6074219 -16808.1933594 -17742.4492188 -17214.7324219 -17556.7539062 -17389.9296875
-16982.0585938 -17314.0449219 -17210.5097656 -16317.3388672 -17477.1191406 -17120.4746094 -17182.9121094 -17024.2636719
-16988.9042969 -17324.1777344 -17149.9433594 -16721.4550781 -17681.8613281 -16941.9003906 -17402.5957031 -17150.7656250
-18183.2949219 -18607.4511719 -17277.8046875 -17627.6464844 -18667.0937500 -17641.7597656 -18553.1445312 -18413.4843750
-17605.0136719 -18176.0195312 -17252.9355469 -17082.1113281 -18304.7773438 -16978.2480469 -18098.9843750 -17884.5605469
-18618.2695312 -19169.7343750 -18163.9394531 -18389.6933594 -19273.2128906 -18072.1914062 -19144.5781250 -18881.6601562
-19206.4667969 -19702.2226562 -18724.0000000 -18930.2148438 -19808.3359375 -18758.5058594 -19586.1445312 -19373.7089844
-16950.7539062 -16900.6503906 -17864.9785156 -17279.3046875 -16727.6074219 -17725.7832031 -16576.0820312 -17039.5761719
-17227.6660156 -16628.7636719 -18223.7578125 -17587.5332031 -17341.6542969 -18106.8964844 -17157.5996094 -16979.1875000
-18051.9179688 -17902.9707031 -18780.8789062 -18256.4023438 -17651.5234375 -18621.3281250 -17647.7617188 -17955.4765625
-17704.0957031 -17192.9765625 -18612.2636719 -17942.4414062 -17727.2832031 -18434.3515625 -17588.4472656 -17512.7031250
-16371.7890625 -15995.2744141 -17444.3457031 -16670.3476562 -16510.4824219 -17197.7441406 -16369.0742188 -16225.4501953
-16511.1914062 -15970.6347656 -17683.2812500 -16769.6171875 -16585.7519531 -17341.6660156 -16299.6835938 -16344.8085938
-17092.0507812 -16586.2656250 -18136.9121094 -17384.2226562 -17183.4492188 -17874.8281250 -17031.9121094 -16916.4570312
-17399.1093750 -17298.2812500 -18375.2675781 -17625.9648438 -17370.0175781 -18200.4843750 -17259.8085938 -17418.0800781
-16603.7792969 -16468.3164062 -17657.0859375 -16963.7812500 -16926.6054688 -17489.6132812 -16586.5664062 -16519.8437500
-17030.9765625 -16486.5781250 -17967.0781250 -17329.6074219 -17039.5859375 -17775.3535156 -16901.1855469 -16815.1015625
-16777.7070312 -16354.5507812 -17807.5390625 -17074.4160156 -16721.8066406 -17633.5273438 -16651.2988281 -16700.5351562
-16845.6835938 -16188.1445312 -17871.2597656 -17134.8027344 -16913.0136719 -17635.3125000 -16689.2734375 -16703.3535156
-16295.7597656 -15897.4638672 -17549.6679688 -16647.7890625 -16534.5566406 -17300.8945312 -16144.7929688 -16064.9550781
-16482.1210938 -15970.4707031 -17512.4511719 -16733.9687500 -16525.0019531 -17355.5742188 -16263.2548828 -16262.9541016
-16184.6416016 -15876.5410156 -17280.3964844 -16570.6855469 -15719.8779297 -17095.9746094 -15655.8867188 -15996.1826172
-16538.4082031 -16370.2490234 -17577.9492188 -16944.9804688 -16331.5859375 -17351.3417969 -16174.9140625 -16441.7851562
-17487.5468750 -17066.3320312 -18397.7519531 -17739.6953125 -17563.5742188 -18216.4472656 -17344.0898438 -17460.3769531
-16437.5019531 -15820.2724609 -17564.5039062 -16758.4082031 -16615.4160156 -17273.0820312 -16324.9091797 -16224.9384766
-17809.8300781 -17780.9453125 -18742.6621094 -18053.7675781 -17501.3339844 -18508.8105469 -17339.2265625 -17680.5214844
-16719.1679688 -16219.2119141 -17752.7792969 -17136.3925781 -16879.7792969 -17561.1835938 -16592.4492188 -16502.2792969
-16871.6621094 -16793.9511719 -18068.3808594 -17251.9843750 -16749.9101562 -17823.9667969 -16565.3886719 -16779.3066406
-15475.0859375 -14842.6591797 -16979.5000000 -15923.4628906 -15502.3378906 -16594.8769531 -15247.1064453 -15315.4384766
-15386.7656250 -14960.7304688 -16664.9355469 -15679.4775391 -15586.7578125 -16432.7812500 -15395.2666016 -15198.7226562
-16005.7519531 -15876.5078125 -17171.7539062 -16204.2402344 -15713.0849609 -16912.8574219 -15536.3505859 -15931.8115234
-17032.7421875 -16929.3085938 -18086.0000000 -17480.8535156 -16823.1152344 -17889.9316406 -16716.0292969 -17077.7050781
-16675.5039062 -15998.2119141 -17813.8398438 -17130.7500000 -16715.5976562 -17546.9218750 -16460.0117188 -16380.3554688
-16832.4414062 -16447.1816406 -17849.6601562 -17161.2128906 -17061.5175781 -17657.2851562 -16798.8867188 -16800.8261719
-17207.2285156 -16713.4628906 -18054.9199219 -17570.3925781 -17276.4941406 -18009.8281250 -17092.5722656 -17073.1933594
-16522.9003906 -15994.4189453 -17744.8906250 -16768.9101562 -16550.0117188 -17374.7265625 -16318.8164062 -16285.6279297
-16416.0410156 -16211.5244141 -17566.0644531 -16801.7675781 -16163.3505859 -17334.7675781 -15897.8515625 -16448.3222656
-16126.5400391 -15589.2626953 -17275.9082031 -16518.2929688 -16209.4306641 -17168.3457031 -16027.8896484 -16037.8222656
-16306.4326172 -15691.6708984 -17482.0468750 -16604.5703125 -16288.8720703 -17127.1875000 -16091.4794922 -16155.9736328
-15881.3232422 -15402.7910156 -17288.7011719 -16344.2890625 -15958.4248047 -16909.5878906 -15709.4355469 -15757.1884766
-17163.8828125 -16932.9042969 -18061.1816406 -17323.1132812 -17140.1503906 -17841.1718750 -16908.7226562 -17033.1972656
-16731.5195312 -16508.3378906 -17565.8476562 -17052.0000000 -16521.3652344 -17409.1582031 -16445.4023438 -16734.3769531
-15732.3105469 -15289.3203125 -16933.6835938 -16097.4218750 -15952.8720703 -16812.5000000 -15611.0917969 -15506.9130859
-16240.3349609 -15707.0566406 -17256.0644531 -16591.3222656 -16544.9472656 -17055.3281250 -16205.9316406 -16074.9248047
-16118.6337891 -15951.0107422 -17277.8339844 -16447.9746094 -15740.2138672 -17107.7500000 -15662.7412109 -16005.7285156
-15915.2919922 -15684.3867188 -17018.8964844 -16174.7978516 -15609.5566406 -16770.4843750 -15381.5214844 -15781.5664062
-15578.1435547 -15441.0136719 -16739.8183594 -16028.5605469 -15201.6572266 -16657.7167969 -15102.3974609 -15491.2626953
-17621.1152344 -17153.6796875 -18618.0351562 -17995.8593750 -17795.3144531 -18332.5175781 -17560.8691406 -17477.2207031
-15318.6835938 -14541.5068359 -16746.9277344 -15700.9550781 -15420.4921875 -16418.3945312 -15125.3564453 -15039.2275391
-17979.3554688 -17619.8671875 -18879.3476562 -18123.9550781 -18042.5585938 -18683.2558594 -17867.4179688 -17776.6015625
-17977.5859375 -17682.8378906 -18766.8222656 -18168.4667969 -17744.5253906 -18616.7480469 -17637.2675781 -17809.2968750
-17481.9394531 -17351.6289062 -18377.4003906 -17805.0390625 -17360.6347656 -18089.5468750 -17075.6425781 -17438.4062500
-17807.9902344 -17460.4960938 -18672.3613281 -18091.0253906 -18056.6015625 -18469.8554688 -17742.1367188 -17696.2656250
-16058.7431641 -15531.2714844 -17414.7246094 -16414.4843750 -16123.8291016 -17037.0683594 -15870.8212891 -15961.7656250
-16934.6875000 -16352.4277344 -17917.5683594 -17075.3105469 -17089.1601562 -17768.8730469 -16783.9472656 -16648.2949219
-17120.3574219 -16934.3515625 -18112.3144531 -17364.3320312 -16937.6621094 -17789.3085938 -16684.8476562 -17021.4921875
-16849.8554688 -16716.4492188 -17986.8242188 -17101.8183594 -16622.8750000 -17679.3632812 -16476.7519531 -16768.1796875
-18818.5976562 -18350.4843750 -19528.4921875 -18941.9921875 -18865.2949219 -19334.3359375 -18752.1835938 -18670.9101562
-17471.0664062 -16958.5996094 -18290.8984375 -17608.7050781 -17405.2851562 -17980.0996094 -17282.7128906 -17255.4296875
-17174.5527344 -16947.8359375 -18319.5039062 -17399.3554688 -16981.0000000 -17875.6093750 -16873.7851562 -17125.6855469
-16227.4990234 -15595.5136719 -17333.8144531 -16609.9023438 -16404.5761719 -17108.6464844 -16188.9238281 -16044.9882812
-16350.3388672 -15784.6142578 -17658.2675781 -16701.2656250 -16483.7695312 -17223.6464844 -16278.2382812 -16110.4570312
-18580.3046875 -18165.1054688 -19321.7734375 -18803.5390625 -18587.0371094 -19214.1425781 -18464.3300781 -18462.6523438
-16905.3535156 -16331.6816406 -17892.6230469 -17135.5371094 -17042.8007812 -17706.4882812 -16761.0566406 -16688.4707031
-16809.0410156 -16619.7070312 -17755.0332031 -17108.5839844 -16441.2832031 -17480.5136719 -16353.3789062 -16676.4101562
-16101.8222656 -16051.7724609 -17334.4121094 -16535.7675781 -15925.5292969 -17166.5371094 -15774.7558594 -16064.9091797
-17266.4023438 -17129.3144531 -18463.4726562 -17696.3359375 -17050.1738281 -18255.8632812 -16922.6660156 -17223.3378906
-16879.9687500 -16760.1796875 -18021.3691406 -17195.7148438 -16634.5253906 -17777.2519531 -16374.4433594 -16915.0957031
-16735.9296875 -16449.5390625 -17861.3593750 -17051.3242188 -16602.2246094 -17656.1914062 -16480.2089844 -16621.9101562
-16923.8085938 -16365.4648438 -17963.7109375 -17334.7910156 -16995.4062500 -17743.4082031 -16827.1269531 -16763.8457031
-17851.4472656 -17693.9296875 -18649.6289062 -18102.0839844 -17747.5312500 -18506.3183594 -17520.3144531 -17715.3710938
-16710.2363281 -16244.1250000 -17865.7421875 -17010.6113281 -16762.6523438 -17521.4960938 -16510.5644531 -16610.5195312
-16923.0585938 -16478.5390625 -17870.2871094 -17251.1093750 -17145.4160156 -17798.9140625 -16891.4628906 -16691.0683594
-15646.9853516 -14931.5634766 -16851.0546875 -15979.2919922 -15814.7968750 -16646.8906250 -15613.7685547 -15424.8886719
-17610.3632812 -17434.7382812 -18480.3574219 -17806.2304688 -17265.2421875 -18170.1054688 -17122.2128906 -17421.4433594
-17693.4570312 -17105.2089844 -18706.3750000 -18002.7792969 -17736.8652344 -18436.5722656 -17540.7011719 -17647.8339844
-16463.6855469 -16363.7548828 -17506.3222656 -16800.9316406 -16250.5175781 -17245.3183594 -16115.6035156 -16401.2890625
-17074.6894531 -16450.1523438 -17964.8496094 -17325.1972656 -17000.8457031 -17784.9648438 -16867.8007812 -16859.2421875
-17275.1132812 -16630.8320312 -18063.6406250 -17522.8554688 -17295.2207031 -18010.8828125 -17184.5253906 -16982.9726562
-16964.4960938 -16884.7382812 -18050.8671875 -17210.1386719 -16809.2695312 -17698.1132812 -16669.8730469 -16866.9726562
-16438.0546875 -16857.1679688 -17182.7441406 -16486.8847656 -17075.7851562 -16678.9531250 -16763.5000000 -16629.8808594
-18197.2890625 -18553.9511719 -18446.0136719 -17928.2988281 -18734.7656250 -18256.2441406 -18599.0957031 -18399.0097656
-17689.1074219 -18360.7226562 -17499.5585938 -17316.6972656 -18467.3027344 -16933.5800781 -18174.0781250 -17955.6875000
-17649.8886719 -18024.0722656 -17841.8281250 -17346.7500000 -18037.7988281 -17712.8027344 -18016.6250000 -17751.6328125
-16560.8222656 -16970.5000000 -17139.6738281 -16341.4355469 -17143.7851562 -16788.1796875 -16973.1054688 -16669.6171875
-17771.6796875 -18216.8496094 -18074.2753906 -17486.1152344 -18432.8710938 -17891.6445312 -18137.2871094 -17857.9433594
-17542.6503906 -17829.0800781 -17673.4042969 -17119.5996094 -18187.3437500 -17509.2949219 -17920.5449219 -17635.8828125
-17080.0527344 -17551.6367188 -17349.9101562 -16876.3183594 -17621.9023438 -17184.7167969 -17425.7714844 -17248.7714844
-17699.4648438 -18158.4121094 -18102.8691406 -17612.8847656 -18395.8964844 -17972.0683594 -18169.7753906 -17993.7285156
-17904.6171875 -18547.1875000 -17441.7890625 -17446.5292969 -18708.6816406 -16950.2773438 -18422.3964844 -18171.0312500
-16767.3847656 -17365.0351562 -17199.9648438 -16428.7304688 -17539.6230469 -16951.4042969 -17281.7480469 -16971.9531250
-16686.9296875 -16521.6621094 -17830.0058594 -16962.9687500 -16390.4882812 -17617.2089844 -16230.6923828 -16634.9296875
-17520.9316406 -17400.5722656 -18226.0078125 -17673.1113281 -17285.1093750 -18061.4121094 -17079.3886719 -17371.2109375
-17785.6835938 -17588.3925781 -18825.2050781 -18083.2089844 -17389.2519531 -18641.2148438 -17303.6640625 -17694.5273438
-17592.9980469 -17438.1562500 -18551.7148438 -17932.8281250 -17329.9433594 -18295.6855469 -17233.1503906 -17502.0136719
-16932.2714844 -16923.2675781 -17980.7460938 -17196.8476562 -16662.0820312 -17759.4511719 -16435.9335938 -16807.2558594
-16708.2285156 -16551.1777344 -17844.8457031 -17011.9707031 -16257.4091797 -17615.3593750 -16201.0625000 -16603.6953125
-17040.5429688 -16919.5585938 -17989.2187500 -17282.5449219 -16792.8535156 -17704.4824219 -16659.4199219 -16776.9179688
-16836.5097656 -16571.9394531 -17848.1679688 -17141.5078125 -16241.5576172 -17695.5996094 -16243.2636719 -16748.7226562
-16831.1542969 -16668.8281250 -17837.1718750 -17049.5820312 -16479.7070312 -17609.4160156 -16267.6699219 -16707.3007812
-16464.4433594 -16264.4951172 -17411.5839844 -16679.0527344 -16148.6191406 -17329.4765625 -16053.3876953 -16420.8105469
-17803.5351562 -18323.3183594 -17788.7460938 -17571.1894531 -18509.3671875 -17090.9316406 -18285.7441406 -18012.9785156
-16573.0058594 -16439.0546875 -17822.0898438 -17013.7285156 -16543.8574219 -17445.4609375 -16260.4140625 -16505.0566406
-16452.8535156 -16324.4873047 -17596.8964844 -16773.4375000 -16217.1357422 -17299.7070312 -16147.9414062 -16359.0126953
-18315.9765625 -18871.6074219 -17810.5761719 -17932.9042969 -18963.2949219 -17641.0742188 -18774.9101562 -18499.1035156
-19293.1660156 -19752.6621094 -18833.7187500 -18858.7363281 -19743.2226562 -18779.0078125 -19626.9121094 -19477.9375000
-18073.3476562 -18610.8398438 -17658.6601562 -17724.9062500 -18647.9589844 -17532.0878906 -18449.8847656 -18255.5507812
-17986.0292969 -18589.7753906 -17563.0761719 -17421.4511719 -18790.4863281 -17321.9101562 -18494.6582031 -18112.1562500
-19310.3437500 -19660.1523438 -18882.2265625 -18979.8046875 -19802.9511719 -18835.4277344 -19570.5117188 -19425.9453125
-18799.8261719 -19428.9511719 -18982.3007812 -18660.7070312 -19464.0488281 -18754.5625000 -19331.1894531 -18968.4609375
-19838.1386719 -20139.5664062 -19519.5644531 -19477.5156250 -20176.1015625 -19418.3515625 -20056.1230469 -19954.7675781
-18460.6523438 -18885.7734375 -18031.8027344 -18011.1152344 -19076.9804688 -17895.5332031 -18885.3261719 -18685.4492188
-18860.1679688 -19258.9433594 -18501.0253906 -18463.8339844 -19406.6503906 -18455.8164062 -19239.6640625 -18993.3085938
-18427.8125000 -18709.6132812 -17987.5117188 -17933.1640625 -18896.5781250 -17914.9140625 -18826.1015625 -18527.9082031
-18498.6875000 -19073.9804688 -18058.5800781 -18188.6484375 -19130.9824219 -17907.9218750 -18975.8769531 -18666.5351562
-18807.4667969 -19305.4589844 -18481.2636719 -18501.2265625 -19398.1679688 -18184.0253906 -19236.5351562 -19056.7148438
-18992.1035156 -19459.0234375 -18680.0664062 -18682.0937500 -19429.5292969 -18520.6406250 -19354.0664062 -19122.2910156
-18853.7871094 -19334.8007812 -18573.0019531 -18493.4902344 -19392.6601562 -18419.9394531 -19248.8007812 -19116.2988281
-19546.4101562 -19888.6855469 -19159.6054688 -19207.3515625 -20036.9238281 -19088.3828125 -19882.8886719 -19673.3984375
-18299.5410156 -18909.3769531 -17718.1406250 -17963.9472656 -18957.1230469 -17579.6542969 -18870.4003906 -18441.0507812
-18511.2695312 -19120.7324219 -18013.9453125 -18089.4921875 -19223.9980469 -18076.4472656 -19013.4023438 -18662.7128906
-19132.1660156 -19589.0585938 -18865.1796875 -18803.7187500 -19657.8867188 -18786.6250000 -19505.5800781 -19290.0273438
-19159.7949219 -19632.2910156 -18817.8925781 -18936.0175781 -19658.6894531 -18810.4121094 -19528.4277344 -19315.1289062
-16336.6992188 -16234.3271484 -17365.5878906 -16705.9238281 -15987.4042969 -17084.9453125 -15904.6191406 -16184.1113281
-16660.1679688 -16666.0097656 -17650.9785156 -17002.1152344 -16402.8066406 -17436.7519531 -16202.6162109 -16602.1191406
-18867.2832031 -18982.5234375 -19262.1738281 -18833.6542969 -18964.4316406 -18921.9648438 -18778.5175781 -18896.5371094
-18763.5449219 -18699.4316406 -19637.8769531 -19000.8203125 -18451.7167969 -19392.9394531 -18428.9140625 -18708.8554688
-18363.0585938 -18371.3945312 -19290.6230469 -18595.5937500 -18187.7558594 -19047.1796875 -18119.4902344 -18305.3203125
-17179.2324219 -17118.4101562 -18126.1777344 -17497.7773438 -17008.1738281 -17994.5078125 -16779.9511719 -17195.8085938
-17455.4218750 -17361.0507812 -18391.5722656 -17815.5898438 -17273.5429688 -18253.5996094 -17048.4140625 -17312.2460938
-14989.3847656 -14675.3623047 -16375.8427734 -15539.3378906 -14746.4228516 -16056.5849609 -14509.5498047 -14888.5253906
-16676.7441406 -16518.9785156 -17809.1113281 -17005.4804688 -16282.5224609 -17508.3183594 -16013.5976562 -16634.1640625
-15537.5839844 -15367.4902344 -16864.4785156 -15936.7587891 -15373.4345703 -16424.6875000 -14964.9755859 -15352.5517578
-15484.1289062 -15255.1718750 -16726.8476562 -15940.1152344 -15256.9023438 -16441.2128906 -15101.1562500 -15362.5566406
-15946.3447266 -15818.4804688 -17005.9550781 -16228.6894531 -15702.4951172 -16680.5742188 -15474.2812500 -15955.2236328
-17306.6562500 -17331.1152344 -18295.1210938 -17534.1406250 -17121.7265625 -17954.0937500 -17060.1289062 -17164.5566406
-16325.6298828 -16135.2460938 -17487.6640625 -16670.7832031 -15987.9726562 -17263.1738281 -15935.2597656 -16295.0253906
-17839.5781250 -17828.2500000 -18822.8261719 -18134.3046875 -17613.5019531 -18588.9628906 -17474.7421875 -17899.5800781
-16963.7812500 -16980.5859375 -18074.4394531 -17298.3203125 -16845.4335938 -17825.6328125 -16739.0058594 -17005.0019531
-17432.5253906 -17204.4707031 -18362.6289062 -17680.2363281 -17356.0371094 -18159.5117188 -17243.8574219 -17301.0449219
-16507.9316406 -16416.7246094 -17596.3593750 -16926.0117188 -16190.2050781 -17332.2656250 -16070.7236328 -16413.9121094
-17752.6464844 -17425.0273438 -18507.7089844 -17898.2597656 -17429.0566406 -18342.0449219 -17275.6679688 -17610.1855469
-17524.3085938 -17287.8632812 -18391.5156250 -17776.0097656 -17193.2011719 -18199.7675781 -17090.9472656 -17431.9863281
-17305.3945312 -17156.9082031 -18163.9863281 -17442.1308594 -16937.9511719 -17922.7519531 -16777.5839844 -17166.7617188
-17018.5976562 -17279.2460938 -17780.4707031 -17125.6503906 -16853.1425781 -17459.3242188 -16861.3945312 -17089.4824219
-17332.8320312 -17507.6191406 -18217.7695312 -17510.0312500 -17740.8730469 -18025.3144531 -17497.7539062 -17110.0957031
-16677.1425781 -16778.8300781 -17779.3496094 -17019.0410156 -17177.6445312 -17545.0625000 -16958.5781250 -16501.1523438
-16225.8662109 -16299.9375000 -17400.2617188 -16686.4238281 -16621.9863281 -17258.7226562 -16412.6406250 -15965.0087891
-16329.2402344 -15961.3349609 -17451.3242188 -16589.2324219 -16503.0996094 -17143.7031250 -16268.4335938 -16186.7158203
-16649.4550781 -16913.9335938 -17513.7734375 -16787.7636719 -17096.4882812 -17216.1308594 -16900.4472656 -16708.9941406
-16081.2822266 -16075.3320312 -17189.7343750 -16334.0419922 -16556.5468750 -16933.9882812 -16217.7167969 -15987.3847656
-16700.9785156 -16884.2675781 -17823.8300781 -17078.3437500 -17109.7382812 -17602.2988281 -16868.0351562 -16413.9492188
-16610.7441406 -16377.4941406 -17722.6347656 -16935.9882812 -16293.1142578 -17346.9082031 -16086.6855469 -16450.9277344
-16501.9921875 -16405.5527344 -17499.1933594 -16826.6953125 -16900.5703125 -17260.1953125 -16634.7421875 -16307.2431641
-16277.5517578 -16439.6113281 -17383.8359375 -16446.3046875 -16773.4531250 -17083.5410156 -16503.5175781 -16011.5878906
-16129.9189453 -15989.7431641 -17344.9355469 -16457.2812500 -16261.2294922 -16887.0351562 -15980.6191406 -15993.7343750
-17122.1816406 -17022.7011719 -17951.9199219 -17160.9765625 -17387.5078125 -17740.8476562 -17125.8750000 -16887.6816406
-17871.1699219 -18063.2968750 -18610.5644531 -18007.3066406 -18130.7734375 -18222.2500000 -17962.1894531 -17673.0097656
-16725.0957031 -16789.6406250 -17780.8183594 -16924.9414062 -17076.8554688 -17691.9023438 -16791.8457031 -16439.7773438
-18550.5273438 -18620.1503906 -19212.2812500 -18613.0644531 -18854.2890625 -18834.6152344 -18633.5410156 -18506.8808594
-15948.9941406 -15637.2558594 -16995.0468750 -16282.1328125 -16241.7255859 -16763.1875000 -15920.0869141 -15799.1250000
-16395.5234375 -16357.5507812 -17610.3046875 -16697.1328125 -16753.3750000 -17167.5878906 -16461.8867188 -16409.2402344
-17158.0605469 -17160.0371094 -18061.7324219 -17486.3613281 -17451.1875000 -17921.0976562 -17289.9511719 -17067.3730469
-17544.7207031 -17496.4687500 -18689.0351562 -17869.4121094 -17854.5195312 -18399.9746094 -17660.8867188 -17464.4628906
-16929.2578125 -16853.4277344 -17715.4042969 -17086.1621094 -17261.7617188 -17524.5273438 -17078.6914062 -16784.6386719
-16294.5585938 -15795.8808594 -17395.9335938 -16633.1503906 -16349.0781250 -17117.5625000 -16052.5683594 -16115.1416016
-15975.0898438 -15545.1796875 -17249.3808594 -16461.4023438 -16139.2460938 -17206.5917969 -15834.2373047 -15916.9853516
-16056.9531250 -15392.9384766 -17247.3144531 -16368.8056641 -16169.5205078 -16974.2578125 -15864.2646484 -15843.9736328
-17813.9101562 -17340.0781250 -18708.1347656 -18047.1191406 -17923.2617188 -18531.5683594 -17717.9902344 -17652.1894531
-17389.7910156 -17078.2832031 -18339.1953125 -17584.7480469 -17043.9902344 -18136.9355469 -16962.0234375 -17175.8300781
-16273.5537109 -15823.4960938 -17384.1835938 -16522.1425781 -16485.4882812 -17092.0644531 -16144.6044922 -16121.3818359
-16739.7324219 -16736.4882812 -17794.9003906 -17021.5332031 -16535.2714844 -17551.4804688 -16420.7324219 -16659.2734375
-16993.9394531 -16602.9082031 -17776.8261719 -17114.8574219 -17082.4707031 -17578.5468750 -16969.7421875 -16828.7207031
-18794.2988281 -18698.6757812 -19417.1054688 -18996.4687500 -18579.8964844 -19352.5683594 -18478.9843750 -18723.0234375
-16991.1992188 -16578.3242188 -18046.4355469 -17287.8671875 -17122.6503906 -17725.5566406 -16903.7871094 -16968.4492188
-17886.6875000 -17259.5996094 -18712.1191406 -18190.6660156 -18005.8320312 -18650.8593750 -17761.4804688 -17757.6054688
-17890.6894531 -17509.8769531 -18789.0078125 -18240.7460938 -18155.2382812 -18617.1562500 -17814.2480469 -17738.6835938
-18442.2343750 -18153.4335938 -19246.7441406 -18620.4980469 -18670.0429688 -18976.6464844 -18463.3066406 -18358.9765625
-19044.2480469 -19590.4160156 -18896.4160156 -18725.2949219 -19638.3222656 -18472.7753906 -19384.0585938 -19255.2050781
-18901.0449219 -18896.1210938 -19646.4863281 -19102.6777344 -18673.1425781 -19411.5742188 -18596.5683594 -18804.6250000
-19260.9101562 -19684.2265625 -19003.5957031 -18953.2773438 -19750.5644531 -18672.1484375 -19583.3496094 -19448.5429688
-18687.0761719 -18342.2500000 -19387.0039062 -18868.5429688 -18787.5585938 -19258.5292969 -18617.1601562 -18566.6250000
-19364.0605469 -19054.8515625 -20147.6015625 -19494.5273438 -19394.0546875 -19881.4394531 -19230.8750000 -19231.4023438
-18382.4570312 -18768.9980469 -18577.6914062 -18297.7128906 -18867.4179688 -18214.8535156 -18651.3867188 -18525.4179688
-18461.2890625 -18032.0410156 -19320.4550781 -18729.0878906 -18492.1015625 -19013.1152344 -18375.1875000 -18338.1953125
-18159.2402344 -17988.1582031 -19069.6523438 -18391.9257812 -17866.1367188 -18831.8222656 -17812.7031250 -18160.7792969
-18066.4238281 -18405.0859375 -18730.6269531 -18183.5527344 -18477.0156250 -18592.3125000 -18337.7656250 -18135.4765625
-18207.1582031 -18070.0859375 -19104.3554688 -18399.7636719 -17880.8378906 -18801.4062500 -17763.0468750 -18119.4199219
-19144.6992188 -18826.6523438 -19824.3671875 -19329.1972656 -19234.6230469 -19586.5156250 -19010.5527344 -19073.8378906
-18683.3671875 -19140.5136719 -18961.7734375 -18589.3789062 -19215.6972656 -18618.7167969 -19095.0136719 -18904.3085938
-17156.2304688 -17512.2500000 -17716.0878906 -17181.9980469 -17693.8808594 -17426.9785156 -17495.8769531 -17323.2910156
-18822.5390625 -19360.7128906 -18763.0195312 -18588.2539062 -19477.1660156 -18248.7812500 -19375.4785156 -19080.0585938
-18531.2207031 -17983.1132812 -19305.1484375 -18584.9179688 -18566.2187500 -19086.4550781 -18377.3417969 -18321.7968750
-18589.8964844 -18397.3867188 -19448.3398438 -18762.4062500 -18653.0410156 -19219.9335938 -18517.8535156 -18546.3417969
-18097.4941406 -17969.6035156 -18946.5000000 -18356.7304688 -17875.2343750 -18731.4238281 -17763.9960938 -18006.0839844
-17273.8203125 -16740.1250000 -18205.9062500 -17406.4355469 -17300.3515625 -17898.8691406 -16957.5117188 -17086.2109375
-18430.5058594 -18272.0664062 -19319.8085938 -18616.1855469 -18218.5839844 -19023.6406250 -18138.2949219 -18342.8710938
-18719.4746094 -19163.6308594 -18479.0937500 -18412.0507812 -19212.7519531 -18154.2578125 -19078.2441406 -18891.5996094
-17997.3867188 -18558.1679688 -17691.9687500 -17618.7304688 -18673.9570312 -17237.4082031 -18489.2324219 -18363.6347656
-18102.7480469 -17748.1289062 -18941.0957031 -18388.0449219 -18375.9199219 -18825.8378906 -18166.9785156 -18057.0507812
-18155.2636719 -17698.5820312 -19030.1601562 -18429.4023438 -18144.4609375 -18788.0917969 -17924.7246094 -17993.5136719
-17676.5898438 -17198.6953125 -18488.1972656 -17824.8476562 -17820.5976562 -18216.9121094 -17563.4648438 -17493.6328125
-19085.3261719 -19661.5273438 -18621.5371094 -18727.1542969 -19678.7421875 -18373.5429688 -19599.5937500 -19323.0351562
