-17104.6347656 -17375.8945312 -17906.4746094 -17391.2968750 -17705.5371094 -17757.3437500 -17418.8730469 -17064.8945312
-17905.6835938 -18286.1406250 -18602.3554688 -18131.2597656 -18634.0742188 -18484.2949219 -18349.3867188 -17969.6972656
-16499.2402344 -16837.5742188 -17373.8437500 -16877.1152344 -17085.6054688 -17200.3203125 -16702.9609375 -16392.6152344
-17821.6738281 -18183.6855469 -18442.0800781 -18011.5957031 -18480.1289062 -18445.6386719 -18087.9375000 -17742.9140625
-16056.9013672 -16489.2812500 -17200.6718750 -16522.6035156 -16623.7363281 -16929.8906250 -16397.1152344 -15889.0224609
-16258.5693359 -16447.7050781 -17127.9589844 -16459.0507812 -16820.1328125 -16973.3417969 -16546.9257812 -16271.4335938
-16213.9267578 -16722.6152344 -17369.8808594 -16533.0722656 -17070.9453125 -17138.0468750 -16752.1757812 -16242.5908203
-15825.1875000 -16293.2050781 -17021.3515625 -16162.1708984 -16723.9238281 -16790.7949219 -16230.9980469 -15816.6601562
-16260.6767578 -16698.4902344 -17315.4472656 -16542.9648438 -16979.7343750 -17030.6640625 -16604.3457031 -16258.8623047
-16305.7373047 -16930.4921875 -17411.4609375 -16644.3203125 -17068.9121094 -17082.1523438 -16842.3867188 -16585.3710938
-15917.1689453 -16530.6738281 -16962.9023438 -16289.3125000 -16935.8613281 -16734.8007812 -16369.1738281 -16002.5302734
-16094.3339844 -16405.1992188 -17069.2792969 -16241.2714844 -16779.8085938 -16720.5000000 -16369.5976562 -16110.9863281
-17831.4140625 -18203.8535156 -18714.6894531 -18211.1386719 -18300.5625000 -18552.4101562 -18144.1621094 -17867.4355469
-16518.6015625 -17009.7734375 -17548.3496094 -16885.6464844 -17152.9433594 -17343.4589844 -16869.7753906 -16599.9980469
-16309.8955078 -16372.4443359 -17334.9707031 -16554.0585938 -16830.3535156 -17128.6621094 -16513.3867188 -16319.0771484
-16298.0703125 -16563.7382812 -17330.7871094 -16693.0273438 -17001.7382812 -17191.9277344 -16691.4746094 -16450.5429688
-16246.0517578 -16462.1484375 -17261.1855469 -16563.8535156 -16877.7324219 -16845.0781250 -16452.0058594 -16082.1923828
-16007.6494141 -16438.8105469 -17348.9980469 -16425.6132812 -16696.1621094 -16938.9238281 -16373.7744141 -16217.5576172
-16626.7695312 -17021.9453125 -17808.2734375 -16991.4531250 -17228.7695312 -17472.2656250 -17095.9531250 -16654.2480469
-15960.9501953 -16278.6093750 -16821.7089844 -16238.5605469 -16517.6093750 -16681.6816406 -16177.4501953 -15985.8076172
-16483.3730469 -16948.2617188 -17500.0351562 -16851.4609375 -17203.7031250 -17135.3007812 -16891.0644531 -16629.6933594
-15241.8984375 -15596.4033203 -16269.3134766 -15530.9130859 -15884.2070312 -16022.9970703 -15567.0498047 -15234.9257812
-15026.2802734 -15508.3837891 -16263.8164062 -15516.3974609 -15843.8632812 -15912.9443359 -15524.5781250 -14985.4697266
-16662.6250000 -17239.3203125 -17593.9824219 -16805.4726562 -17536.9296875 -17317.0917969 -17171.6953125 -16703.3710938
-16428.8261719 -16891.2207031 -17523.2480469 -16865.1679688 -17216.0097656 -17141.7695312 -16841.1035156 -16350.5937500
-16097.6396484 -16263.8564453 -17189.1972656 -16298.9824219 -16567.0917969 -16818.4179688 -16318.3281250 -16145.6523438
-16447.5664062 -16900.5742188 -17234.5703125 -16711.1523438 -17001.5156250 -17010.2753906 -16702.2675781 -16555.4121094
-16996.5000000 -17368.7460938 -17928.0546875 -17125.6562500 -17662.1113281 -17565.5039062 -17327.3750000 -17066.9628906
-17109.9765625 -17637.0957031 -18047.1367188 -17527.0507812 -17744.8046875 -17839.4179688 -17527.1777344 -17275.5097656
-16830.3437500 -17137.7050781 -17781.3320312 -17111.6503906 -17530.6933594 -17691.2734375 -17152.5761719 -16956.7382812
-16998.2832031 -17351.0312500 -18102.2050781 -17242.4531250 -17572.0449219 -17702.0058594 -17338.6464844 -16977.3164062
-16930.9101562 -17170.2382812 -17770.3847656 -17040.0292969 -17414.9042969 -17418.5195312 -17099.4023438 -16993.8144531
-17453.1132812 -17795.9003906 -18302.3632812 -17789.3691406 -18039.7910156 -18081.0566406 -17711.3710938 -17337.5136719
-16370.8300781 -16691.2031250 -17530.4082031 -16898.3925781 -16999.5878906 -17558.8105469 -16647.0820312 -16285.9658203
-16809.9433594 -17458.9609375 -17411.3457031 -16927.1621094 -17734.0078125 -17061.3437500 -17406.7324219 -17112.9882812
-16560.3320312 -17064.8769531 -17789.7792969 -17058.9980469 -17432.8828125 -17429.5156250 -17045.3632812 -16606.2285156
-17051.1738281 -17555.2011719 -18059.5175781 -17357.1386719 -17736.3339844 -17868.7812500 -17456.9960938 -17173.1757812
-16516.9550781 -17092.5019531 -17532.2226562 -16882.4238281 -17265.6289062 -17233.3691406 -16868.1718750 -16737.5136719
-16513.5136719 -16893.1484375 -17369.8632812 -16704.8632812 -17118.5136719 -17156.7968750 -16772.2109375 -16554.2421875
-16420.4550781 -16724.3593750 -17368.3730469 -16640.2187500 -16934.1601562 -17108.4648438 -16614.8242188 -16451.6113281
-17569.5000000 -17910.8652344 -18253.6992188 -17782.3671875 -18188.1777344 -18086.7285156 -18006.6601562 -17695.1894531
-17561.1816406 -17893.6308594 -18524.2949219 -17888.2949219 -18212.1582031 -18252.7226562 -17878.4023438 -17613.1601562
-18046.4941406 -18379.0429688 -18986.4882812 -18413.8105469 -18557.0234375 -18889.4003906 -18361.2578125 -18057.0097656
-17013.3066406 -17358.5175781 -18044.4726562 -17304.2910156 -17529.7714844 -17609.4667969 -17284.4199219 -17119.3125000
-16601.8027344 -17144.1035156 -17357.3984375 -16897.7792969 -17273.8984375 -17161.3339844 -17060.5527344 -16898.3808594
-17408.8261719 -17562.9960938 -18144.9335938 -17451.9218750 -17961.0976562 -17960.8906250 -17632.2910156 -17344.5292969
-17273.5429688 -17729.0488281 -17825.6171875 -17345.8906250 -18091.6738281 -17456.4121094 -17696.1406250 -17285.2089844
-17002.0312500 -17586.6347656 -17784.4062500 -17186.7558594 -17715.8671875 -17578.2695312 -17347.9843750 -17143.2695312
-16831.9003906 -17236.8789062 -17758.2480469 -17107.1445312 -17452.1132812 -17660.4355469 -17120.0683594 -16927.7402344
-16656.4511719 -17539.1601562 -17652.9648438 -16892.7597656 -17617.9433594 -17473.6230469 -17329.4746094 -16900.8789062
-16904.6054688 -16820.3730469 -17976.8027344 -17274.2988281 -17179.9628906 -17807.6718750 -16944.3535156 -16573.6367188
-17058.6406250 -17545.2753906 -18067.8652344 -17520.4355469 -17819.7851562 -17871.2871094 -17438.5488281 -16997.9785156
-16862.0292969 -17492.2617188 -18110.6054688 -17310.6523438 -17709.1699219 -17869.3925781 -17411.3222656 -17040.2988281
-18239.6210938 -18917.4726562 -18541.8593750 -18227.8652344 -19181.4921875 -18275.6035156 -18841.4667969 -18588.6386719
-17239.1914062 -17751.4375000 -18204.8710938 -17467.8144531 -17890.4492188 -17962.8125000 -17717.2265625 -17446.7734375
-17425.6152344 -17840.3750000 -18385.6972656 -17713.2089844 -18151.2128906 -18120.7246094 -17908.7031250 -17481.9882812
-17691.9804688 -18131.6835938 -18517.6425781 -17971.9140625 -18312.1074219 -18390.2675781 -18141.1445312 -17774.5664062
-16558.2402344 -16968.4316406 -17637.5566406 -16820.0664062 -17205.7421875 -17343.2734375 -16942.3593750 -16486.1289062
-17067.2363281 -17572.2011719 -17963.0351562 -17464.7011719 -17845.7480469 -17658.7441406 -17548.4648438 -17270.0781250
-16625.4960938 -17057.6718750 -17705.7558594 -17007.2968750 -17366.0820312 -17585.7832031 -17041.3046875 -16673.3984375
-16562.0976562 -16810.6289062 -17492.3417969 -16730.3203125 -17168.6660156 -17352.4921875 -16923.0605469 -16625.5468750
-17025.3691406 -17489.4921875 -18116.1933594 -17393.4453125 -17741.7480469 -17638.8867188 -17337.0996094 -16956.4550781
-16982.6933594 -17240.5839844 -17948.3261719 -17327.3007812 -17382.8476562 -17576.3613281 -17231.9394531 -17043.0156250
-16495.3632812 -16962.3046875 -17470.2539062 -16762.7734375 -17213.2441406 -17282.1210938 -16926.8066406 -16597.5019531
-17197.6816406 -17639.9355469 -18025.4882812 -17601.0996094 -17827.5761719 -17792.0878906 -17434.9218750 -17235.4941406
-17120.0546875 -17643.2246094 -17295.9238281 -16866.6425781 -17883.5468750 -17290.3320312 -17523.9628906 -17226.9511719
-16656.8144531 -17175.7421875 -16833.0019531 -16352.3515625 -17403.1269531 -16719.3066406 -17116.3125000 -16860.8203125
-16973.7285156 -17518.4804688 -17366.5488281 -16783.2695312 -17796.2460938 -17188.8183594 -17458.9082031 -17253.5058594
-17451.6503906 -17892.2500000 -17543.5898438 -17039.2500000 -18159.8574219 -17498.8554688 -17901.3222656 -17537.9199219
-16712.8652344 -17229.9628906 -16702.9355469 -16109.6777344 -17503.3671875 -16426.6972656 -17121.3554688 -16847.0937500
-17067.2910156 -17656.4218750 -17217.6171875 -16517.2265625 -17948.2617188 -16943.3222656 -17704.6777344 -17330.5585938
-16892.7402344 -17589.7578125 -17368.0371094 -16492.5351562 -17660.8691406 -17087.5878906 -17419.9062500 -17094.2148438
-15413.9677734 -15919.5175781 -16082.1103516 -15381.1015625 -16286.4863281 -15945.3203125 -15877.2246094 -15593.6572266
-16987.6855469 -17571.1738281 -17410.9726562 -16667.7480469 -17812.4667969 -17132.8242188 -17507.1425781 -17190.1796875
-16914.6093750 -17433.1679688 -17136.5722656 -16476.1679688 -17618.2050781 -17027.1835938 -17431.2050781 -17050.6738281
-16674.5898438 -17183.5839844 -16953.0429688 -16176.3603516 -17438.0234375 -16591.4550781 -17164.4921875 -16755.4257812
-18634.7226562 -19464.7773438 -17759.5507812 -18042.6679688 -19476.5312500 -18144.9433594 -19241.8417969 -18877.7109375
-17787.3828125 -18461.2597656 -17284.0820312 -17360.2285156 -18466.7050781 -17070.2558594 -18318.9531250 -18018.6328125
-18572.5332031 -19146.9550781 -18061.1542969 -18293.9199219 -19363.3457031 -18072.4628906 -19024.8339844 -18832.7929688
-18982.5605469 -19464.8750000 -18532.7578125 -18629.9335938 -19448.6093750 -18582.4609375 -19360.6445312 -19209.7851562
-16855.6816406 -16757.6718750 -17960.3945312 -17092.7636719 -16600.4160156 -17749.1601562 -16419.1191406 -16842.9570312
-16830.1015625 -16479.0546875 -17970.4667969 -17182.3925781 -17004.1367188 -17748.0781250 -16712.4980469 -16792.6015625
-17826.2363281 -17645.9062500 -18836.6738281 -18191.1894531 -17472.6992188 -18710.7031250 -17366.4589844 -17719.5800781
-17713.3281250 -17232.8847656 -18707.2480469 -17967.1210938 -17970.0585938 -18397.4257812 -17636.6445312 -17591.3281250
-16371.9970703 -15975.2626953 -17380.6367188 -16695.8632812 -16645.3398438 -17233.4218750 -16279.7314453 -16229.0019531
-16730.2968750 -16195.5322266 -17877.2812500 -16983.8281250 -16689.1953125 -17688.6015625 -16499.6542969 -16685.5332031
-16831.9609375 -16461.2421875 -17906.5097656 -17062.1308594 -16955.6796875 -17816.5625000 -16738.9902344 -16802.4121094
-17218.7109375 -16978.0195312 -18217.3632812 -17591.1113281 -17125.1875000 -18003.6914062 -16847.0742188 -17180.1621094
-16387.9218750 -16187.2958984 -17413.8144531 -16649.8554688 -16728.4101562 -17114.0625000 -16346.4238281 -16250.9589844
-17078.5195312 -16626.9980469 -18214.9804688 -17424.5214844 -17028.7109375 -18049.1484375 -16777.1816406 -17007.3984375
-17021.8906250 -16439.2148438 -17998.7324219 -17375.1445312 -17027.0019531 -17706.0253906 -16832.1074219 -16991.5175781
-16701.5605469 -16155.9658203 -17784.6699219 -16950.9667969 -16961.0312500 -17578.6601562 -16505.4316406 -16606.7460938
-16026.5449219 -15306.1074219 -17397.4335938 -16388.3730469 -16065.3603516 -17187.1640625 -15799.1855469 -15886.6777344
-16474.4238281 -15853.0302734 -17495.9843750 -16728.5312500 -16391.8105469 -17271.5664062 -16251.5498047 -16358.1933594
-16144.9404297 -16113.3837891 -17222.9414062 -16376.6113281 -15823.2656250 -17073.4453125 -15591.9755859 -16102.1279297
-16453.0468750 -16214.3759766 -17575.0058594 -16740.5410156 -16227.5322266 -17426.9648438 -16021.2353516 -16519.6738281
-17522.9785156 -17168.3984375 -18547.6972656 -17944.4863281 -17735.0878906 -18495.4824219 -17399.0039062 -17620.3730469
-16667.3066406 -16069.8554688 -17814.7031250 -17111.2617188 -16853.6875000 -17574.6601562 -16425.0175781 -16581.6484375
-17624.8125000 -17604.9667969 -18580.0488281 -17882.7109375 -17522.2519531 -18366.3886719 -17316.3808594 -17585.4003906
-16766.7285156 -16311.3486328 -17851.0292969 -17125.1894531 -16739.0976562 -17796.6328125 -16521.5195312 -16606.7851562
-17011.6601562 -17015.7636719 -17929.7949219 -17226.8710938 -16835.8593750 -17705.3105469 -16520.9707031 -16931.8613281
-15033.4863281 -14455.7226562 -16509.1718750 -15558.6162109 -15192.5634766 -16231.6953125 -14740.0966797 -14973.4150391
-15216.3164062 -14469.1367188 -16540.2265625 -15660.0537109 -15475.7744141 -16352.9648438 -15003.4638672 -15114.1914062
-15764.6250000 -15573.4228516 -17204.7929688 -16239.5097656 -15438.4316406 -16828.5078125 -15210.9560547 -15868.4560547
-17249.2226562 -17073.2695312 -18337.3847656 -17586.3066406 -16868.9160156 -18110.8828125 -16736.0078125 -17149.7812500
-16718.8847656 -16093.2285156 -17741.7890625 -16969.2675781 -16787.6230469 -17760.0644531 -16539.5761719 -16668.0664062
-17017.0078125 -16570.3515625 -18174.3437500 -17430.1660156 -17041.3144531 -17988.7988281 -16818.5605469 -16939.6210938
-17188.0214844 -16746.9453125 -18217.8808594 -17543.3300781 -17210.0546875 -18001.6699219 -16966.2968750 -17086.4941406
-16742.3027344 -16289.0273438 -17862.5019531 -17102.9218750 -16803.3339844 -17682.3066406 -16479.0312500 -16734.0488281
-16292.1113281 -16184.9306641 -17428.4570312 -16652.4824219 -15972.3525391 -17200.3066406 -15834.0488281 -16204.6826172
-16107.7929688 -15543.9658203 -17406.0664062 -16618.6054688 -16281.5507812 -17239.3632812 -15992.5605469 -15956.9599609
-15844.4814453 -15378.0595703 -17044.8515625 -16098.5332031 -15871.8046875 -16917.6972656 -15624.2431641 -15788.2724609
-15848.8740234 -15311.7314453 -17166.1210938 -16253.1220703 -15968.1054688 -16888.9765625 -15757.7919922 -15806.5000000
-17148.2167969 -16807.0664062 -18166.7089844 -17346.0488281 -16803.2148438 -17933.6406250 -16754.4902344 -17049.6386719
-16811.7753906 -16478.1113281 -17999.7363281 -17249.3984375 -16593.8339844 -17869.3574219 -16322.9238281 -16740.4238281
-15690.1718750 -15113.9003906 -17135.6875000 -16124.2529297 -15738.5078125 -16783.1816406 -15321.7294922 -15513.7285156
-16418.9316406 -15802.1630859 -17596.8945312 -16837.0292969 -16376.5244141 -17416.6503906 -16145.9482422 -16268.4873047
-16438.7617188 -16051.0371094 -17440.3984375 -16684.5488281 -16057.0537109 -17276.7031250 -15817.4208984 -16326.3212891
-15600.4130859 -15275.1865234 -16643.8769531 -15851.9443359 -15053.3779297 -16529.3886719 -14939.3544922 -15443.5800781
-15521.5263672 -15433.4482422 -16856.0390625 -15960.9453125 -15366.1113281 -16624.9277344 -15166.4394531 -15378.8447266
-17569.4179688 -17269.9121094 -18673.5097656 -17968.4980469 -17636.1816406 -18481.2871094 -17448.5722656 -17537.1210938
-15160.7138672 -14538.0917969 -16682.6582031 -15641.2949219 -15217.1464844 -16461.1523438 -14927.4658203 -15080.3603516
-18058.2558594 -17619.8515625 -19081.1464844 -18350.9570312 -18131.4726562 -18990.0097656 -17894.6523438 -17948.4531250
-17868.7324219 -17796.2773438 -18833.7285156 -18244.8203125 -17795.8300781 -18609.3105469 -17649.5996094 -17839.7167969
-17258.4746094 -16950.7832031 -18218.6250000 -17576.6093750 -16974.8417969 -18070.5976562 -16772.9824219 -17184.5371094
-17938.2929688 -17451.4843750 -18853.7382812 -18148.8281250 -17890.6738281 -18728.1757812 -17670.9257812 -17792.3417969
-16249.1601562 -15557.1826172 -17449.9082031 -16615.1718750 -16439.7910156 -17362.2343750 -16095.9267578 -16111.7802734
-16810.6777344 -16212.3837891 -17837.5996094 -17063.9257812 -16826.3378906 -17656.1562500 -16543.2500000 -16663.6972656
-17160.1601562 -17023.6152344 -18200.9589844 -17469.8496094 -17037.4707031 -17992.9707031 -16773.7714844 -17101.6660156
-16868.9726562 -16810.7734375 -17888.5878906 -17128.8261719 -16549.2031250 -17676.6640625 -16410.8496094 -16826.7109375
-19175.6933594 -18763.9746094 -19908.5449219 -19505.7812500 -19288.4941406 -19785.9082031 -19091.9023438 -19093.2714844
-17454.0800781 -16759.1074219 -18508.5371094 -17825.2695312 -17412.8574219 -18346.8867188 -17235.4667969 -17346.4960938
-17288.0644531 -17098.1914062 -18409.6113281 -17777.1933594 -17320.3984375 -18360.4980469 -17124.2265625 -17226.7714844
-16136.1337891 -15499.5683594 -17357.3984375 -16530.5136719 -16310.5888672 -17016.9687500 -15850.8535156 -16032.6591797
-15939.1708984 -15266.0947266 -17273.1484375 -16260.5283203 -16024.4541016 -17035.9296875 -15741.2187500 -15843.4277344
-18980.8867188 -18596.0957031 -19582.4277344 -19242.9140625 -19048.5996094 -19563.6035156 -18844.7753906 -18927.8144531
-17082.4882812 -16524.2187500 -18085.7031250 -17477.4628906 -17114.2382812 -17826.3125000 -16832.2421875 -17027.6718750
-16870.9804688 -16497.5566406 -17991.3730469 -17194.0761719 -16471.5039062 -17908.1621094 -16364.7890625 -16721.6953125
-16594.3574219 -16356.2929688 -17646.4453125 -16760.2968750 -16305.1875000 -17518.5078125 -16053.5361328 -16501.4335938
-17103.2246094 -16753.6503906 -18077.5175781 -17265.0039062 -16729.7851562 -17841.0781250 -16607.1972656 -17019.9121094
-16474.6542969 -16151.3798828 -17581.6933594 -16830.5175781 -16251.9765625 -17383.5468750 -16035.4775391 -16314.2607422
-16615.0000000 -16224.5693359 -17693.4570312 -16993.9101562 -16529.6367188 -17569.4238281 -16175.8251953 -16529.3339844
-16647.6132812 -16176.3808594 -17774.1718750 -17096.8828125 -16914.7050781 -17486.2265625 -16501.9199219 -16631.9062500
-17539.2636719 -17199.7167969 -18508.5917969 -17828.8652344 -17332.8398438 -18449.9609375 -17124.6972656 -17467.5664062
-16745.7441406 -16421.5488281 -17941.5957031 -17151.8437500 -16994.0859375 -17823.6250000 -16737.3652344 -16777.7421875
-16953.0664062 -16447.1855469 -18043.0820312 -17297.8710938 -17016.0410156 -17853.8164062 -16767.7558594 -16911.2558594
-15749.7988281 -15230.9208984 -16959.8476562 -16141.9775391 -15854.0136719 -16777.7519531 -15608.0996094 -15636.1630859
-17555.1699219 -17389.7656250 -18478.8203125 -17780.4765625 -17341.4062500 -18426.4472656 -17179.4140625 -17515.4453125
-17757.3496094 -17485.8828125 -18665.8847656 -18163.1503906 -17910.1914062 -18526.3457031 -17758.8828125 -17712.0117188
-16478.0781250 -16239.5029297 -17750.4785156 -16927.8691406 -16464.1269531 -17395.4960938 -15941.5332031 -16435.8417969
-17047.8320312 -16583.4960938 -17929.6875000 -17334.7324219 -17203.9375000 -17788.3164062 -16872.3027344 -17026.2421875
-17102.7382812 -16629.9863281 -18146.4160156 -17421.5371094 -17137.4648438 -17871.9824219 -16920.4804688 -16955.2343750
-16952.7988281 -16631.8632812 -17934.7578125 -17198.6484375 -16496.0234375 -17634.0761719 -16509.9394531 -16781.8945312
-16234.6923828 -16659.7207031 -16720.5898438 -16181.9033203 -16787.7539062 -16346.8232422 -16525.6875000 -16451.0996094
-18304.5664062 -18807.8242188 -18543.5605469 -18127.3984375 -18881.2207031 -18632.3339844 -18657.9296875 -18539.1582031
-17688.2597656 -18425.4980469 -17239.9179688 -17212.9726562 -18489.3574219 -16880.5683594 -18263.0996094 -17911.1386719
-17940.8984375 -18426.4394531 -18045.2929688 -17514.8457031 -18573.2519531 -17877.2753906 -18225.0917969 -18012.6875000
-16571.0449219 -17145.4785156 -16908.1738281 -16228.6152344 -17305.6542969 -16762.6875000 -17083.3847656 -16850.4121094
-17724.2988281 -18266.0058594 -17717.2929688 -17191.6015625 -18433.3203125 -17767.6074219 -18125.0800781 -17908.0214844
-17617.0566406 -18146.2460938 -17776.7148438 -17126.5976562 -18406.4042969 -17517.2089844 -18101.6679688 -17688.8359375
-16947.2460938 -17308.4062500 -17394.8203125 -16691.9785156 -17535.5546875 -17204.0585938 -17244.8964844 -16977.8828125
-17500.5507812 -17950.8339844 -17520.5527344 -17138.1191406 -18212.5039062 -17463.9003906 -17837.6132812 -17648.9863281
-17929.1152344 -18508.5976562 -17695.2128906 -17543.1464844 -18741.3554688 -17040.3300781 -18513.1484375 -18111.0800781
-16741.6191406 -17207.1679688 -16767.8535156 -16255.3808594 -17406.1679688 -16604.9824219 -17156.3769531 -16890.8613281
-16799.5058594 -16658.2812500 -17816.0585938 -17047.7832031 -16540.1953125 -17462.7812500 -16269.5703125 -16610.1484375
-17486.7363281 -17204.3027344 -18323.5175781 -17744.5917969 -17098.7187500 -18038.4433594 -16917.3125000 -17358.3808594
-17713.6406250 -17543.8535156 -18483.7773438 -17894.2304688 -17399.5312500 -18339.5976562 -17280.5800781 -17695.0566406
-17725.6875000 -17619.6093750 -18497.9003906 -18035.0839844 -17462.1757812 -18337.6210938 -17368.6718750 -17644.3359375
-16550.4023438 -16308.6718750 -17685.3730469 -16881.7773438 -16264.2636719 -17540.4082031 -16110.7402344 -16447.2734375
-16756.1347656 -16490.6347656 -17716.3964844 -16887.8203125 -16267.7353516 -17575.6894531 -16222.3837891 -16554.0136719
-16862.5859375 -16810.2128906 -18058.1503906 -17202.9765625 -16631.6757812 -17708.9882812 -16446.2695312 -16745.4062500
-16709.6308594 -16536.9882812 -17789.3320312 -17021.6113281 -16189.8388672 -17622.0937500 -16145.6953125 -16657.0625000
-16816.5546875 -16628.5566406 -17835.3984375 -17091.0488281 -16434.8710938 -17665.7617188 -16398.7949219 -16819.3691406
-16860.7929688 -16609.0703125 -17751.8769531 -17170.3730469 -16469.8437500 -17737.1738281 -16293.9472656 -16661.9687500
-17857.5078125 -18407.1542969 -17700.5156250 -17554.0859375 -18439.0468750 -16998.6093750 -18255.4023438 -18016.2890625
-16465.8261719 -16337.0214844 -17622.3339844 -16793.9785156 -16399.9277344 -17432.6738281 -16103.8007812 -16387.3417969
-16333.2763672 -16114.7929688 -17554.9140625 -16606.8457031 -16134.1318359 -17367.1933594 -15975.0996094 -16241.8779297
-18353.3242188 -19004.9199219 -17954.8437500 -17969.2304688 -19042.5332031 -17717.7910156 -18976.2636719 -18646.7910156
-19155.5722656 -19586.6835938 -18825.2968750 -18788.0214844 -19737.2871094 -18655.4453125 -19590.4980469 -19321.9902344
-17754.2265625 -18478.0175781 -17345.9785156 -17315.6875000 -18572.3222656 -17234.4003906 -18353.6972656 -18076.9824219
-17805.3710938 -18409.0253906 -17289.8046875 -17475.4492188 -18642.8613281 -17319.9687500 -18339.5468750 -18181.8515625
-19761.8984375 -20272.3222656 -19263.2949219 -19353.4667969 -20414.0781250 -19186.3417969 -20183.4121094 -19832.3554688
-18797.8339844 -19050.5742188 -18740.1679688 -18737.0527344 -19211.9257812 -18681.2382812 -19101.3261719 -18819.6894531
-19957.8769531 -20372.0625000 -19555.7109375 -19552.7324219 -20552.1289062 -19491.6757812 -20394.6894531 -20094.7109375
-18509.6210938 -19163.1328125 -18210.0839844 -18208.1601562 -19273.3574219 -17997.7695312 -19107.6484375 -18752.6269531
-18989.9160156 -19578.0898438 -18594.6894531 -18547.5410156 -19633.5722656 -18351.2382812 -19424.8320312 -19157.2968750
-18729.8457031 -19078.9667969 -18299.2441406 -18298.1835938 -19330.3515625 -18198.2539062 -19090.7070312 -18821.5097656
-18768.8320312 -19357.1894531 -18356.0351562 -18414.0273438 -19451.5097656 -18237.9765625 -19243.9160156 -18984.7617188
-18577.6757812 -19039.0332031 -18226.2089844 -18253.2734375 -19344.4628906 -18053.0683594 -19083.8769531 -18724.2910156
-19123.2832031 -19653.9609375 -18634.3984375 -18851.9667969 -19717.8574219 -18582.9140625 -19595.8339844 -19321.3125000
-19190.3261719 -19735.8339844 -18914.9277344 -18940.8007812 -19878.1308594 -18667.9453125 -19678.6484375 -19360.1484375
-19758.0019531 -20258.9609375 -19510.2929688 -19494.4277344 -20359.8671875 -19238.8964844 -20131.1582031 -19941.1171875
-18086.5273438 -18659.8535156 -17492.8945312 -17641.0898438 -18933.9648438 -17311.3125000 -18647.2929688 -18316.2382812
-18703.6640625 -19338.0546875 -18205.4648438 -18335.5136719 -19322.1484375 -18070.0878906 -19201.6015625 -18918.7167969
-19226.4863281 -19596.9980469 -19096.0449219 -18991.9609375 -19712.2851562 -19031.0917969 -19482.3046875 -19465.6562500
-19379.7265625 -19851.8125000 -18853.3671875 -18965.5507812 -20121.0781250 -18838.4785156 -19844.9277344 -19477.2011719
-16179.9580078 -16075.0000000 -17511.6523438 -16520.3066406 -15779.6972656 -17176.9218750 -15524.2666016 -15977.3720703
-16510.6230469 -16400.1503906 -17661.9492188 -16860.4667969 -16407.2324219 -17330.1601562 -16104.7792969 -16423.8066406
-19209.3339844 -19443.2558594 -19547.6093750 -19249.2988281 -19390.1914062 -19246.9296875 -19147.3867188 -19296.7460938
-18801.3300781 -18798.8906250 -19626.9238281 -19032.0449219 -18603.3652344 -19454.6367188 -18423.3925781 -18743.0625000
-18333.6445312 -18142.5488281 -19206.2714844 -18579.8964844 -18132.1035156 -19112.8457031 -17946.9785156 -18312.6738281
-17315.0878906 -16961.3769531 -18234.6542969 -17549.5644531 -17039.4453125 -18038.5136719 -16779.1914062 -17122.0351562
-17571.4472656 -17365.8828125 -18427.1933594 -17805.3691406 -17191.1542969 -18347.0156250 -16952.0253906 -17430.3105469
-14960.4960938 -14815.0957031 -16674.6718750 -15505.7832031 -14793.7451172 -16444.5078125 -14534.9228516 -14938.6943359
-16457.8222656 -16317.2919922 -17412.7832031 -16763.1542969 -16140.5341797 -17433.0898438 -16005.2001953 -16511.9082031
-15357.9208984 -15171.2773438 -16796.4765625 -15877.3242188 -15005.9589844 -16546.8886719 -14777.9599609 -15312.2646484
-15402.3251953 -15114.5654297 -16720.2597656 -15757.9970703 -14928.5673828 -16507.5742188 -14752.0820312 -15274.8701172
-15508.7812500 -15468.9169922 -16724.1562500 -15870.6240234 -15237.7060547 -16454.1210938 -14954.3632812 -15537.3007812
-17214.0898438 -17092.2011719 -18229.6015625 -17485.8261719 -17072.1308594 -18051.4589844 -16874.0214844 -17158.7812500
-16284.3154297 -16023.4619141 -17386.4843750 -16595.3945312 -15892.1777344 -17097.3398438 -15614.8232422 -16179.0761719
-17631.0410156 -17453.5859375 -18533.2480469 -17905.5214844 -17451.0214844 -18300.2519531 -17197.9179688 -17475.9824219
-16569.1347656 -16417.2050781 -17636.2968750 -16808.7324219 -16374.3056641 -17424.4511719 -16145.7207031 -16537.1347656
-17376.7265625 -17044.4160156 -18363.6445312 -17644.4335938 -17218.8945312 -18224.2890625 -16976.6875000 -17278.3964844
-16532.7421875 -16265.9521484 -17590.8535156 -16838.1367188 -16270.9648438 -17430.6933594 -16048.2695312 -16347.3613281
-17605.4511719 -17284.9843750 -18578.2500000 -17781.3281250 -17393.5156250 -18302.1445312 -17183.7187500 -17596.1640625
-17165.9433594 -16999.9726562 -18106.5566406 -17489.5742188 -16847.6367188 -17998.6250000 -16717.8339844 -17038.6250000
-17133.4960938 -16976.6796875 -18235.0019531 -17532.4980469 -16812.9726562 -18208.7832031 -16786.7089844 -17173.0000000
-17106.5214844 -17379.5273438 -17837.0800781 -17291.3027344 -16953.1699219 -17472.8906250 -16966.5976562 -17132.2968750
-17754.0859375 -18098.1386719 -18782.1367188 -18009.3398438 -18314.4804688 -18693.3769531 -18073.9707031 -17782.7695312
-16452.3906250 -16327.1621094 -17548.9257812 -16837.6132812 -16736.4316406 -17345.5136719 -16458.5351562 -16286.6884766
-15916.4169922 -16211.9316406 -17238.6113281 -16445.9863281 -16572.0078125 -16816.2265625 -16268.4033203 -15747.8984375
-16308.3818359 -16347.3671875 -17358.6230469 -16602.0781250 -16774.4667969 -17153.9316406 -16364.5507812 -16195.6914062
-16503.9980469 -16777.9199219 -17612.3593750 -16931.0527344 -17128.0136719 -17349.6816406 -16576.9707031 -16399.4863281
-16340.3271484 -16271.5224609 -17547.1230469 -16821.4042969 -16919.5722656 -17345.1757812 -16405.0996094 -16102.7148438
-16918.9296875 -17261.7597656 -18083.8359375 -17396.3964844 -17540.1503906 -17762.4531250 -17178.8769531 -16758.9531250
-16619.3398438 -16363.4736328 -17590.4238281 -16914.8652344 -16123.2763672 -17507.9843750 -15972.5771484 -16399.1074219
-16595.6796875 -16582.5820312 -17606.2109375 -16966.3339844 -17046.2421875 -17474.2441406 -16629.4648438 -16252.7617188
-16260.8320312 -16381.4931641 -17490.2636719 -16425.8535156 -16726.6914062 -17288.5175781 -16382.2929688 -15995.1328125
-15909.5214844 -15804.9365234 -17051.5664062 -16271.3095703 -16291.5664062 -16815.8828125 -15865.8671875 -15658.4580078
-17314.8593750 -17184.0468750 -18185.2597656 -17365.6523438 -17556.4707031 -17976.3652344 -17363.2890625 -17203.6093750
-17644.1367188 -17925.3691406 -18616.5761719 -17911.9140625 -18074.2792969 -18355.8652344 -17809.2675781 -17432.3554688
-16411.8847656 -16562.8925781 -17644.6035156 -16804.5097656 -16824.9902344 -17355.1113281 -16555.6894531 -16283.6630859
-18392.2167969 -18383.9667969 -19095.1425781 -18314.9492188 -18626.5273438 -18877.8144531 -18438.3613281 -18387.0957031
-15650.3193359 -15719.1376953 -16930.5957031 -16079.3759766 -16088.0498047 -16675.9082031 -15742.6933594 -15650.2968750
-16516.8007812 -16445.5917969 -17322.6660156 -16583.1679688 -16873.6953125 -17115.7011719 -16507.8144531 -16384.1835938
-17324.8027344 -17507.7597656 -18198.6777344 -17524.3476562 -17685.8808594 -17938.8593750 -17389.7148438 -17089.6816406
-17424.6250000 -17432.6542969 -18405.6347656 -17702.5507812 -17779.3437500 -18237.5976562 -17467.6523438 -17289.2734375
-16979.6992188 -16678.1933594 -17869.4003906 -17257.5820312 -17174.1035156 -17754.5488281 -16805.1718750 -16751.6542969
-16256.4082031 -15720.9267578 -17396.5390625 -16550.8437500 -16364.0322266 -17156.3378906 -15907.0312500 -16090.3203125
-15924.0996094 -15297.7421875 -17241.0273438 -16335.7617188 -15983.2753906 -16984.1054688 -15584.4501953 -15872.7890625
-15874.7343750 -15351.4785156 -17180.6835938 -16225.6757812 -16076.8486328 -16955.0136719 -15748.8613281 -15783.0361328
-17545.3085938 -17222.2968750 -18573.3730469 -17893.6191406 -17646.8457031 -18428.9433594 -17437.8007812 -17523.9511719
-17251.7832031 -17025.3125000 -18151.9804688 -17614.1953125 -16974.6679688 -17993.6152344 -16879.4082031 -17206.9062500
-16228.8466797 -15619.5478516 -17346.1367188 -16475.9960938 -16288.2988281 -17110.8515625 -16030.6630859 -16139.6982422
-16704.3867188 -16604.6953125 -17760.8671875 -16912.0917969 -16568.7226562 -17603.5371094 -16265.3955078 -16476.3886719
-16381.9931641 -15995.1738281 -17411.3281250 -16784.4121094 -16625.9804688 -17189.9941406 -16276.8994141 -16230.4941406
-18805.4687500 -18609.2539062 -19662.1718750 -19044.8906250 -18528.9082031 -19501.3574219 -18558.5156250 -18822.1738281
-16806.9492188 -16265.3886719 -17972.1738281 -16994.8027344 -16751.9023438 -17793.2500000 -16454.8457031 -16713.1621094
-17682.1601562 -17351.4960938 -18695.0605469 -17894.0195312 -17781.7011719 -18405.4902344 -17555.6542969 -17563.1621094
-17701.5488281 -17278.0156250 -18793.2480469 -18129.4726562 -17819.9960938 -18596.0312500 -17675.1015625 -17638.6875000
-18426.1250000 -18005.4882812 -19192.7207031 -18679.5332031 -18538.3359375 -18933.2734375 -18307.4863281 -18342.2148438
-18841.1640625 -19338.0410156 -18479.8417969 -18544.1503906 -19556.0507812 -18158.3222656 -19296.8457031 -19007.4804688
-18927.5273438 -18890.6523438 -19696.9980469 -19177.7792969 -18777.2832031 -19496.7871094 -18648.5468750 -18879.6757812
-19114.6464844 -19766.9960938 -18952.6855469 -18819.7187500 -19814.1503906 -18594.4492188 -19565.3164062 -19302.2226562
-18718.9785156 -18343.5390625 -19408.1328125 -18856.4902344 -18750.6289062 -19298.8183594 -18533.5019531 -18586.6542969
-19362.7207031 -19244.8144531 -19983.8808594 -19550.6640625 -19592.6914062 -19785.8652344 -19331.3144531 -19321.8242188
-18607.1757812 -19015.1269531 -18691.3574219 -18418.7148438 -19401.7050781 -18186.6757812 -18996.3417969 -18718.6054688
-18155.1582031 -17683.2109375 -19050.4863281 -18415.7519531 -18134.9687500 -18838.9277344 -17908.6777344 -18136.0136719
-18193.5058594 -17992.6640625 -19101.8496094 -18506.2910156 -17791.1015625 -18973.3906250 -17866.0644531 -18165.6171875
-18106.5839844 -18335.6640625 -18966.4492188 -18442.5703125 -18595.3574219 -18642.4023438 -18352.2851562 -18113.6132812
-17819.4042969 -17714.4628906 -18721.4550781 -18064.6562500 -17384.3027344 -18524.8398438 -17393.1289062 -17798.8691406
-18870.0859375 -18581.5195312 -19570.2851562 -18978.5527344 -18961.5214844 -19397.5527344 -18744.8398438 -18672.6484375
-18588.7265625 -19034.5781250 -18856.8359375 -18624.6484375 -19135.2324219 -18603.3125000 -18971.7753906 -18689.4531250
-17621.8066406 -18055.5058594 -18079.9746094 -17629.8691406 -18186.0488281 -17857.6015625 -17915.0937500 -17822.8554688
-19021.4531250 -19532.7011719 -18752.4160156 -18694.6425781 -19592.1660156 -18333.1582031 -19437.8144531 -19197.8027344
-18531.5175781 -18036.3183594 -19233.8398438 -18641.4628906 -18492.8359375 -19094.3320312 -18347.7578125 -18419.5917969
-18686.0332031 -18306.7910156 -19503.6699219 -18705.1484375 -18868.2656250 -19356.6992188 -18704.8437500 -18704.8046875
-18171.6269531 -18028.8632812 -18946.5058594 -18333.6289062 -18078.5996094 -18876.3027344 -17847.3828125 -18021.7597656
-16933.8242188 -16620.8457031 -18091.5195312 -17209.4121094 -16975.8945312 -17903.4335938 -16869.4218750 -16865.9785156
-18690.1464844 -18709.2636719 -19567.3945312 -18744.2304688 -18737.8613281 -19410.2949219 -18518.8417969 -18524.3476562
-18791.3066406 -19326.9804688 -18709.6933594 -18460.6992188 -19496.1796875 -18102.3886719 -19260.4628906 -18916.8105469
-18275.7167969 -18936.1445312 -18127.7382812 -17880.1406250 -19015.9257812 -17538.1601562 -18715.1933594 -18499.1074219
-18165.9003906 -17660.9335938 -19103.2890625 -18400.6425781 -18263.6464844 -18904.1523438 -17954.5039062 -18055.5507812
-18054.6738281 -17696.3515625 -18832.3886719 -18201.7792969 -18034.7695312 -18818.3808594 -17761.3808594 -17913.8359375
-17652.8437500 -17013.3671875 -18634.1074219 -17901.7500000 -17652.5273438 -18465.7050781 -17378.9667969 -17491.0332031
-18950.1816406 -19450.8027344 -18742.2500000 -18690.4257812 -19637.4433594 -18347.1289062 -19493.6015625 -19070.4316406
