-16968.1328125 -17088.3710938 -17881.2519531 -17174.6289062 -17363.0898438 -17698.0195312 -17135.5703125 -16755.7363281
-17842.1914062 -18020.4980469 -18661.5371094 -18099.4902344 -18428.1816406 -18481.6894531 -18089.5839844 -17835.7460938
-16470.8535156 -16905.7441406 -17538.3632812 -16928.2148438 -17104.0605469 -17294.3769531 -16782.9765625 -16490.3417969
-17362.0585938 -17780.7285156 -18057.4003906 -17559.0957031 -17915.0332031 -17955.8984375 -17663.9511719 -17316.1328125
-15904.1054688 -16349.0947266 -17021.0214844 -16289.3759766 -16767.7070312 -16739.9707031 -16488.6914062 -15771.5976562
-16479.2363281 -16816.0937500 -17304.5078125 -16760.9492188 -17085.5644531 -17208.2500000 -16742.0937500 -16470.1093750
-16407.3554688 -16769.1660156 -17514.5468750 -16929.5644531 -17025.5039062 -17329.8164062 -16664.5156250 -16397.2890625
-15708.7998047 -16289.4892578 -16813.6542969 -16126.9628906 -16451.4785156 -16466.2988281 -16108.5351562 -15886.4160156
-16167.9140625 -16477.4550781 -17015.5546875 -16426.6230469 -16737.6269531 -16823.7695312 -16474.7246094 -16142.0693359
-16253.1611328 -16455.5761719 -17307.1367188 -16664.0917969 -16860.3398438 -17131.5937500 -16542.9062500 -16202.5537109
-15885.3789062 -16333.0517578 -16849.1308594 -16190.2363281 -16311.8359375 -16656.9492188 -16334.5742188 -15929.4667969
-15948.1513672 -16390.6269531 -16803.6503906 -16164.6308594 -16493.1250000 -16597.4609375 -16394.0078125 -15979.3457031
-17258.6894531 -17564.9316406 -18122.8339844 -17588.8613281 -17707.5527344 -17906.2910156 -17635.1933594 -17361.2363281
-16417.6953125 -16702.9765625 -17236.7246094 -16688.3925781 -16988.1503906 -17087.2636719 -16700.3085938 -16367.7636719
-16282.4628906 -16420.1992188 -17276.6289062 -16575.0683594 -16696.7226562 -16916.9960938 -16467.1699219 -16208.9785156
-16428.9199219 -16582.0410156 -17193.3964844 -16558.8417969 -16794.5468750 -16894.2011719 -16713.2226562 -16242.0146484
-16187.8193359 -16743.0351562 -16945.8378906 -16485.1308594 -16849.4765625 -16842.5273438 -16646.9414062 -16290.5517578
-15880.9648438 -16290.3339844 -16907.1445312 -16280.8916016 -16579.3417969 -16886.2382812 -16234.2968750 -15774.5898438
-16455.6855469 -16547.5683594 -17400.4335938 -16637.1562500 -17027.6015625 -17160.1933594 -16630.4472656 -16157.4697266
-16173.6845703 -16731.5625000 -16974.8066406 -16532.9511719 -16711.3398438 -16801.8261719 -16556.0742188 -16448.4804688
-16409.4941406 -16980.1621094 -17279.0097656 -16884.1015625 -17294.2187500 -17015.0683594 -16964.9355469 -16610.4804688
-14934.0966797 -15323.0136719 -16143.5673828 -15404.8388672 -15634.0332031 -15863.7607422 -15324.6123047 -14989.4707031
-15708.8798828 -16076.2587891 -16534.1093750 -15903.9501953 -16522.6250000 -16313.3876953 -16043.7402344 -15694.5957031
-16376.6162109 -16883.8164062 -17391.1171875 -16674.9492188 -16797.3710938 -17256.4003906 -16629.6425781 -16379.3437500
-16252.4638672 -16419.3574219 -17286.8769531 -16737.1464844 -16816.2890625 -17081.8027344 -16561.2285156 -16228.2587891
-16154.3427734 -16424.4960938 -16965.9277344 -16467.5507812 -16582.8222656 -16745.1992188 -16475.1679688 -16165.9121094
-16192.6992188 -16464.9453125 -17145.3164062 -16565.8710938 -16813.1386719 -17016.1621094 -16509.5117188 -16349.9326172
-17094.4960938 -17149.7031250 -18299.8808594 -17519.3730469 -17565.5488281 -17899.4335938 -17289.5351562 -17072.4394531
-16627.7500000 -16964.2910156 -17569.5292969 -16917.2187500 -17200.0214844 -17365.7812500 -16915.5253906 -16815.7343750
-16565.3242188 -16862.1230469 -17570.9902344 -17060.1347656 -17206.5136719 -17286.1855469 -16970.3046875 -16693.0468750
-16792.5175781 -17237.8046875 -17763.7812500 -17234.6679688 -17532.1894531 -17547.5312500 -17230.8144531 -16951.6933594
-17205.1796875 -17642.1406250 -17852.5937500 -17390.3730469 -18020.8515625 -17659.9003906 -17661.5449219 -17302.8281250
-17338.1445312 -17973.4296875 -18046.1054688 -17596.5488281 -18078.3261719 -17758.7773438 -17745.2890625 -17516.9511719
-16755.8886719 -16864.1328125 -17832.9921875 -17182.5136719 -17331.1328125 -17582.7968750 -16875.1816406 -16540.5644531
-16567.6582031 -17354.7265625 -17191.7285156 -16730.9746094 -17543.1738281 -16837.6855469 -17184.1894531 -17041.5683594
-16348.9804688 -16756.8828125 -17598.3886719 -16982.6269531 -17181.8906250 -17341.5703125 -16728.0625000 -16511.9726562
-16698.5410156 -16923.7441406 -17572.5390625 -16882.5292969 -17081.8476562 -17244.8242188 -16894.6171875 -16681.4179688
-16389.6464844 -16816.8847656 -17148.0429688 -16668.4394531 -17084.9472656 -16937.6953125 -16794.3574219 -16537.7812500
-16086.1542969 -16437.7675781 -17073.8476562 -16580.5957031 -16632.0820312 -16936.9628906 -16371.3212891 -16226.4599609
-16929.8886719 -17211.5917969 -17697.4042969 -17109.0488281 -17478.3925781 -17462.6972656 -17202.1914062 -16936.5722656
-17786.3769531 -17995.2031250 -18516.7089844 -18027.0781250 -18262.2910156 -18329.2050781 -17990.1250000 -17713.4667969
-17739.0976562 -18035.2734375 -18496.9531250 -17941.6015625 -18176.6074219 -18293.7988281 -17986.6523438 -17773.0859375
-18111.6484375 -18460.9785156 -18967.4921875 -18362.6601562 -18549.6816406 -18715.8164062 -18367.8105469 -17999.2207031
-16506.7832031 -16719.6679688 -17405.6250000 -16803.8925781 -17090.5410156 -17227.9550781 -16773.6933594 -16574.7910156
-16092.0947266 -16308.6113281 -17080.2246094 -16549.9375000 -16725.0332031 -16935.0175781 -16372.1445312 -16072.7753906
-17103.9628906 -17513.8593750 -17796.8886719 -17213.8710938 -17633.4062500 -17533.9199219 -17415.3066406 -17224.0839844
-17189.2675781 -17447.6894531 -17680.5039062 -17133.9628906 -17756.1328125 -17312.6660156 -17490.8906250 -17049.7363281
-16812.5234375 -17196.3378906 -17557.1640625 -17144.1132812 -17393.1289062 -17427.4765625 -17137.5390625 -16818.9472656
-16879.2910156 -17109.7812500 -17665.5878906 -17022.9316406 -17267.2832031 -17556.6328125 -17042.6835938 -16834.3789062
-16903.8886719 -17056.8847656 -17849.6582031 -17103.4257812 -17422.9238281 -17540.6367188 -17099.0527344 -16728.3867188
-17155.7949219 -17204.9492188 -18037.8574219 -17479.2246094 -17436.8183594 -17796.3339844 -17318.2050781 -16914.7871094
-17093.8378906 -17098.5566406 -18022.0468750 -17289.9375000 -17450.3417969 -17869.3457031 -17147.4570312 -16834.0937500
-16740.4667969 -17194.7792969 -17666.7441406 -17108.5175781 -17234.6191406 -17406.0253906 -17106.1230469 -16869.1777344
-17769.0039062 -18297.0761719 -18120.6152344 -17725.5273438 -18388.2656250 -17832.0722656 -18134.1894531 -18005.5507812
-17284.2617188 -17598.3613281 -17930.1894531 -17461.3476562 -17903.7226562 -17847.9257812 -17644.6953125 -17444.6367188
-16699.8125000 -16914.4414062 -17705.1660156 -17101.1953125 -17201.0957031 -17334.0019531 -16917.7617188 -16736.6152344
-17619.5156250 -17844.4179688 -18172.3320312 -17752.5703125 -18175.4707031 -17983.6250000 -17949.1875000 -17680.1074219
-16717.5996094 -16625.9414062 -17648.9101562 -16928.6054688 -17121.8925781 -17386.0507812 -16794.3710938 -16513.6210938
-16817.2285156 -17127.0410156 -17650.5742188 -17184.0292969 -17409.8144531 -17489.1914062 -17098.1347656 -16900.9062500
-16876.9785156 -17271.2753906 -17929.9453125 -17358.7773438 -17549.7675781 -17542.4453125 -17213.7343750 -17027.8535156
-16391.7128906 -16746.2070312 -17411.2441406 -16701.3515625 -16930.9375000 -17087.1796875 -16629.8085938 -16467.8066406
-16511.4492188 -16670.2207031 -17707.2832031 -17067.3046875 -17022.5644531 -17464.1171875 -16919.5839844 -16406.5839844
-16940.1816406 -17027.1738281 -17777.2597656 -17182.6875000 -17412.5917969 -17474.1464844 -17166.6074219 -16895.7187500
-16474.1523438 -16891.9160156 -17290.0000000 -16820.6093750 -17170.6328125 -17133.4531250 -16911.5175781 -16664.5839844
-16799.5136719 -17115.3574219 -17630.1660156 -17162.7929688 -17390.5078125 -17526.1894531 -17202.0468750 -17049.0585938
-16982.2949219 -17475.8593750 -17171.4492188 -16645.7304688 -17567.0839844 -17038.1992188 -17325.1660156 -17129.9765625
-16638.0644531 -17056.9882812 -16955.8671875 -16446.9648438 -17315.2734375 -16655.2968750 -16945.9296875 -16856.2343750
-16739.1992188 -17250.5488281 -16859.7070312 -16263.4736328 -17272.5449219 -16804.1660156 -17085.6035156 -16896.2871094
-17360.2851562 -17742.1191406 -17403.3164062 -16985.2597656 -17823.7617188 -17372.2695312 -17638.9394531 -17449.7617188
-16644.7773438 -17360.8671875 -16795.9277344 -16158.4296875 -17537.1992188 -16578.7675781 -17273.3808594 -17019.4394531
-16756.4687500 -17187.3574219 -16975.9414062 -16330.2255859 -17359.3437500 -16664.6425781 -17119.8378906 -16910.5292969
-16832.1406250 -17258.9960938 -17008.3105469 -16272.1562500 -17477.1503906 -16779.3847656 -17378.6582031 -17028.7539062
-15892.9921875 -16040.3457031 -16668.6953125 -15832.3095703 -16531.8535156 -16279.9414062 -16185.3173828 -15926.8349609
-16746.3437500 -17305.7441406 -17107.0019531 -16291.1923828 -17466.6250000 -16794.7109375 -17176.7167969 -17004.4218750
-16901.8632812 -17064.9394531 -17015.3281250 -16322.6835938 -17386.6308594 -17005.4648438 -17168.5644531 -16921.5195312
-16586.7441406 -16979.9199219 -16819.7421875 -16100.0507812 -17172.5175781 -16682.1914062 -17005.6972656 -16670.1757812
-18121.6171875 -18586.9902344 -17147.6035156 -17589.2675781 -18723.9902344 -17631.2226562 -18495.6367188 -18314.1152344
-17642.6738281 -18016.1035156 -17003.8125000 -17090.1347656 -18294.5410156 -16965.6503906 -18081.9531250 -17829.1640625
-18416.2285156 -18826.2031250 -17682.4570312 -18118.2851562 -19028.5156250 -17819.0449219 -18797.9785156 -18549.6250000
-18999.2441406 -19449.6484375 -18455.5000000 -18736.8847656 -19552.1074219 -18772.1992188 -19332.4238281 -19114.3925781
-16979.8691406 -16937.7597656 -17928.5917969 -17319.2421875 -16773.9199219 -17717.8339844 -16659.0644531 -16953.4824219
-17165.3730469 -16704.4648438 -18148.2890625 -17654.9648438 -17393.6406250 -17911.8066406 -17094.3964844 -17167.2050781
-18140.3925781 -18094.8593750 -19015.7304688 -18403.9218750 -17824.8593750 -18775.8398438 -17689.7421875 -18064.6171875
-17294.5019531 -16943.3515625 -18348.7968750 -17880.9121094 -17578.6093750 -18264.6308594 -17236.2109375 -17329.9140625
-16432.1093750 -15809.0996094 -17412.5917969 -16637.1542969 -16480.3144531 -17223.4355469 -16108.2197266 -16089.8525391
-16479.7421875 -16150.5283203 -17617.1816406 -16836.0859375 -16847.2128906 -17462.3945312 -16508.0664062 -16452.0703125
-16838.9804688 -16417.2812500 -17814.5605469 -17242.4375000 -16891.7441406 -17654.6093750 -16668.8828125 -16697.9472656
-17373.4707031 -17096.7871094 -18288.5429688 -17790.3222656 -17197.5019531 -18155.5429688 -16926.4140625 -17307.3593750
-17014.4628906 -16633.6054688 -17845.9023438 -17055.2753906 -17163.1855469 -17423.7070312 -16857.4238281 -16729.7929688
-16917.5546875 -16512.4628906 -17828.1445312 -17276.6191406 -16951.7890625 -17730.5214844 -16692.7207031 -16826.9453125
-16850.8398438 -16380.2890625 -17870.0117188 -17117.6269531 -16927.4199219 -17552.8945312 -16643.0156250 -16673.4042969
-16477.9257812 -16000.5820312 -17458.3574219 -16786.1679688 -16549.2773438 -17257.2402344 -16304.6240234 -16431.7675781
-16142.8974609 -15569.4824219 -17171.5507812 -16545.0566406 -16215.2548828 -17057.5800781 -15916.8710938 -16033.5898438
-16354.6738281 -15934.8144531 -17363.4160156 -16773.0449219 -16440.4375000 -17275.1601562 -16129.8437500 -16323.3349609
-15751.0507812 -15773.9257812 -16902.9589844 -16236.5664062 -15462.8154297 -16736.4824219 -15278.5937500 -15706.1816406
-16886.0644531 -16877.3574219 -17758.4472656 -17044.3574219 -16608.0253906 -17421.8359375 -16510.0976562 -16728.5039062
-17589.5664062 -16921.2480469 -18369.2441406 -17706.6875000 -17450.3437500 -18197.9746094 -17203.2851562 -17267.6054688
-16530.5566406 -15961.7314453 -17513.4023438 -16776.6660156 -16434.0058594 -17397.8730469 -16215.1396484 -16282.5517578
-18047.9648438 -17773.0957031 -18735.2558594 -18265.9160156 -17867.8046875 -18552.8496094 -17540.2070312 -17861.4746094
-16442.2656250 -16028.5683594 -17485.3925781 -16808.9218750 -16529.8886719 -17263.1542969 -16223.7822266 -16365.8632812
-16511.2578125 -16435.9394531 -17668.5996094 -17009.6250000 -16218.0156250 -17348.5078125 -16121.8808594 -16417.7285156
-15425.7568359 -14676.6474609 -16703.8359375 -15844.9121094 -15338.7988281 -16442.3437500 -14940.7089844 -15173.5556641
-15102.9511719 -14455.4677734 -16367.2255859 -15613.8154297 -15155.2929688 -16038.2343750 -14792.3994141 -14898.2099609
-15784.4462891 -15695.5585938 -16981.9531250 -16262.4257812 -15660.6572266 -16751.9160156 -15470.5429688 -15701.1054688
-16704.8222656 -16516.1953125 -17562.7968750 -17010.8789062 -16433.8593750 -17334.9609375 -16193.8349609 -16544.8691406
-16375.1435547 -15854.2675781 -17492.3828125 -16700.0097656 -16618.7812500 -17097.3964844 -16221.4013672 -16290.9863281
-16947.2968750 -16432.1777344 -18105.5351562 -17216.5000000 -17160.4433594 -17831.9960938 -16770.0585938 -16809.2265625
-17062.4550781 -16701.2558594 -17919.0859375 -17346.6074219 -17081.2949219 -17868.5527344 -16877.1777344 -16861.6035156
-16353.2646484 -16059.1191406 -17480.3691406 -16738.1875000 -16442.4843750 -17261.2578125 -16105.0732422 -16285.3632812
-16822.2363281 -16315.4248047 -17952.5371094 -17032.3261719 -16647.4277344 -17752.4570312 -16286.6562500 -16553.5371094
-16307.7343750 -15898.6123047 -17349.9238281 -16594.4316406 -16501.2324219 -17202.2324219 -16161.2939453 -16278.9521484
-16348.3720703 -15629.1484375 -17339.9902344 -16416.9257812 -16492.1503906 -17114.5722656 -15984.5927734 -16075.4853516
-16076.1757812 -15543.9160156 -17274.7070312 -16504.8867188 -16149.0498047 -17112.6054688 -15865.1933594 -15901.7832031
-16720.2656250 -16640.1972656 -17637.5820312 -17063.9882812 -16696.4218750 -17524.0585938 -16548.9589844 -16610.1113281
-16697.0097656 -16446.0429688 -17691.2031250 -17063.6542969 -16626.4453125 -17441.3906250 -16381.1806641 -16511.2109375
-15332.8173828 -14889.4375000 -16571.4550781 -15842.3583984 -15429.7734375 -16458.7675781 -15152.2587891 -15318.5039062
-16531.6210938 -16052.8837891 -17654.7207031 -16848.9863281 -16817.0390625 -17280.0722656 -16428.8066406 -16345.3066406
-16030.9531250 -15603.7226562 -17324.4023438 -16478.6601562 -15940.7236328 -17083.3203125 -15572.9863281 -15890.3925781
-15866.7783203 -15859.4404297 -16908.8710938 -16282.9355469 -15893.8671875 -16710.9003906 -15555.3007812 -15732.9560547
-15406.8837891 -15264.1953125 -16772.7246094 -15882.6943359 -15411.9921875 -16581.9003906 -14954.7734375 -15275.2421875
-17765.9414062 -17384.4335938 -18588.0488281 -18042.0000000 -17730.4746094 -18458.0566406 -17602.1855469 -17561.1386719
-15135.6914062 -14565.4863281 -16360.4726562 -15602.3496094 -15341.9023438 -16286.3906250 -14853.4716797 -14994.4023438
-17968.0566406 -17622.2578125 -18878.4101562 -18189.7539062 -18132.8027344 -18745.2324219 -17836.4257812 -17751.3398438
-17894.4765625 -17745.8085938 -18717.9804688 -18173.3046875 -17764.7128906 -18528.4941406 -17472.1660156 -17829.7226562
-17160.0000000 -16971.4492188 -18111.4179688 -17469.8437500 -16913.5820312 -18033.6816406 -16804.4218750 -17001.7695312
-18075.1445312 -17511.2675781 -18889.0195312 -18263.9199219 -18057.5566406 -18724.8085938 -17757.2949219 -17902.5957031
-15998.2675781 -15629.4394531 -17278.3007812 -16546.0058594 -16206.4375000 -17109.8828125 -15935.6660156 -15942.7304688
-16586.8808594 -16351.1445312 -17745.1445312 -16941.8769531 -16717.1718750 -17491.0000000 -16467.1718750 -16481.7148438
-17119.6562500 -17064.6933594 -18123.9726562 -17528.3964844 -16884.6152344 -17970.1660156 -16731.4453125 -17136.7480469
-16584.1347656 -16539.6914062 -17613.9726562 -17080.0507812 -16371.1503906 -17343.9257812 -16206.3847656 -16584.8144531
-19167.7773438 -18652.7929688 -19829.4160156 -19413.8281250 -19135.1699219 -19725.7558594 -18916.8398438 -18903.2792969
-17058.4257812 -16715.7714844 -18258.5859375 -17552.2617188 -17427.5917969 -18046.2890625 -17029.9550781 -17085.2285156
-16902.4746094 -16843.6367188 -18075.9179688 -17313.1914062 -16978.0996094 -17880.1289062 -16699.6992188 -16896.7851562
-16124.9433594 -15467.2792969 -17280.7480469 -16469.0039062 -16333.2822266 -17010.9472656 -15808.9423828 -15924.0107422
-16298.5800781 -15707.8085938 -17142.2949219 -16485.9277344 -16305.1240234 -16948.1738281 -16101.3476562 -16124.9765625
-18710.3984375 -18271.1230469 -19507.8964844 -19023.6523438 -18814.7734375 -19362.1562500 -18552.7558594 -18652.3398438
-16907.7714844 -16390.9863281 -18014.3945312 -17185.4199219 -16911.7500000 -17838.3398438 -16783.5488281 -16756.1777344
-16854.0156250 -16735.8984375 -17679.9003906 -17110.1113281 -16725.1132812 -17563.7031250 -16517.5156250 -16659.3632812
-16275.4521484 -16365.6533203 -17338.1777344 -16655.2500000 -16240.0419922 -17180.2812500 -16021.9433594 -16115.1806641
-16927.9589844 -16753.3281250 -17897.5000000 -17316.5546875 -16705.4453125 -17853.1699219 -16608.1933594 -16882.1582031
-16570.4550781 -16552.6386719 -17610.0214844 -16935.7148438 -16255.5615234 -17518.9316406 -16052.8994141 -16528.5996094
-16741.9140625 -16481.8398438 -17761.9609375 -16979.7167969 -16625.7304688 -17474.3125000 -16402.4824219 -16490.9121094
-16944.4375000 -16434.6289062 -18117.0468750 -17366.9687500 -17015.4667969 -17973.5253906 -16580.3183594 -16792.3535156
-17819.6015625 -17486.4824219 -18650.3183594 -18049.9101562 -17798.5507812 -18484.8476562 -17504.2363281 -17671.6914062
-16701.0546875 -16354.5019531 -17663.8320312 -17110.2734375 -16834.0507812 -17613.0351562 -16526.3808594 -16559.3789062
-16983.2636719 -16440.4218750 -17993.2226562 -17290.6855469 -17177.5507812 -17782.4082031 -16874.1835938 -16912.6972656
-15752.4707031 -15327.7568359 -16822.3691406 -16053.9921875 -15766.2285156 -16612.1230469 -15456.8710938 -15608.6777344
-17401.8789062 -17280.3339844 -18270.1367188 -17666.8847656 -17065.5234375 -18057.1406250 -16996.3261719 -17352.6152344
-17967.8984375 -17459.6171875 -18785.4628906 -18142.2089844 -18011.1035156 -18581.6582031 -17754.0000000 -17840.9726562
-16306.7734375 -16220.6708984 -17462.0625000 -16632.1230469 -16142.5361328 -17202.2402344 -15827.8173828 -16340.5429688
-16981.6093750 -16368.7314453 -17829.1718750 -17055.4589844 -17144.0332031 -17589.7089844 -16850.6171875 -16774.0292969
-16846.5058594 -16460.4960938 -17676.2773438 -17149.0507812 -16981.3671875 -17631.0781250 -16691.2363281 -16725.2324219
-16701.7480469 -16596.6757812 -17732.0742188 -17136.4863281 -16575.2148438 -17593.5820312 -16343.9179688 -16637.3300781
-16116.7832031 -16345.9189453 -16719.2675781 -16104.1484375 -16401.9472656 -16369.8115234 -16241.5458984 -16035.1962891
-18188.3593750 -18317.7480469 -18287.1621094 -17773.4785156 -18593.8613281 -18175.9316406 -18282.6894531 -18256.2519531
-17663.5898438 -18344.4746094 -17106.4511719 -17106.2851562 -18446.1835938 -16808.0859375 -18195.2597656 -17916.3691406
-17497.3281250 -17993.3281250 -17721.1757812 -17062.8652344 -18113.7031250 -17493.5683594 -17937.6113281 -17717.2324219
-16326.2968750 -16842.7363281 -16851.4042969 -16040.4052734 -17031.7382812 -16653.6972656 -16723.2890625 -16471.6386719
-17738.2636719 -18062.4648438 -17547.0488281 -17180.8789062 -18390.2968750 -17579.8535156 -18136.1679688 -17813.8730469
-17351.4921875 -17781.9843750 -17446.8554688 -16965.3730469 -17795.0800781 -17354.8144531 -17548.3496094 -17462.7792969
-16786.8105469 -17237.1191406 -17214.2050781 -16416.8085938 -17412.8242188 -16839.7304688 -17067.8769531 -17066.7480469
-17155.4804688 -17436.4492188 -17493.1191406 -16969.6230469 -17442.5175781 -17248.3125000 -17306.2265625 -17195.0800781
-17490.0703125 -18025.5878906 -17323.8808594 -17341.8808594 -18388.3105469 -16800.7617188 -18054.5468750 -17848.0214844
-16466.8281250 -16917.6269531 -17055.7148438 -16337.3837891 -17185.1601562 -16801.9023438 -16774.2851562 -16576.9804688
-16497.9101562 -16291.5761719 -17497.6835938 -16839.8242188 -15959.8916016 -17380.5273438 -15838.1240234 -16343.1689453
-17337.5136719 -17231.5664062 -18108.1816406 -17590.5136719 -17139.1289062 -18088.1562500 -16922.4179688 -17088.2285156
-17694.9140625 -17660.4101562 -18448.7285156 -17862.8652344 -17557.0156250 -18163.6835938 -17334.1562500 -17623.1347656
-17565.6250000 -17431.8593750 -18532.8066406 -17890.2851562 -17217.3847656 -18318.9394531 -17163.8183594 -17474.5195312
-16852.4746094 -16771.7207031 -18035.9765625 -17337.6015625 -16950.8750000 -17752.1718750 -16545.5800781 -16794.9628906
-16697.1250000 -16451.8710938 -17784.7050781 -17117.7128906 -16388.7792969 -17543.6699219 -16277.2324219 -16680.8984375
-16727.6523438 -16786.1445312 -17793.9726562 -17149.9296875 -16512.6816406 -17672.9316406 -16281.3945312 -16588.8769531
-16909.5585938 -16558.7304688 -17811.1367188 -17195.5917969 -16340.9570312 -17695.8300781 -16293.3261719 -16721.9550781
-16902.3925781 -16670.0468750 -17810.6953125 -17210.7089844 -16810.9121094 -17654.3437500 -16467.7070312 -16644.2500000
-16540.9160156 -16429.7539062 -17478.7402344 -16894.6035156 -16321.6005859 -17324.4472656 -16170.5029297 -16503.6582031
-17622.0175781 -18110.0527344 -17422.8085938 -17339.2089844 -18241.4902344 -16727.7910156 -18042.1113281 -17904.8652344
-16337.6093750 -16284.3593750 -17464.9160156 -16918.0917969 -16428.9492188 -17455.7324219 -16133.0214844 -16366.8632812
-16393.8593750 -16115.6318359 -17499.0332031 -16668.9375000 -16019.7500000 -17166.6503906 -15838.1035156 -16235.6210938
-17979.2851562 -18465.6074219 -17604.7089844 -17678.5820312 -18663.0292969 -17449.7500000 -18349.9433594 -18210.1835938
-19158.6347656 -19605.9199219 -18715.4902344 -18851.3300781 -19670.5410156 -18666.4375000 -19550.7382812 -19344.7441406
-17798.9589844 -18212.5371094 -17327.4628906 -17390.3593750 -18446.1386719 -17189.0117188 -18121.2871094 -17949.6640625
-17751.9628906 -18367.0625000 -17232.5957031 -17353.8417969 -18484.5957031 -17143.0800781 -18253.1093750 -17928.3632812
-19026.7324219 -19427.9609375 -18599.0507812 -18666.8203125 -19635.8222656 -18510.9648438 -19469.0097656 -19180.6269531
-18481.8808594 -18717.1972656 -18451.2539062 -18335.5664062 -18938.2070312 -18305.8945312 -18840.3085938 -18601.3476562
-19652.9492188 -20000.0175781 -19302.5878906 -19310.8261719 -20165.4492188 -19233.7519531 -19957.4960938 -19794.6718750
-18471.4101562 -19108.2167969 -18068.1757812 -18219.9902344 -19166.1269531 -17876.9960938 -19050.4316406 -18873.3281250
-18611.7402344 -19163.8085938 -18301.8691406 -18311.8144531 -19221.1972656 -18229.6816406 -18983.9882812 -18763.0722656
-18446.7011719 -19026.2167969 -18159.6875000 -18036.5722656 -19091.1738281 -17812.8652344 -18940.1621094 -18736.8710938
-18445.5722656 -18891.6933594 -18060.9257812 -17963.2324219 -19037.1152344 -17796.3417969 -18834.3378906 -18479.0156250
-18316.7226562 -18794.4101562 -18015.2890625 -17981.3378906 -18913.8300781 -17886.3554688 -18741.3632812 -18480.4335938
-18883.1191406 -19383.4062500 -18527.3046875 -18645.7929688 -19519.6191406 -18541.1269531 -19350.1445312 -19259.4238281
-18889.5839844 -19448.0839844 -18446.5878906 -18483.5722656 -19494.5390625 -18360.1621094 -19286.1328125 -19047.1796875
-19331.2441406 -19834.2011719 -19210.4687500 -19259.3906250 -19997.9628906 -19095.3632812 -19670.1152344 -19432.9042969
-17729.5136719 -18354.3085938 -17257.8105469 -17330.7128906 -18515.9921875 -17063.9023438 -18435.7441406 -18064.7382812
-18103.6582031 -18713.1210938 -17713.7714844 -17805.1816406 -18839.4765625 -17644.3496094 -18480.6328125 -18407.2128906
-19112.1406250 -19455.5839844 -18832.2246094 -18734.9804688 -19743.0468750 -18887.3574219 -19456.4960938 -19208.7812500
-19089.0253906 -19480.1152344 -18555.1855469 -18594.8632812 -19604.1503906 -18393.3476562 -19356.6542969 -19254.6601562
-16027.6943359 -15916.9902344 -17093.0917969 -16413.8730469 -15828.3593750 -16996.0390625 -15553.0957031 -15911.3193359
-16351.6552734 -16167.9277344 -17427.1367188 -16862.7285156 -16219.3789062 -17197.0078125 -15947.2460938 -16224.9511719
-18777.4550781 -19009.4316406 -19063.1933594 -18898.7558594 -18998.5625000 -18725.2714844 -18834.3691406 -18855.8554688
-18435.2675781 -18428.5703125 -19264.7207031 -18706.6816406 -18169.8808594 -19146.9511719 -18122.5625000 -18411.3906250
-18265.0468750 -18181.6738281 -19044.1777344 -18575.3144531 -17901.4238281 -19013.4804688 -17879.0312500 -18180.1054688
-17146.1718750 -17007.6464844 -17931.5488281 -17402.4062500 -16850.7988281 -17875.0683594 -16714.5585938 -17114.7109375
-17409.7089844 -17339.4628906 -18192.4121094 -17771.5566406 -17311.4589844 -18049.2578125 -17076.8984375 -17308.5664062
-14841.2949219 -14685.6376953 -16277.4287109 -15451.8720703 -14856.0576172 -15972.4052734 -14303.4785156 -14679.0976562
-16490.3906250 -16291.3935547 -17623.4843750 -16946.6054688 -16229.7763672 -17443.8574219 -16059.1933594 -16361.1494141
-15720.9628906 -15801.9238281 -16803.7460938 -16098.3349609 -15505.5537109 -16428.3652344 -15427.7128906 -15677.8779297
-15312.2587891 -15168.3662109 -16647.3222656 -15803.3964844 -14994.3007812 -16418.0078125 -14860.1708984 -15299.0703125
-15659.6503906 -15644.6572266 -16699.9003906 -16035.7607422 -15408.1552734 -16450.5742188 -15177.4863281 -15518.6113281
-17399.6855469 -17242.2226562 -18294.9394531 -17644.6367188 -17126.2851562 -18051.5859375 -17015.8359375 -17195.1718750
-16355.9121094 -16309.0410156 -17461.2421875 -16679.2324219 -16013.9160156 -17201.1250000 -15983.4052734 -16254.5703125
-17478.5078125 -17294.9687500 -18422.1308594 -17739.9882812 -17468.2929688 -18315.4980469 -17187.8867188 -17400.2636719
-16939.5820312 -16650.2050781 -17944.3457031 -17146.8417969 -16606.4824219 -17773.5175781 -16297.7275391 -16593.1191406
-17273.8730469 -16858.4199219 -18192.4609375 -17513.9707031 -17122.3652344 -17927.1171875 -16934.7871094 -17069.8750000
-16484.7441406 -16246.6630859 -17468.6093750 -16701.0625000 -16075.7812500 -17314.9335938 -15942.8515625 -16266.1816406
-17521.8691406 -17321.6562500 -18401.2675781 -17876.7343750 -17335.9257812 -18283.3984375 -17227.3828125 -17460.4414062
-17044.6347656 -16880.1738281 -17885.2363281 -17283.7226562 -16806.7773438 -17771.1835938 -16663.4492188 -17019.9941406
-16915.3027344 -16785.0976562 -17957.3652344 -17243.2324219 -16763.9335938 -17823.9550781 -16571.0703125 -16869.5761719
-16940.1757812 -17111.5820312 -17270.5292969 -16983.1660156 -16854.7910156 -17055.7421875 -16802.7832031 -17045.8925781
-16953.4472656 -17191.1367188 -17996.3691406 -17231.5273438 -17297.7382812 -17887.9921875 -17149.0039062 -16833.3476562
-16676.4140625 -16745.8632812 -17708.2617188 -17030.1074219 -17140.2246094 -17430.7949219 -16840.1777344 -16473.0859375
-16021.6650391 -16094.6699219 -17161.7050781 -16463.1738281 -16452.0332031 -17001.6171875 -16095.9238281 -15777.7177734
-15766.5185547 -15624.0439453 -16811.4863281 -16039.5107422 -15919.9716797 -16505.0488281 -15649.9667969 -15501.7363281
-16502.8789062 -16629.1484375 -17453.5214844 -16926.9980469 -16823.8085938 -17353.5781250 -16457.0429688 -16272.5830078
-15805.2978516 -16261.0312500 -16915.3671875 -16314.0693359 -16604.2968750 -16749.3964844 -16034.4101562 -15962.6503906
-16634.2851562 -16914.0722656 -17579.0175781 -17036.7148438 -17233.1875000 -17354.1542969 -16918.5488281 -16466.8437500
-16346.6992188 -16145.8837891 -17450.7226562 -16720.9042969 -15944.0195312 -17223.2460938 -15788.8339844 -16155.5683594
-16501.1855469 -16612.7929688 -17553.4843750 -16965.7343750 -16846.8925781 -17301.1660156 -16554.8378906 -16342.6162109
-16256.3681641 -16419.1953125 -17212.5781250 -16421.7363281 -16738.7109375 -16932.0859375 -16559.8769531 -15957.2041016
-15763.0810547 -15625.6074219 -16743.0996094 -16087.0664062 -16101.9804688 -16689.1367188 -15748.7802734 -15544.7832031
-17069.1523438 -16944.2519531 -17978.1074219 -17150.4394531 -17343.6035156 -17669.1210938 -17063.5136719 -17049.5742188
-17287.1718750 -17457.5156250 -18327.5742188 -17603.9960938 -17690.0468750 -18104.3671875 -17581.6855469 -17157.9296875
-16467.6738281 -16562.3183594 -17532.1718750 -16750.3828125 -16729.7968750 -17387.7187500 -16638.5585938 -16279.5214844
-18539.1445312 -18516.6835938 -19098.3613281 -18468.3652344 -18852.8789062 -18815.1132812 -18668.1269531 -18441.2480469
-15750.2675781 -15770.0517578 -16732.8671875 -16145.7441406 -16254.2011719 -16587.6347656 -15800.5117188 -15688.3134766
-16582.9296875 -16662.2128906 -17143.1914062 -16600.0976562 -17029.1054688 -16947.4941406 -16781.5917969 -16487.7148438
-16766.0898438 -17050.4804688 -17795.2578125 -17262.1093750 -16940.0800781 -17622.0273438 -16814.0546875 -16535.4589844
-17208.1582031 -17211.4824219 -18171.8437500 -17581.4277344 -17387.5312500 -18025.6562500 -17195.1035156 -16985.0800781
-16972.2226562 -17069.5742188 -17869.8828125 -17248.6074219 -17285.4238281 -17818.0312500 -16944.1464844 -16781.7460938
-16364.8750000 -16053.0771484 -17256.6093750 -16676.1523438 -16536.1230469 -17053.0097656 -16337.1904297 -16192.6572266
-16044.8769531 -15442.8857422 -17270.5507812 -16448.5957031 -16317.2500000 -17043.2734375 -15852.3837891 -15980.9726562
-16205.8007812 -15595.3486328 -17288.2714844 -16556.3535156 -16407.3125000 -17003.4003906 -16014.7197266 -16046.4667969
-17776.9023438 -17415.5195312 -18609.9277344 -18039.6074219 -17822.0019531 -18447.2363281 -17639.1699219 -17638.4609375
-16944.2910156 -16723.6210938 -17897.5371094 -17428.5371094 -16821.2675781 -17763.8847656 -16560.2207031 -16890.8964844
-15952.8798828 -15622.3955078 -17123.5996094 -16520.2519531 -16166.4169922 -16895.3183594 -15953.4863281 -15780.2968750
-16628.8125000 -16642.2734375 -17675.0390625 -17024.2832031 -16378.8183594 -17524.9863281 -16137.5986328 -16561.9531250
-16531.9199219 -15914.2011719 -17458.9375000 -16857.4960938 -16653.0234375 -17399.8261719 -16307.4687500 -16283.3789062
-18617.0820312 -18552.5996094 -19311.2792969 -18906.3242188 -18479.0058594 -19277.4472656 -18284.5859375 -18462.1269531
-16735.0859375 -16663.0722656 -17805.2421875 -17094.9140625 -16953.1250000 -17546.5117188 -16589.3105469 -16813.5429688
-17784.1406250 -17317.2148438 -18597.5253906 -17946.5351562 -17799.0859375 -18411.1718750 -17610.8183594 -17541.0332031
-17953.4746094 -17544.8339844 -18873.3359375 -18262.1835938 -18087.1777344 -18695.7480469 -17825.8066406 -17786.2519531
-18508.8828125 -17988.0507812 -19266.4843750 -18679.0820312 -18548.5000000 -19055.2148438 -18274.8613281 -18250.9863281
-18469.8671875 -18989.0742188 -18470.4707031 -18261.0703125 -19126.6621094 -17952.5585938 -18870.8515625 -18694.1582031
-18641.4628906 -18599.2988281 -19466.7011719 -18950.2832031 -18500.5527344 -19297.8535156 -18351.9023438 -18603.1777344
-19048.0781250 -19660.6230469 -18772.5800781 -18746.1015625 -19647.7324219 -18539.3398438 -19501.9394531 -19292.2363281
-18758.4082031 -18617.7988281 -19515.7460938 -18953.0703125 -18891.6152344 -19395.4042969 -18739.5175781 -18700.4726562
-19241.4453125 -18971.7480469 -19953.8457031 -19497.9707031 -19448.4785156 -19780.2617188 -19179.4257812 -19103.9550781
-18289.6796875 -18625.1464844 -18370.1132812 -18136.3261719 -18907.5351562 -17890.7773438 -18556.9160156 -18440.9199219
-18388.9941406 -17819.2304688 -19250.1640625 -18515.4433594 -18560.2363281 -19037.9707031 -18174.4023438 -18194.1972656
-18308.6621094 -18097.2128906 -19206.6816406 -18487.9863281 -17977.2070312 -18991.6679688 -17784.4746094 -18156.2128906
-17717.7011719 -18010.0585938 -18611.3535156 -18030.7421875 -18223.8066406 -18481.6289062 -17947.1777344 -17738.6855469
-17727.4609375 -17695.1054688 -18606.9667969 -18008.2363281 -17689.3710938 -18384.7792969 -17433.0371094 -17609.7109375
-18758.1914062 -18538.1445312 -19603.6542969 -19070.3281250 -18920.5410156 -19401.1582031 -18810.8437500 -18754.0664062
-18359.6250000 -18757.2695312 -18770.4042969 -18351.1757812 -18767.6933594 -18406.6328125 -18582.4394531 -18410.4609375
-17301.3242188 -17557.8437500 -17735.0566406 -17152.1542969 -17698.0644531 -17494.6875000 -17551.4492188 -17299.2128906
-18934.7812500 -19448.5957031 -18686.2304688 -18711.6308594 -19733.7011719 -18293.3671875 -19438.8847656 -19141.8359375
-18802.4902344 -18445.1367188 -19537.9414062 -18906.0742188 -18820.4921875 -19447.4433594 -18699.7089844 -18580.5625000
-18417.1464844 -18052.4296875 -19151.1132812 -18461.7441406 -18675.5488281 -18962.4023438 -18311.1894531 -18344.9804688
-17691.3339844 -17708.8535156 -18403.3984375 -17864.8515625 -17635.5722656 -18234.2480469 -17460.2402344 -17558.4062500
-16887.3359375 -16540.4414062 -17901.0937500 -17253.9238281 -17007.7304688 -17746.0488281 -16732.8046875 -16837.9511719
-18267.9785156 -18110.7539062 -19222.5000000 -18386.9042969 -18328.0078125 -18958.0957031 -18100.0234375 -18132.4238281
-18630.4804688 -19240.9218750 -18331.3652344 -18223.6425781 -19295.8007812 -17958.4980469 -19068.9882812 -18844.7304688
-17927.8867188 -18337.4101562 -17599.3769531 -17429.5273438 -18674.6875000 -17155.9062500 -18432.5878906 -18144.1386719
-18182.4824219 -17809.7265625 -19066.4335938 -18383.0957031 -18324.0839844 -18737.6054688 -18042.9042969 -18032.3496094
-17857.9746094 -17525.8925781 -18863.1484375 -18176.4082031 -17833.0800781 -18618.8730469 -17643.6562500 -17729.4140625
-16636.2500000 -16281.6464844 -17812.0546875 -17136.1425781 -16858.0722656 -17550.8535156 -16623.8906250 -16614.1210938
-18649.4453125 -19164.3496094 -18231.1132812 -18265.4667969 -19218.9902344 -18044.1757812 -19024.1582031 -18834.0859375
