-16867.6289062 -17238.5722656 -17974.0234375 -17566.8222656 -17534.6992188 -17920.1621094 -17286.1269531 -16891.9414062
-17466.9921875 -17639.0605469 -18271.9355469 -17757.2441406 -17935.8359375 -18107.5507812 -17750.5722656 -17564.1250000
-16618.1621094 -17067.2050781 -17639.2968750 -16908.2011719 -17333.8007812 -17234.9296875 -16981.9179688 -16667.2714844
-17479.5371094 -17760.9609375 -18362.7968750 -17743.1640625 -18124.9531250 -18152.3085938 -17813.9296875 -17582.2539062
-15975.7128906 -16632.5390625 -17090.4257812 -16429.2968750 -17035.0625000 -16840.5410156 -16713.6894531 -16287.8632812
-15976.7607422 -16481.9804688 -17264.5468750 -16465.1484375 -16749.7871094 -17049.3085938 -16573.7500000 -16161.5468750
-16410.0273438 -16970.1406250 -17432.7890625 -16769.6289062 -17279.5566406 -17173.9179688 -16990.4667969 -16570.4140625
-15986.9892578 -16513.3417969 -17097.6640625 -16477.5468750 -16867.3964844 -17087.5703125 -16571.0898438 -16126.4775391
-16354.4902344 -16600.7050781 -17183.3320312 -16671.4707031 -16953.6796875 -16969.4726562 -16619.2851562 -16290.1357422
-16217.0683594 -16778.4707031 -17352.1035156 -16572.2519531 -17027.7324219 -17055.4296875 -16600.2792969 -16359.0341797
-16317.1425781 -16699.9316406 -17684.0703125 -16820.5273438 -17058.1230469 -17365.2597656 -16862.0390625 -16569.4335938
-15971.0244141 -16456.8320312 -17082.4589844 -16363.2041016 -16679.6562500 -16800.8437500 -16399.8105469 -16317.8798828
-17350.6035156 -17645.0546875 -18471.4765625 -17888.2734375 -18061.2968750 -18338.1601562 -17749.2226562 -17350.0371094
-16593.2617188 -16920.9394531 -17643.8203125 -16923.7578125 -17258.9375000 -17395.4921875 -17032.9394531 -16592.7812500
-15732.4648438 -16193.9824219 -16946.4453125 -16242.3798828 -16561.3906250 -16820.8906250 -16192.4160156 -15812.4316406
-16383.1152344 -16848.8378906 -17483.0175781 -16850.6875000 -17204.8691406 -17339.5078125 -16936.4062500 -16508.3593750
-16372.6083984 -16815.0703125 -17388.2558594 -16843.8847656 -17085.8710938 -17153.1464844 -16775.0761719 -16449.5175781
-15833.1103516 -16267.5986328 -17026.1953125 -16250.6162109 -16518.9511719 -16772.1835938 -16250.2695312 -15902.9443359
-16600.9589844 -16847.5605469 -17860.6484375 -16990.2109375 -17108.4609375 -17677.9511719 -16853.4296875 -16496.4453125
-16378.5566406 -16826.0449219 -17493.3320312 -16708.7226562 -17091.6796875 -17286.1601562 -16677.7343750 -16529.4960938
-16511.9531250 -16855.7871094 -17404.5996094 -16847.9042969 -17077.3222656 -17210.8593750 -16774.6875000 -16656.2832031
-14979.8505859 -15342.5449219 -16323.2753906 -15529.4384766 -15683.5107422 -16044.9755859 -15379.7187500 -14884.6455078
-15257.1210938 -15686.7880859 -16640.4609375 -15746.4023438 -16122.1308594 -16472.7812500 -15751.0820312 -15191.3525391
-16875.5957031 -17329.5058594 -17844.2910156 -17107.8886719 -17540.9648438 -17631.9335938 -17284.0312500 -16933.0195312
-16432.4335938 -16863.7265625 -17416.0117188 -16698.8066406 -17297.4648438 -17171.8671875 -17003.0097656 -16394.0078125
-15861.8916016 -16456.4902344 -17259.6347656 -16531.8007812 -16740.7851562 -17051.0859375 -16342.8623047 -15946.0869141
-16652.1796875 -17100.8945312 -17762.3789062 -17136.9238281 -17398.2968750 -17502.7167969 -17172.2617188 -16801.8984375
-16931.0273438 -17307.8769531 -17974.2167969 -17264.6484375 -17740.4589844 -17730.4062500 -17367.8261719 -17055.9003906
-16841.4492188 -17061.8906250 -17538.8808594 -16959.4335938 -17424.1679688 -17577.0585938 -17107.6542969 -16859.0839844
-16717.2832031 -17025.4941406 -17513.3222656 -16967.1601562 -17471.4609375 -17321.1992188 -17128.6738281 -16729.7382812
-17050.3281250 -17314.9140625 -18022.6523438 -17312.5390625 -17687.0722656 -17826.4765625 -17399.4296875 -17048.7167969
-16802.0429688 -17164.4824219 -17630.3222656 -17233.4824219 -17628.5429688 -17364.3652344 -17279.1601562 -16871.7148438
-17230.9648438 -17558.8359375 -17995.1054688 -17481.1367188 -17967.8066406 -17888.7734375 -17709.6171875 -17341.5117188
-16469.6054688 -16754.6875000 -17750.3105469 -17002.4746094 -17257.5332031 -17554.8593750 -16947.0742188 -16366.3925781
-16676.4453125 -17368.6660156 -17475.0507812 -17028.2128906 -17577.4589844 -17187.0703125 -17449.0761719 -17148.8613281
-16501.0000000 -16816.6679688 -17752.2597656 -16915.3066406 -17146.0878906 -17642.8339844 -16738.5195312 -16524.8222656
-16836.9570312 -17262.0800781 -17853.9414062 -17198.4765625 -17456.9199219 -17691.3808594 -17237.4394531 -16992.4902344
-16422.5468750 -16727.7656250 -17211.7363281 -16656.1230469 -17133.7656250 -16983.4453125 -16754.9941406 -16523.2324219
-16422.7285156 -16846.9414062 -17391.9179688 -16731.9882812 -17187.3320312 -17007.2050781 -16856.3046875 -16717.8281250
-16750.0527344 -16887.1718750 -17782.7695312 -17038.1035156 -17221.3496094 -17605.9433594 -16941.0761719 -16541.1328125
-17754.4921875 -18121.0449219 -18756.7929688 -18090.8027344 -18342.7265625 -18573.6718750 -18127.1250000 -17822.7656250
-17565.1953125 -17839.8164062 -18427.8964844 -17868.4296875 -18105.1230469 -18257.4863281 -17907.2460938 -17441.6035156
-18251.0585938 -18456.7929688 -18996.8242188 -18533.2109375 -18737.2734375 -18833.6406250 -18562.7441406 -18209.9472656
-17046.0625000 -17659.7148438 -17980.7675781 -17445.8222656 -17868.2617188 -17840.5410156 -17598.6054688 -17326.7207031
-16311.9414062 -16808.0488281 -17493.0351562 -16637.0195312 -17044.8417969 -17186.6484375 -16870.1269531 -16445.2402344
-17173.5273438 -17543.3847656 -18287.6035156 -17496.1679688 -17741.7363281 -18009.3964844 -17549.6875000 -17104.8593750
-17362.2519531 -17818.2636719 -17708.8242188 -17428.2011719 -18186.4238281 -17294.9804688 -17958.5000000 -17299.6757812
-16954.4218750 -17294.7500000 -17902.9941406 -17332.1132812 -17463.8789062 -17622.1445312 -17370.9765625 -17073.0234375
-16623.6816406 -17052.6230469 -17744.2226562 -16933.1425781 -17386.9628906 -17601.2382812 -17199.3574219 -16710.1347656
-16571.0058594 -16811.6679688 -17608.6406250 -16985.5605469 -17227.0078125 -17416.2968750 -16937.0996094 -16780.0234375
-17042.3027344 -17085.4667969 -18377.0996094 -17550.8867188 -17569.3593750 -18125.0078125 -17269.6191406 -16947.2226562
-17054.7402344 -17267.6757812 -18117.3769531 -17499.2246094 -17628.8535156 -17934.5976562 -17441.1816406 -17080.8593750
-17066.5566406 -17559.6191406 -18027.4316406 -17405.8222656 -17776.2011719 -17841.9785156 -17583.6816406 -17133.8281250
-17757.1875000 -18352.8789062 -18274.4863281 -17814.8554688 -18522.2695312 -17996.8984375 -18404.6992188 -18232.4472656
-17122.1875000 -17588.5019531 -18145.5644531 -17632.1972656 -17979.4726562 -18036.4843750 -17699.3515625 -17356.6230469
-16870.0136719 -17158.0371094 -17901.3476562 -17341.9707031 -17477.3378906 -17804.9023438 -17250.9296875 -16851.3261719
-17534.4902344 -17646.0175781 -18512.7675781 -17812.8183594 -18008.4960938 -18312.3750000 -17793.1445312 -17460.7910156
-16959.4296875 -17214.4433594 -18115.7519531 -17383.2714844 -17389.9570312 -17843.8222656 -17142.0449219 -16831.6210938
-17222.5644531 -17591.9414062 -17960.0546875 -17404.7832031 -17899.4882812 -17829.4277344 -17664.5507812 -17361.9316406
-16186.5937500 -16591.4570312 -17322.1171875 -16539.5351562 -16805.0468750 -17075.8398438 -16570.5175781 -16065.6630859
-16539.7382812 -16851.7011719 -17372.9726562 -16674.2578125 -17109.6933594 -17208.8359375 -16937.8515625 -16549.4570312
-16713.3437500 -16813.5644531 -17639.0195312 -16992.0820312 -17037.2714844 -17636.8730469 -16876.3144531 -16427.7968750
-17191.6503906 -17643.2167969 -18229.8828125 -17514.4257812 -17956.0273438 -17907.2324219 -17733.9296875 -17225.6523438
-16590.3613281 -17003.5703125 -17594.9648438 -17014.8281250 -17255.1250000 -17472.3691406 -16969.5273438 -16760.7187500
-16850.2089844 -17153.4433594 -17860.0058594 -17264.8183594 -17605.5703125 -17632.1738281 -17324.9375000 -16946.4589844
-17010.5625000 -17449.7187500 -17405.1992188 -16792.7832031 -17679.0449219 -17136.5332031 -17477.8281250 -17191.3750000
-17136.5039062 -17780.6132812 -17364.4902344 -16679.8027344 -17993.5996094 -17168.9257812 -17816.4550781 -17414.9355469
-16953.9355469 -17276.3437500 -17111.1484375 -16564.8320312 -17427.1699219 -17006.6054688 -17286.1289062 -16935.2773438
-17111.0722656 -17365.6347656 -17394.4101562 -16831.8945312 -17728.2265625 -17308.1875000 -17458.2070312 -17267.8105469
-17080.8828125 -17322.4648438 -17162.0332031 -16430.9003906 -17599.7851562 -16890.2402344 -17297.9375000 -17030.7539062
-16881.7929688 -17348.7910156 -17227.2519531 -16330.7812500 -17640.7285156 -17129.4550781 -17421.4296875 -17032.8652344
-16975.4687500 -17646.9941406 -17008.1523438 -16366.6005859 -17954.7031250 -16858.3574219 -17630.3652344 -17359.2988281
-15704.1757812 -16081.6396484 -16163.2285156 -15483.2490234 -16209.6865234 -15852.4628906 -15871.5517578 -15547.2480469
-17058.3593750 -17411.6250000 -17409.6289062 -16324.8300781 -17619.6171875 -17235.7207031 -17416.3046875 -17191.7832031
-16954.4941406 -17320.7617188 -17126.6230469 -16404.7031250 -17616.7968750 -16907.1367188 -17277.5273438 -17102.5468750
-16529.0312500 -17030.5917969 -16867.5156250 -16109.4726562 -17347.1093750 -16717.3554688 -16949.7226562 -16706.9101562
-18198.2421875 -18889.0898438 -17229.2968750 -17638.1894531 -18985.9179688 -17834.3125000 -18733.5253906 -18433.7832031
-17820.1484375 -18375.7246094 -17471.2167969 -17403.7089844 -18693.1933594 -17102.7792969 -18320.3359375 -17999.8437500
-18637.8242188 -19123.2363281 -17889.1347656 -18304.2304688 -19351.3730469 -18071.0937500 -19030.4921875 -18900.1562500
-19193.2265625 -19639.7421875 -18550.5957031 -18870.5703125 -19775.3417969 -18674.6777344 -19673.6972656 -19350.5664062
-16734.7363281 -16382.8037109 -17881.2968750 -17080.6464844 -16392.3574219 -17617.0820312 -16272.3662109 -16568.4785156
-17138.7187500 -16555.2480469 -18109.5449219 -17320.3320312 -17129.7890625 -17951.0742188 -16847.9394531 -16955.8339844
-17952.5253906 -17778.3652344 -18933.5078125 -18352.0449219 -17728.3964844 -18781.1875000 -17536.4414062 -17972.4238281
-17575.4218750 -17207.6406250 -18638.4394531 -17916.0566406 -17654.8066406 -18503.2031250 -17426.5664062 -17456.7949219
-16264.2324219 -15728.8095703 -17484.2519531 -16653.4589844 -16255.7031250 -17236.4003906 -16033.2089844 -16105.0957031
-16420.0039062 -15819.2929688 -17611.3007812 -16871.2812500 -16385.9101562 -17588.0917969 -16116.6074219 -16257.1132812
-16837.2578125 -16406.4257812 -18003.6933594 -17277.4511719 -16974.0312500 -17941.3046875 -16652.5175781 -16725.6464844
-16829.8652344 -16635.2597656 -17900.4394531 -17217.7890625 -16813.3769531 -17848.4882812 -16556.2128906 -16834.3164062
-16470.3906250 -16173.5585938 -17535.8398438 -16735.4882812 -16850.3750000 -17429.3613281 -16616.7890625 -16297.6621094
-17088.3183594 -16508.5585938 -18064.4179688 -17387.9902344 -17007.2910156 -17968.4316406 -16751.3710938 -16871.9531250
-16911.1210938 -16256.2382812 -17944.7675781 -17221.0371094 -16988.7929688 -17779.7832031 -16658.4003906 -16771.2929688
-16432.6269531 -15814.0058594 -17653.9609375 -16847.0683594 -16611.9902344 -17442.2128906 -16191.1093750 -16243.5371094
-15852.0332031 -15343.8017578 -16955.0253906 -16188.1230469 -15905.5283203 -16851.4648438 -15786.1083984 -15578.3662109
-16280.0556641 -15913.1904297 -17463.6523438 -16699.5859375 -16644.1210938 -17324.0976562 -16135.2539062 -16124.3798828
-16128.1875000 -15903.6933594 -17266.2128906 -16541.9101562 -15855.8417969 -17115.7460938 -15590.3417969 -15979.8339844
-16735.8203125 -16513.7246094 -17832.5058594 -17083.1738281 -16494.1210938 -17788.2343750 -16272.5732422 -16570.1796875
-17409.0605469 -16767.0644531 -18237.4394531 -17604.5605469 -17417.4101562 -18143.1796875 -17134.3007812 -17167.3964844
-16529.2851562 -16021.7656250 -17659.4296875 -16926.0449219 -16480.6445312 -17655.5175781 -16422.3632812 -16380.6396484
-17422.8066406 -17342.4199219 -18413.2792969 -17868.1250000 -17158.7871094 -18433.0214844 -17088.0644531 -17416.7910156
-16527.4257812 -15881.5625000 -17583.1425781 -16958.1718750 -16697.8261719 -17599.1679688 -16401.9921875 -16307.3417969
-16678.9628906 -16457.7070312 -17817.6308594 -16976.2402344 -16347.1064453 -17736.2050781 -16184.8613281 -16523.5507812
-15049.2558594 -14405.8984375 -16250.2080078 -15398.1962891 -15305.7099609 -16120.5478516 -14839.3496094 -14922.3437500
-15209.4326172 -14647.6386719 -16494.8066406 -15651.3164062 -15405.5595703 -16251.6445312 -15139.9287109 -15084.5898438
-16094.6406250 -15760.1748047 -17360.0488281 -16677.3378906 -15663.9072266 -17241.8437500 -15474.0341797 -15897.5566406
-17076.6445312 -16821.9726562 -18118.6972656 -17332.7910156 -16568.2597656 -18001.5371094 -16466.8984375 -16879.9003906
-16694.6425781 -16291.5556641 -17557.4238281 -17066.4023438 -16920.5527344 -17475.6210938 -16579.4238281 -16565.7597656
-16651.2324219 -16124.8623047 -17727.7089844 -17069.8457031 -16908.1386719 -17577.1933594 -16610.0039062 -16557.6328125
-17054.7343750 -16628.4238281 -17861.0156250 -17242.6171875 -17182.7343750 -17736.7558594 -16945.0878906 -16795.7910156
-16426.5527344 -15924.2968750 -17822.7675781 -16954.0625000 -16559.8417969 -17694.9472656 -16136.9736328 -16404.6386719
-16279.6914062 -16046.0947266 -17352.9101562 -16552.6113281 -15974.1572266 -17178.7460938 -15729.6269531 -16109.7128906
-16114.2773438 -15568.0361328 -17275.7343750 -16511.7304688 -16050.6191406 -17181.4335938 -15854.2568359 -15989.4902344
-15938.9580078 -15335.1308594 -17153.5937500 -16289.8281250 -15878.9736328 -16909.1074219 -15550.4921875 -15686.2763672
-15755.4443359 -15116.3486328 -16948.9511719 -16103.7304688 -15646.6123047 -16800.6679688 -15446.8681641 -15473.5146484
-16978.2695312 -16564.5566406 -18146.4140625 -17285.9960938 -16812.5742188 -17890.1308594 -16553.7753906 -16747.7714844
-16300.9951172 -15877.6103516 -17186.6484375 -16451.2949219 -16036.1406250 -16968.6835938 -15879.3671875 -16165.3105469
-15501.6835938 -14843.6748047 -16879.4941406 -16004.0468750 -15699.4882812 -16686.0898438 -15319.0869141 -15374.3437500
-16052.1406250 -15554.4882812 -17215.9433594 -16415.7812500 -16078.3515625 -17089.0292969 -15706.6044922 -15909.4501953
-15852.9716797 -15573.4082031 -17177.1562500 -16402.1152344 -15674.4882812 -17077.8144531 -15508.0839844 -15637.1083984
-15805.4101562 -15599.8320312 -16807.6777344 -16082.5800781 -15462.6044922 -16696.2714844 -15268.8613281 -15686.2695312
-15696.4667969 -15322.5341797 -16842.3769531 -15920.1103516 -15463.0556641 -16693.0273438 -15049.0644531 -15501.5468750
-17543.0839844 -17031.4121094 -18200.1054688 -17701.4082031 -17622.9257812 -18242.2792969 -17312.9433594 -17311.5253906
-15335.8945312 -14732.1728516 -16672.6152344 -15711.7998047 -15333.6806641 -16449.4003906 -14929.1455078 -15152.2773438
-18214.5488281 -17751.6230469 -19086.7578125 -18453.9531250 -18165.5253906 -18970.2910156 -17885.6582031 -18020.9179688
-17649.5253906 -17494.1269531 -18660.8066406 -17975.0136719 -17334.7031250 -18467.7285156 -17259.7011719 -17498.7500000
-17197.4902344 -17158.7226562 -18177.4609375 -17518.3046875 -16965.1250000 -18164.1777344 -16820.2500000 -17135.1953125
-17929.0234375 -17515.0214844 -18755.9941406 -18108.6777344 -17944.3574219 -18661.4199219 -17738.2753906 -17753.3554688
-16324.5605469 -15804.2724609 -17517.1484375 -16731.4667969 -16341.5429688 -17307.7597656 -16172.3867188 -16117.8916016
-16636.2304688 -16287.2744141 -17562.6171875 -17002.0917969 -16860.1503906 -17547.4296875 -16504.5234375 -16415.8496094
-17069.1113281 -17048.1386719 -18212.1250000 -17545.3828125 -16962.5859375 -17988.4062500 -16682.4980469 -17004.8554688
-17013.9902344 -16623.2988281 -18009.2812500 -17412.0898438 -16617.9394531 -17913.6992188 -16512.9003906 -16734.2988281
-19177.6621094 -18949.4218750 -19865.1562500 -19387.6777344 -19246.0937500 -19729.2226562 -19078.0136719 -19022.6933594
-17188.6093750 -16794.1933594 -18275.8320312 -17512.5957031 -17312.2617188 -18072.2089844 -16874.8242188 -17043.9101562
-17291.8945312 -17129.7890625 -18234.3632812 -17583.8300781 -16959.5253906 -18135.7910156 -16848.4218750 -17190.4531250
-16006.5947266 -15525.5302734 -17193.9570312 -16509.0703125 -16175.7216797 -16963.7832031 -15903.8037109 -15875.9111328
-16016.5703125 -15645.0175781 -17319.0195312 -16522.2773438 -16178.1289062 -17221.5351562 -15834.4697266 -16024.4111328
-18823.4785156 -18332.9023438 -19598.1054688 -19106.4414062 -18876.7187500 -19460.6699219 -18536.3359375 -18638.9863281
-16719.5722656 -16152.5302734 -17640.2539062 -17048.1562500 -16662.9433594 -17552.4023438 -16387.4472656 -16579.3183594
-16942.3222656 -16698.0781250 -17978.1230469 -17204.9218750 -16593.8339844 -17953.3671875 -16281.8769531 -16669.7187500
-16360.5703125 -16294.0175781 -17407.3457031 -16711.7578125 -16093.0849609 -17143.2792969 -15905.2705078 -16263.7255859
-17266.0878906 -17012.7617188 -18477.1699219 -17713.9082031 -16977.1621094 -18235.7343750 -16733.1269531 -17004.7617188
-16646.1015625 -16420.9238281 -17754.8476562 -17036.7636719 -16183.7197266 -17559.8261719 -16113.6074219 -16591.1503906
-16915.6191406 -16568.8613281 -17841.5527344 -17198.2910156 -16447.8359375 -17859.0292969 -16240.8691406 -16662.7382812
-16956.2597656 -16455.7636719 -17914.4765625 -17181.1621094 -16933.2343750 -17741.1074219 -16678.6347656 -16837.7070312
-17733.5117188 -17419.0761719 -18773.0136719 -18088.2636719 -17659.7753906 -18650.4921875 -17551.3593750 -17523.4570312
-16925.0605469 -16476.9863281 -17950.0917969 -17297.3281250 -17206.6230469 -17793.0957031 -17022.6308594 -16792.3710938
-17007.5605469 -16396.3984375 -18268.9687500 -17312.0781250 -17064.0507812 -17962.6542969 -16848.9199219 -16833.0996094
-16005.9863281 -15560.9648438 -17257.3730469 -16418.3769531 -16190.0068359 -17016.9843750 -15926.3984375 -15947.0976562
-17412.1484375 -17166.1757812 -18352.7265625 -17721.9335938 -17230.1757812 -18108.7910156 -17017.2792969 -17252.1855469
-17851.4257812 -17180.2578125 -18696.3867188 -18055.7324219 -17822.4843750 -18542.0820312 -17596.4550781 -17617.8183594
-16139.2109375 -15586.6591797 -17279.5019531 -16508.7480469 -15868.4062500 -17115.2832031 -15533.1708984 -15883.8808594
-16820.2792969 -16429.6347656 -17895.4335938 -17229.9570312 -16968.8769531 -17787.8632812 -16718.4179688 -16696.8066406
-17079.1914062 -16571.1503906 -17973.0917969 -17339.0273438 -17215.2636719 -17908.0449219 -17029.4238281 -16934.9160156
-17205.7636719 -16993.3300781 -18149.6738281 -17487.2167969 -16753.6386719 -17956.2070312 -16586.6074219 -17056.7226562
-16462.8535156 -16717.3769531 -17002.6816406 -16364.0468750 -16737.7285156 -16792.2128906 -16580.7128906 -16499.6542969
-18338.1113281 -18583.2558594 -18637.4550781 -18032.5742188 -18835.9414062 -18422.6250000 -18698.3730469 -18396.3281250
-17684.0898438 -18410.5332031 -17413.6035156 -17326.2929688 -18660.6796875 -16871.1660156 -18447.1367188 -18010.5195312
-17789.7011719 -18118.8554688 -17872.3105469 -17292.0468750 -18409.6953125 -17614.5898438 -18198.3378906 -17869.4609375
-16624.7441406 -17184.5292969 -17006.9960938 -16295.5976562 -17375.2128906 -16907.2050781 -17151.6582031 -16850.5429688
-17576.8125000 -18058.8378906 -17895.1542969 -17347.3359375 -18270.2382812 -17722.0722656 -18112.0351562 -17725.8105469
-17738.1582031 -18308.4082031 -17759.1738281 -17279.9882812 -18460.7988281 -17582.8515625 -18363.9687500 -18034.8085938
-17235.2617188 -17561.2167969 -17429.2656250 -16935.8222656 -17746.1015625 -17343.9648438 -17558.6367188 -17239.0546875
-17218.2167969 -17685.3945312 -17557.0410156 -16954.8730469 -17889.9023438 -17235.1093750 -17690.3085938 -17437.8398438
-17704.6816406 -18344.5976562 -17308.2617188 -17305.0644531 -18638.9863281 -16788.9140625 -18403.9667969 -17946.6093750
-17000.0000000 -17349.9121094 -17399.9863281 -16584.4316406 -17519.6718750 -17099.6835938 -17171.8925781 -17033.1425781
-16781.0507812 -16441.5117188 -17633.6835938 -16952.8574219 -16263.3125000 -17604.2460938 -15995.0917969 -16547.6074219
-17339.0312500 -17126.7812500 -18177.6738281 -17708.2109375 -17063.8808594 -18171.8886719 -16797.4140625 -17141.5800781
-17490.1484375 -17236.6230469 -18572.7148438 -17805.3300781 -17200.6289062 -18520.2304688 -17027.1855469 -17337.4726562
-17863.3750000 -17680.6230469 -18681.0566406 -18083.5429688 -17589.0156250 -18705.1328125 -17325.3183594 -17791.4492188
-16685.9179688 -16494.4082031 -17675.9042969 -16969.9199219 -16304.9384766 -17452.2265625 -16157.0283203 -16565.5097656
-16596.1113281 -16375.3154297 -17808.0000000 -16901.6894531 -15976.1533203 -17506.1855469 -15975.9238281 -16374.3886719
-16869.5996094 -16790.4902344 -18040.4316406 -17337.7636719 -16682.8046875 -17838.0429688 -16435.2148438 -16732.5156250
-16775.9082031 -16470.3085938 -17734.4980469 -17065.6464844 -16190.2392578 -17518.4804688 -16239.9248047 -16529.2441406
-16676.9140625 -16383.2763672 -17611.4101562 -17019.2304688 -16320.9101562 -17541.1328125 -16088.7773438 -16511.9902344
-16958.1972656 -16709.9218750 -17915.9550781 -17271.6210938 -16632.3300781 -17766.4355469 -16331.1074219 -16748.3906250
-17792.9980469 -18461.1386719 -17816.9609375 -17608.8378906 -18611.7968750 -17160.2656250 -18431.4531250 -18088.8554688
-16576.9121094 -16529.0488281 -17718.1015625 -17054.4667969 -16388.6269531 -17582.5410156 -16140.9042969 -16482.8105469
-16011.8974609 -15882.2988281 -17206.4687500 -16428.4531250 -15807.7138672 -17136.7187500 -15547.4687500 -15891.3632812
-17991.2265625 -18749.2812500 -17354.0078125 -17540.9121094 -18935.9062500 -17421.2089844 -18683.9023438 -18315.0156250
-19340.3515625 -19789.5195312 -18953.5371094 -18885.0625000 -20060.6113281 -18815.7226562 -19807.3867188 -19519.8691406
-18138.0820312 -18596.0468750 -17599.9707031 -17781.9511719 -18818.3027344 -17531.6367188 -18608.3183594 -18300.3710938
-17993.0957031 -18759.2402344 -17422.9609375 -17629.2851562 -19055.8320312 -17105.3378906 -18767.3105469 -18317.0996094
-19248.2539062 -19700.7558594 -18826.8222656 -18954.3574219 -19919.8183594 -18775.0820312 -19695.2832031 -19399.5625000
-18829.5742188 -19201.4863281 -18841.4101562 -18674.3789062 -19417.2207031 -18679.5644531 -19185.9140625 -18888.7597656
-19860.7519531 -20214.8906250 -19570.8632812 -19595.1132812 -20359.1640625 -19478.7031250 -20210.7207031 -19981.2109375
-18684.1289062 -19206.8066406 -18185.8867188 -18320.2109375 -19477.2929688 -18162.2949219 -19269.4667969 -18938.5859375
-18429.6914062 -18909.9355469 -18136.8750000 -18237.6953125 -19151.8300781 -18065.3164062 -18957.8378906 -18679.2148438
-18708.0585938 -19254.7714844 -18220.6914062 -18304.3750000 -19561.0507812 -18080.6269531 -19274.6113281 -19037.1484375
-18693.9609375 -19223.4355469 -18385.0097656 -18371.6914062 -19509.3261719 -18201.0644531 -19266.6210938 -18987.2636719
-18498.9277344 -19037.2753906 -18184.2812500 -18172.5996094 -19205.1699219 -18066.7539062 -19021.4707031 -18675.1523438
-19070.8261719 -19538.9453125 -18542.4023438 -18644.8984375 -19675.3574219 -18427.9980469 -19489.8671875 -19296.3027344
-18786.1679688 -19367.5722656 -18437.7285156 -18498.8320312 -19479.0566406 -18382.5410156 -19412.8964844 -19134.2636719
-19551.9843750 -20068.6250000 -19131.1582031 -19185.7675781 -20280.3261719 -19114.3437500 -20015.5175781 -19810.8730469
-18004.0507812 -18626.9941406 -17486.4335938 -17574.4921875 -18958.6601562 -17377.5820312 -18580.6582031 -18220.4980469
-18481.4824219 -18976.5996094 -17991.0312500 -17968.0058594 -19146.1054688 -17801.1191406 -18891.7128906 -18689.0371094
-19195.4941406 -19526.0214844 -18858.6835938 -18915.4101562 -19728.2207031 -18878.7832031 -19517.8828125 -19418.4414062
-19392.0644531 -19854.7675781 -18990.9863281 -19091.3671875 -20031.7968750 -18998.7402344 -19839.7128906 -19643.8066406
-16188.4160156 -15867.5800781 -17388.5976562 -16513.3457031 -15591.8134766 -17286.5292969 -15528.5888672 -16073.3369141
-16154.7597656 -16012.5400391 -17508.1660156 -16751.1269531 -16040.7900391 -17362.9707031 -15748.0546875 -16093.8359375
-18850.3574219 -19007.4863281 -19176.8359375 -18875.5195312 -18994.4218750 -18920.9667969 -18850.2343750 -18947.4902344
-18644.4648438 -18455.8710938 -19418.0566406 -18895.3007812 -18378.2832031 -19307.3613281 -18189.7558594 -18490.7285156
-18259.0449219 -18187.3925781 -19092.2207031 -18538.1347656 -18109.2480469 -18901.2714844 -17904.1953125 -18189.3925781
-17274.6250000 -17049.7636719 -18041.2421875 -17454.6484375 -16886.0527344 -17967.4101562 -16610.2656250 -17028.9746094
-17487.2128906 -17156.8710938 -18411.2812500 -17811.8476562 -17249.5429688 -18360.9472656 -16986.7695312 -17321.8652344
-14907.1494141 -14703.0976562 -16268.9111328 -15478.9199219 -14565.0039062 -16117.0117188 -14219.7695312 -14608.6230469
-16508.1503906 -16369.9697266 -17503.9296875 -16849.9375000 -16297.5380859 -17336.8847656 -16001.0341797 -16424.7421875
-15594.1015625 -15259.9628906 -17005.8632812 -16010.8906250 -15098.8007812 -16714.5957031 -14911.9326172 -15408.7343750
-15660.1494141 -15523.4941406 -16795.9062500 -15983.8505859 -15398.6943359 -16617.7402344 -15089.4521484 -15477.8886719
-15417.8544922 -15283.2939453 -16671.3261719 -15828.8964844 -15005.8466797 -16484.3730469 -14795.9580078 -15343.0302734
-17288.8359375 -16914.6035156 -18334.6445312 -17614.6464844 -16834.1074219 -18226.5585938 -16729.3359375 -17126.3300781
-16207.6025391 -16017.3564453 -17617.2050781 -16652.7558594 -15820.2031250 -17393.0683594 -15666.7763672 -16014.1982422
-17756.7343750 -17512.2246094 -18764.6406250 -18027.9335938 -17562.6640625 -18558.5292969 -17318.9023438 -17709.1601562
-16398.0449219 -16260.0136719 -17571.9882812 -16821.2089844 -16207.6601562 -17486.1718750 -16010.3427734 -16347.6708984
-17214.4433594 -17126.3320312 -18254.5566406 -17619.2871094 -17235.4082031 -18187.4335938 -17087.0234375 -17126.1718750
-16834.6972656 -16459.4179688 -17752.3652344 -17085.7812500 -16215.0615234 -17585.7656250 -15999.0830078 -16499.4257812
-17461.4335938 -17127.6015625 -18407.4414062 -17789.6269531 -17146.7246094 -18280.7031250 -17024.7187500 -17288.3398438
-17462.1015625 -17433.5097656 -18421.1738281 -17814.5683594 -17409.9433594 -18236.2558594 -17235.6230469 -17396.2128906
-17037.1757812 -16945.7519531 -18109.1953125 -17425.5625000 -16667.7050781 -17892.6093750 -16421.0097656 -16993.5781250
-16729.0468750 -16637.0195312 -17251.1406250 -16762.7070312 -16435.1503906 -17064.0156250 -16343.0458984 -16626.3769531
-17631.7558594 -17716.7597656 -18499.6308594 -17709.0742188 -18078.1230469 -18304.2832031 -17791.7460938 -17467.8457031
-16481.1992188 -16375.3437500 -17737.4218750 -16889.3808594 -16732.8046875 -17476.3906250 -16484.2832031 -16332.9804688
-16442.9140625 -16724.5292969 -17682.9238281 -17025.0195312 -17055.5097656 -17382.1992188 -16797.6972656 -16178.6806641
-15908.1337891 -15808.5009766 -17385.9707031 -16467.1054688 -16215.2949219 -17119.8203125 -15811.8027344 -15672.0537109
-16663.0839844 -16788.2734375 -17640.8339844 -16995.6972656 -17179.7519531 -17448.4707031 -16693.8652344 -16491.5136719
-15740.8857422 -15687.3974609 -16964.2636719 -16209.6347656 -16079.7441406 -16835.4863281 -15762.9658203 -15525.8740234
-16563.9023438 -16695.8632812 -17908.1113281 -17237.4804688 -17010.8261719 -17701.2832031 -16817.0761719 -16354.7539062
-16507.5644531 -16117.3964844 -17581.2714844 -16778.0234375 -16271.3486328 -17292.3378906 -16027.4306641 -16274.5869141
-17051.2656250 -16918.7500000 -18038.4394531 -17241.3828125 -17310.0117188 -17777.5175781 -17076.6953125 -16710.3906250
-15891.8466797 -16106.9003906 -17039.5976562 -16091.8808594 -16226.2314453 -16962.6718750 -16093.0351562 -15687.6884766
-15944.3945312 -15787.2216797 -17236.8222656 -16369.4482422 -16333.9150391 -16810.5781250 -16027.7031250 -15814.1796875
-16756.5253906 -16713.0429688 -17849.2597656 -16952.0175781 -16883.5859375 -17795.6132812 -16693.0156250 -16616.0683594
-17553.0917969 -17699.0625000 -18445.3164062 -17918.2187500 -18042.7597656 -18303.4804688 -17792.2148438 -17335.5957031
-16628.9160156 -16638.8144531 -17808.4843750 -16909.2578125 -17038.4160156 -17570.7949219 -16807.7890625 -16371.2167969
-18538.9414062 -18790.0371094 -19133.5898438 -18483.0800781 -18980.8984375 -19037.1914062 -18769.4941406 -18577.2910156
-15826.7412109 -15844.1015625 -16974.8203125 -16191.7792969 -16149.9150391 -16906.1425781 -15868.6640625 -15678.9531250
-16726.3710938 -16979.4394531 -17602.0371094 -16788.1777344 -17379.3417969 -17487.2421875 -17221.0527344 -16650.5937500
-16833.4218750 -16863.9882812 -17847.9199219 -17228.3691406 -17268.8808594 -17596.1015625 -16983.8027344 -16595.1113281
-17687.9453125 -17687.3925781 -18681.9062500 -18111.1855469 -18181.2324219 -18564.4472656 -17800.6718750 -17411.9687500
-16941.2441406 -16913.2851562 -17830.3242188 -17154.5800781 -17301.5371094 -17660.6992188 -16924.3984375 -16696.1640625
-16295.7138672 -15805.3779297 -17665.4453125 -16795.5566406 -16599.7187500 -17429.6660156 -16210.6669922 -16136.9658203
-15899.2880859 -15228.7773438 -17154.2500000 -16312.5439453 -15950.8173828 -17010.6406250 -15551.7480469 -15599.7929688
-16001.5058594 -15386.0556641 -17097.6093750 -16305.7080078 -16049.4707031 -17001.7851562 -15621.0810547 -15810.9775391
-17887.6523438 -17408.7226562 -18705.5273438 -18103.6289062 -17975.1777344 -18605.8125000 -17750.3183594 -17725.8261719
-17203.1093750 -16939.1328125 -18175.9121094 -17507.1132812 -17115.7421875 -18014.0175781 -16916.7226562 -17109.5976562
-15953.0937500 -15379.6953125 -17292.0039062 -16586.8300781 -16081.8017578 -17170.8007812 -15852.3623047 -15783.5292969
-16678.7050781 -16403.6523438 -17694.2031250 -17041.0781250 -16607.5332031 -17672.3847656 -16259.4072266 -16566.9199219
-16621.8476562 -16044.9160156 -17669.9550781 -16917.1855469 -16715.1054688 -17532.3085938 -16339.2597656 -16397.4765625
-18746.3574219 -18320.5859375 -19414.7929688 -18835.8457031 -18411.8652344 -19298.7558594 -18249.3046875 -18483.0390625
-16758.3300781 -16529.3281250 -17959.7539062 -17153.2011719 -16893.1328125 -17811.4550781 -16637.4726562 -16707.4218750
-17437.4941406 -17025.2363281 -18375.5781250 -17733.6582031 -17544.7558594 -18189.3593750 -17265.8476562 -17177.4003906
-17886.3847656 -17365.4824219 -18765.5000000 -18160.7187500 -17832.7890625 -18687.7617188 -17603.9003906 -17645.2402344
-18379.7343750 -17981.2890625 -19100.3867188 -18549.5449219 -18348.3144531 -18970.8710938 -18080.5214844 -18273.2480469
-18861.8125000 -19250.6503906 -18447.4218750 -18391.5468750 -19458.2949219 -17943.9375000 -19271.2812500 -18952.2070312
-18773.0390625 -18649.3125000 -19592.9941406 -18974.7812500 -18526.6191406 -19412.4941406 -18411.5507812 -18720.3828125
-19455.5527344 -19924.1835938 -19183.4277344 -19135.1269531 -20157.1718750 -18928.9902344 -19970.8632812 -19631.0097656
-18806.4472656 -18357.2558594 -19461.0859375 -18944.4218750 -18880.8515625 -19362.7949219 -18561.0058594 -18620.7265625
-19078.0058594 -18818.8242188 -19846.1679688 -19311.8203125 -19193.0195312 -19764.8925781 -18955.9140625 -19036.9843750
-18479.0136719 -18936.5996094 -18569.1992188 -18307.0468750 -19095.8593750 -18146.8105469 -18979.1074219 -18658.7246094
-18394.5625000 -17872.4101562 -19278.4199219 -18559.1484375 -18326.5195312 -19170.5429688 -18183.7890625 -18249.8281250
-18052.5390625 -17828.6875000 -18887.4101562 -18379.7460938 -17837.7539062 -18800.2949219 -17629.4355469 -17912.4101562
-18099.3515625 -18266.7792969 -18681.0117188 -18163.6679688 -18469.5097656 -18499.7402344 -18182.7363281 -18061.0664062
-17885.4003906 -17623.7070312 -18798.7070312 -18163.3593750 -17572.7753906 -18688.0117188 -17421.1777344 -17655.2871094
-19184.9609375 -18931.3378906 -19884.8320312 -19344.3535156 -19318.0468750 -19697.7539062 -19106.4843750 -19104.7617188
-18717.8300781 -19057.3378906 -18880.4726562 -18538.7792969 -19176.7109375 -18457.0312500 -18936.9941406 -18734.0214844
-17764.6425781 -17872.0722656 -17945.7597656 -17526.1328125 -17948.9667969 -17678.2285156 -17751.0878906 -17737.1972656
-18879.7539062 -19270.1523438 -18611.4355469 -18509.6835938 -19383.3437500 -18135.9238281 -19171.3105469 -18997.3730469
-18730.1406250 -18272.0097656 -19486.1992188 -18925.9843750 -18673.4316406 -19376.6777344 -18499.7812500 -18575.7968750
-18635.2070312 -18130.2792969 -19456.7246094 -18558.5859375 -18556.2636719 -19360.6601562 -18409.3085938 -18432.8964844
-17878.8359375 -17739.3574219 -18894.8222656 -18258.9140625 -17692.5156250 -18717.8964844 -17462.6699219 -17772.3164062
-17109.4765625 -16749.3632812 -18313.6796875 -17558.3398438 -17250.3378906 -18035.1738281 -17053.0683594 -17067.5253906
-18767.9746094 -18477.1718750 -19461.4042969 -18727.3632812 -18489.4375000 -19333.8496094 -18400.2343750 -18626.7929688
-18951.4179688 -19474.1054688 -18567.6113281 -18447.0312500 -19583.2792969 -18095.9238281 -19378.5039062 -19107.5195312
-18274.2988281 -18818.4082031 -17900.3964844 -17910.9375000 -18915.8457031 -17591.5039062 -18731.3945312 -18407.8007812
-18069.2929688 -17603.3750000 -18901.0742188 -18437.2597656 -18182.0937500 -18800.1816406 -17971.1386719 -18036.1074219
-17805.3125000 -17507.9355469 -18770.1054688 -18069.2226562 -17960.1308594 -18609.4433594 -17679.2285156 -17800.3027344
-17261.8593750 -16822.7226562 -18323.5410156 -17629.2695312 -17370.7675781 -18130.4941406 -17137.1171875 -17113.7011719
-18977.1074219 -19334.1347656 -18692.2500000 -18633.4453125 -19581.0859375 -18240.6835938 -19368.3515625 -19148.5976562
