-16713.0605469 -16953.2480469 -17640.3632812 -17104.8359375 -17218.7460938 -17462.8906250 -17018.6660156 -16689.2929688
-17516.0175781 -17619.0917969 -18446.6562500 -17851.8457031 -18010.8593750 -18287.6308594 -17709.7148438 -17531.5898438
-16432.9179688 -16673.1542969 -17400.9062500 -16863.7402344 -16979.1894531 -17301.0312500 -16741.6621094 -16461.0585938
-17446.1542969 -17772.9921875 -17988.5097656 -17585.9042969 -18035.4707031 -17886.4882812 -17744.7011719 -17436.6074219
-15756.6630859 -16051.6884766 -16783.6953125 -16241.9160156 -16360.9140625 -16668.7128906 -16110.9921875 -15859.2949219
-16143.3691406 -16495.8554688 -17245.8046875 -16483.4941406 -16724.0937500 -16825.9023438 -16450.5332031 -16279.4228516
-16219.0751953 -16840.2792969 -17297.2753906 -16720.5800781 -17127.8164062 -17033.0449219 -16904.2597656 -16397.8535156
-16050.5791016 -16282.0791016 -17172.0878906 -16406.5253906 -16669.7890625 -16844.8984375 -16337.6005859 -16026.8281250
-16083.3574219 -16364.9033203 -17331.3144531 -16509.9863281 -16618.5625000 -16931.8984375 -16413.7871094 -15836.6484375
-16121.3945312 -16409.6601562 -17195.0742188 -16518.6210938 -16847.4453125 -17125.7675781 -16411.1093750 -16342.5830078
-16086.8876953 -16324.3544922 -17116.5976562 -16401.7285156 -16551.7695312 -16893.3613281 -16259.6865234 -16105.2763672
-16183.3320312 -16575.9179688 -16960.9511719 -16429.2265625 -16744.3125000 -16790.4082031 -16705.9980469 -16280.4609375
-17506.3632812 -17719.6875000 -18453.8359375 -17806.0742188 -17855.3496094 -18060.5253906 -17762.7539062 -17603.3027344
-16473.3085938 -16903.3613281 -17191.3945312 -16694.3535156 -17042.0351562 -16947.8320312 -16852.8515625 -16521.8730469
-15922.3359375 -16221.5048828 -16837.3457031 -16223.0292969 -16471.0742188 -16534.1230469 -16263.8896484 -16011.1337891
-16135.3974609 -16563.0761719 -17228.3867188 -16586.2109375 -16710.5957031 -17029.6933594 -16427.7539062 -16293.0380859
-16413.4433594 -16727.4238281 -17301.9609375 -16717.8437500 -16889.6562500 -17076.1191406 -16654.3320312 -16296.0966797
-16020.4677734 -16391.0722656 -16859.1503906 -16362.3916016 -16588.2636719 -16539.7402344 -16350.4150391 -15997.7089844
-16669.1914062 -17074.3867188 -17664.7929688 -16863.0781250 -17190.3828125 -17487.6308594 -16977.9394531 -16548.4179688
-16259.2509766 -16622.9921875 -17236.5273438 -16573.9042969 -16919.7812500 -17067.3515625 -16704.6894531 -16433.2109375
-16215.0029297 -16832.6718750 -17161.2167969 -16597.0546875 -16975.0410156 -16981.1328125 -16738.0410156 -16486.1542969
-15144.3085938 -15709.4013672 -16224.3603516 -15552.6132812 -15926.5683594 -16068.1728516 -15730.1962891 -15324.1855469
-15429.4580078 -15867.7500000 -16519.1582031 -15671.5664062 -16241.0820312 -16132.1503906 -15904.4296875 -15404.1855469
-16327.9794922 -16759.2089844 -17415.5644531 -16687.4746094 -16987.5957031 -17140.8750000 -16635.4648438 -16480.0917969
-16442.9667969 -16882.0371094 -17305.1230469 -16689.0605469 -17154.1894531 -17116.5429688 -16979.1640625 -16618.2558594
-16041.3701172 -16592.6308594 -16893.5996094 -16432.8066406 -16730.9902344 -16745.6250000 -16485.6367188 -16194.4101562
-16518.7421875 -17044.1464844 -17564.1621094 -17013.6210938 -17318.9277344 -17302.5917969 -17143.6679688 -16753.5957031
-16705.3359375 -17014.1386719 -17648.7578125 -16973.3613281 -17350.2558594 -17344.9667969 -17093.9882812 -16676.5742188
-16699.4277344 -17116.7812500 -17563.7031250 -16992.1464844 -17459.8593750 -17440.3046875 -17163.3496094 -16881.7714844
-16402.0820312 -16855.1796875 -17550.8964844 -16810.2617188 -17203.1464844 -17239.8281250 -16982.9707031 -16674.7812500
-16931.4980469 -17069.3671875 -17692.1093750 -17095.9023438 -17342.2343750 -17369.9941406 -17224.4414062 -16941.7714844
-16947.0839844 -17497.2441406 -17634.5605469 -17205.5019531 -17787.8398438 -17429.0937500 -17556.0332031 -17183.2050781
-17168.7031250 -17450.1562500 -17968.7519531 -17500.6015625 -17646.2324219 -17928.1679688 -17405.4980469 -17246.0937500
-16499.5449219 -16627.8925781 -17597.3144531 -16863.9746094 -16908.3867188 -17394.6250000 -16781.5429688 -16348.6376953
-16808.9218750 -17755.2812500 -17452.4980469 -17129.9199219 -17856.1855469 -17175.9941406 -17695.1855469 -17350.0175781
-16462.3437500 -16709.4785156 -17514.7832031 -16858.1074219 -17079.0312500 -17214.7441406 -16733.3750000 -16568.9824219
-16718.6445312 -17057.1679688 -17668.9921875 -17120.0722656 -17344.5820312 -17496.9804688 -17045.6582031 -16654.2734375
-16759.0585938 -17148.6855469 -17657.6699219 -17036.8027344 -17469.1289062 -17497.1855469 -17127.6035156 -16902.0976562
-16389.6425781 -16705.3300781 -17217.2187500 -16605.2558594 -17046.3808594 -17071.2207031 -16800.7792969 -16523.0292969
-16462.2890625 -16788.7050781 -17423.9062500 -16744.6933594 -16979.7031250 -17205.9960938 -16767.3789062 -16474.3789062
-17350.8320312 -17563.5664062 -18303.9531250 -17768.8906250 -17897.3906250 -18133.8769531 -17602.1621094 -17362.8984375
-17423.0644531 -17540.5898438 -18448.5097656 -17804.8281250 -17896.0722656 -18179.0117188 -17638.1933594 -17335.9687500
-18015.1835938 -18059.1523438 -18856.5546875 -18301.0117188 -18383.1777344 -18670.4453125 -18156.8691406 -17977.8125000
-17241.5605469 -17470.8906250 -18084.8437500 -17431.2285156 -17670.8222656 -17848.0644531 -17538.0410156 -17376.9589844
-16364.7548828 -16509.4023438 -17237.4941406 -16631.8632812 -16861.3398438 -17035.5429688 -16535.3496094 -16340.1425781
-17099.3066406 -17381.6796875 -18186.0117188 -17348.2480469 -17649.7050781 -17961.3710938 -17512.7597656 -17198.2402344
-17173.2265625 -17675.7539062 -17595.8906250 -17237.1835938 -17865.3945312 -17306.2597656 -17765.9042969 -17079.8320312
-17043.3144531 -17345.7304688 -17805.3808594 -17368.8632812 -17723.2656250 -17678.1660156 -17473.1347656 -17118.7714844
-16261.5078125 -16701.5820312 -17303.0781250 -16710.0664062 -16876.8964844 -17135.0097656 -16687.7851562 -16478.0761719
-16714.9277344 -16894.1777344 -17767.7402344 -16934.3906250 -17205.8886719 -17568.1660156 -16900.4257812 -16725.7519531
-17048.4882812 -17066.6484375 -17957.4082031 -17319.7949219 -17386.2246094 -17822.3652344 -17085.6640625 -16824.7519531
-17016.8574219 -17355.2402344 -17822.1718750 -17197.9941406 -17396.6445312 -17606.6113281 -17302.0937500 -16994.1640625
-16985.1406250 -17501.0839844 -17868.1035156 -17259.9882812 -17704.3496094 -17583.5058594 -17541.7558594 -17069.8046875
-17734.7226562 -18371.6992188 -18289.8925781 -17862.3945312 -18405.0820312 -17906.1992188 -18243.8027344 -18037.7031250
-17246.1269531 -17236.6699219 -18065.2246094 -17429.0781250 -17687.4863281 -17926.1132812 -17288.9121094 -17173.9355469
-16988.5996094 -17211.7343750 -17843.5449219 -17321.2890625 -17487.7421875 -17640.5976562 -17266.0351562 -16905.6347656
-17278.6386719 -17444.1933594 -17964.9453125 -17564.2675781 -17690.2226562 -17868.4941406 -17518.9511719 -17235.9550781
-16821.6425781 -17105.1894531 -17653.3945312 -17099.5839844 -17427.4433594 -17516.0058594 -17116.9765625 -16711.0468750
-16928.6308594 -17287.7695312 -17674.1269531 -17029.5527344 -17555.3105469 -17132.4179688 -17382.5957031 -17018.0292969
-16581.7890625 -16842.6718750 -17619.8730469 -17042.3750000 -17229.4550781 -17508.1484375 -16909.6640625 -16492.6816406
-16470.0878906 -16877.4433594 -17276.6269531 -16620.6132812 -17081.5957031 -16999.4492188 -16872.6601562 -16478.1113281
-16499.4023438 -16869.6757812 -17277.4882812 -16746.0332031 -16963.5117188 -17083.7753906 -16834.3066406 -16530.3027344
-16790.2460938 -17153.4316406 -17639.1875000 -17063.3535156 -17450.5214844 -17413.8378906 -17356.9394531 -16798.5078125
-16589.1093750 -16863.3027344 -17334.7968750 -16945.1230469 -17078.2988281 -17136.1347656 -16890.0859375 -16591.0488281
-16910.9609375 -17097.7675781 -17610.4375000 -17030.4082031 -17462.1875000 -17481.3300781 -17267.6210938 -16945.5546875
-16930.4609375 -17638.3613281 -17121.3828125 -16639.9550781 -17878.4238281 -16915.1816406 -17534.8457031 -17231.7421875
-16653.5273438 -17108.2675781 -16806.2128906 -16316.3203125 -17592.8632812 -16665.1367188 -17219.1875000 -16881.9843750
-16731.3789062 -17164.9355469 -16908.5000000 -16449.7031250 -17335.4511719 -16685.5312500 -17096.1347656 -16900.4980469
-17416.2734375 -17923.2304688 -17402.6425781 -17024.8886719 -18082.2265625 -17307.6191406 -17879.7812500 -17636.9023438
-16879.2539062 -17216.6347656 -16940.7011719 -16277.6689453 -17511.1875000 -16774.6582031 -17222.9609375 -16941.2871094
-16621.3359375 -17288.6894531 -16965.3164062 -16318.0966797 -17359.7070312 -16819.0703125 -17098.2382812 -16885.1855469
-16915.1464844 -17280.1679688 -17024.9160156 -16379.5019531 -17394.4101562 -16833.6757812 -17203.4316406 -17138.7031250
-15594.9755859 -15986.3144531 -16367.4228516 -15564.6054688 -16212.4394531 -16145.1308594 -16036.1406250 -15723.3349609
-16992.5390625 -17371.8652344 -17364.3261719 -16600.9570312 -17368.9472656 -17088.0722656 -17262.8378906 -17163.6953125
-17435.5156250 -17752.1777344 -17459.6210938 -16869.9277344 -17984.9746094 -17289.7246094 -17732.2617188 -17584.5390625
-16514.3281250 -17117.9316406 -16924.3437500 -16384.8984375 -17401.5937500 -16667.8789062 -17124.8398438 -16827.6992188
-18328.0722656 -18833.5937500 -17350.5800781 -17810.8730469 -18960.9003906 -17836.3906250 -18862.5917969 -18506.1699219
-17221.0195312 -17676.1308594 -16755.1640625 -16826.0097656 -17892.3593750 -16661.1621094 -17712.6152344 -17236.2832031
-17991.7753906 -18497.5605469 -17611.8125000 -17811.8769531 -18578.8183594 -17623.1855469 -18434.6171875 -18213.3476562
-19016.8242188 -19538.3847656 -18400.3886719 -18776.8437500 -19532.3027344 -18480.5703125 -19461.3144531 -19160.3789062
-16663.8613281 -16563.9238281 -17616.0781250 -16976.2656250 -16333.0712891 -17363.8789062 -16256.3378906 -16664.3710938
-17159.2187500 -16613.6152344 -18144.3730469 -17452.3984375 -17065.3886719 -17895.5136719 -16897.9570312 -17012.5781250
-17669.9023438 -17571.7910156 -18560.0273438 -18017.1660156 -17257.9902344 -18344.4550781 -17170.6347656 -17521.0273438
-17397.9062500 -17042.4570312 -18262.1777344 -17746.9023438 -17736.6250000 -18151.7031250 -17443.7148438 -17329.0410156
-16373.3818359 -15991.4970703 -17418.3769531 -16549.9980469 -16373.6044922 -16956.3261719 -16205.7333984 -16113.2304688
-16310.3984375 -16017.0410156 -17433.8164062 -16648.2363281 -16424.9082031 -17046.9433594 -16259.2968750 -16289.3173828
-17121.8730469 -16598.9609375 -17979.2636719 -17283.2324219 -17284.1074219 -17869.6816406 -16998.4492188 -16877.5937500
-17198.3671875 -17010.7695312 -18135.7304688 -17424.9082031 -17046.4882812 -17868.7929688 -16858.8242188 -17074.7421875
-16344.4277344 -16225.2666016 -17415.9277344 -16681.7988281 -16732.7089844 -17158.6054688 -16465.9375000 -16257.0380859
-17121.9062500 -16571.5820312 -18131.7519531 -17473.7031250 -17208.8984375 -18058.7597656 -16937.7460938 -17032.5761719
-17019.3847656 -16435.2011719 -17978.0976562 -17234.5703125 -17134.7656250 -17671.0410156 -16802.4394531 -16678.5136719
-16546.1230469 -16090.9052734 -17597.9628906 -16950.9511719 -16655.9667969 -17476.2558594 -16375.1455078 -16472.3886719
-15906.7460938 -15462.5644531 -16960.8359375 -16248.3203125 -16138.8271484 -16763.0859375 -15756.3505859 -15851.2177734
-16283.8779297 -15923.9746094 -17376.9882812 -16643.4238281 -16430.1914062 -17210.2500000 -16084.3750000 -16161.7910156
-15863.0947266 -15721.5214844 -16953.9199219 -16245.5273438 -15577.8544922 -16782.8085938 -15322.3857422 -15824.1943359
-16811.7890625 -16886.1230469 -17737.8105469 -17118.8828125 -16580.3242188 -17483.6230469 -16445.3964844 -16769.8593750
-17719.8730469 -17116.6953125 -18422.4687500 -17777.9980469 -17798.7207031 -18246.1757812 -17474.3750000 -17436.3613281
-16780.7480469 -16133.9960938 -17970.1464844 -17154.0546875 -16791.3261719 -17705.9355469 -16454.0917969 -16647.3164062
-17428.6796875 -17283.7460938 -18520.7480469 -17693.1113281 -17261.4355469 -18219.6152344 -17063.7226562 -17366.6054688
-16584.1035156 -16381.9091797 -17588.7695312 -16920.1757812 -16763.4218750 -17442.3320312 -16461.2597656 -16510.8339844
-16821.5937500 -16650.1269531 -18016.3808594 -17259.4941406 -16441.9082031 -17778.4863281 -16230.6367188 -16805.3554688
-15317.7363281 -14829.9423828 -16428.0507812 -15784.7207031 -15592.3847656 -16116.6875000 -15273.3261719 -15292.8457031
-15114.2255859 -14559.6093750 -16552.2871094 -15675.1689453 -15246.1220703 -16385.9394531 -14920.7763672 -15023.9384766
-15655.6914062 -15539.0888672 -16952.0019531 -16221.1074219 -15358.6933594 -16752.9687500 -15174.9326172 -15672.7587891
-16883.8886719 -16790.3085938 -18016.4628906 -17284.3867188 -16685.3125000 -17775.3378906 -16514.0273438 -16806.9218750
-16599.2148438 -16161.9638672 -17809.9121094 -17091.6425781 -16660.3203125 -17632.7617188 -16311.1015625 -16443.1542969
-16673.1152344 -16156.0976562 -17707.0078125 -17010.4023438 -16643.2187500 -17571.7226562 -16287.4453125 -16416.5175781
-17359.1640625 -16848.9160156 -18183.5898438 -17562.8261719 -17480.7929688 -18003.5566406 -17143.9394531 -17171.3632812
-16457.7285156 -15923.4003906 -17476.9492188 -16824.2207031 -16620.7949219 -17242.9003906 -16207.6640625 -16381.1650391
-16433.7617188 -16153.6660156 -17439.1367188 -16609.7265625 -16234.8144531 -17097.5527344 -15939.2773438 -16223.0458984
-16089.4003906 -15313.2822266 -17239.9296875 -16315.7197266 -16050.9365234 -16951.1523438 -15778.5585938 -15838.5361328
-16168.5615234 -15463.5869141 -17240.2421875 -16461.4433594 -16143.7050781 -17163.5546875 -15763.0341797 -15914.3251953
-15496.0878906 -15045.0029297 -16711.4257812 -15806.2695312 -15572.7050781 -16501.2421875 -15297.4765625 -15406.3974609
-17007.5234375 -16719.8652344 -17924.5332031 -17173.1640625 -16959.4335938 -17660.7656250 -16747.5820312 -16851.9062500
-16718.6445312 -16307.1474609 -17723.7148438 -17048.2226562 -16384.8945312 -17480.6816406 -16248.8945312 -16564.7695312
-15470.7109375 -14970.4648438 -17082.1914062 -16147.2890625 -15592.1865234 -16842.7187500 -15270.3320312 -15277.1425781
-16524.9492188 -16159.8750000 -17361.3535156 -16719.8339844 -16626.2480469 -17207.6250000 -16349.1503906 -16344.2529297
-16211.0117188 -15891.1826172 -17243.8339844 -16517.1171875 -15787.6650391 -17071.1757812 -15643.6767578 -16060.1220703
-15422.9882812 -15201.4404297 -16496.7988281 -15748.4960938 -15316.1357422 -16319.6992188 -15000.9931641 -15316.9062500
-15677.5615234 -15514.4775391 -16916.7421875 -16117.9511719 -15432.0029297 -16652.1503906 -15248.9902344 -15532.9121094
-17544.0527344 -17080.7792969 -18469.1894531 -17810.9804688 -17675.3632812 -18323.5800781 -17470.8867188 -17416.6660156
-15566.1230469 -15169.0927734 -16760.1523438 -15856.3398438 -15728.6972656 -16497.8730469 -15464.9345703 -15336.8349609
-17875.9472656 -17399.9589844 -18731.6308594 -18086.6835938 -17965.5410156 -18599.0839844 -17616.5058594 -17627.0683594
-17881.9746094 -17664.7011719 -18842.5761719 -18237.6816406 -17477.3750000 -18642.2851562 -17341.6718750 -17844.6132812
-17307.9394531 -17023.3261719 -18172.7050781 -17453.4453125 -16920.0078125 -17867.1269531 -16857.2832031 -17093.9375000
-18032.5898438 -17524.0292969 -18936.1894531 -18271.9824219 -18106.2988281 -18741.0136719 -17929.4316406 -17913.5917969
-16083.0273438 -15482.9550781 -17195.4980469 -16364.9785156 -16066.7324219 -16934.4355469 -15844.3916016 -15840.6923828
-16747.8320312 -16379.8740234 -18007.9687500 -17116.6621094 -16861.1347656 -17720.0957031 -16524.8535156 -16615.6875000
-17192.5156250 -16989.0117188 -18051.2421875 -17451.8300781 -16837.0566406 -17807.9121094 -16772.5097656 -17104.3710938
-16835.7187500 -16893.2714844 -17835.9453125 -17218.9863281 -16666.1035156 -17668.6132812 -16471.8906250 -16823.2031250
-19037.0546875 -18763.0214844 -19857.3750000 -19307.3144531 -19139.1679688 -19623.3691406 -18916.0625000 -18938.2226562
-17051.5781250 -16749.3242188 -18063.5898438 -17398.4648438 -17292.1347656 -17917.7363281 -16980.4609375 -16930.4316406
-17297.1894531 -16996.9785156 -18198.8203125 -17522.7226562 -17078.6503906 -18021.4296875 -16889.5097656 -17090.0371094
-16183.4433594 -15603.2294922 -17250.7460938 -16421.5781250 -16388.5039062 -17052.8593750 -16019.7451172 -15853.7451172
-15986.6123047 -15612.5634766 -17137.7011719 -16301.0673828 -16058.0781250 -17011.7929688 -15841.2802734 -15908.8232422
-18713.6582031 -18366.7597656 -19371.9179688 -18956.0468750 -18922.4277344 -19317.7226562 -18660.7382812 -18660.8281250
-16908.2734375 -16437.7128906 -18062.4492188 -17362.2675781 -17085.7148438 -17803.7285156 -16822.4003906 -16893.1914062
-16704.6953125 -16470.5332031 -17632.7792969 -16961.3945312 -16154.8525391 -17507.3320312 -16186.2773438 -16451.8828125
-16078.0683594 -16069.9492188 -17166.3515625 -16311.7871094 -15865.7470703 -16806.7753906 -15675.3115234 -16000.4814453
-16978.9257812 -16834.2050781 -17918.3007812 -17349.2714844 -16692.4335938 -17801.5312500 -16638.7441406 -16950.3085938
-16718.5117188 -16400.6015625 -17890.7832031 -17114.1152344 -16396.2421875 -17619.3984375 -16126.5595703 -16551.6640625
-16651.3593750 -16331.2001953 -17671.7070312 -16944.5703125 -16431.9785156 -17336.3457031 -16237.5917969 -16496.6386719
-16898.2382812 -16325.7070312 -17979.8750000 -17152.8867188 -16797.2246094 -17744.6894531 -16548.3828125 -16691.5000000
-17819.2949219 -17668.2285156 -18601.5878906 -18059.3378906 -17512.4726562 -18320.3203125 -17514.3359375 -17667.0058594
-16612.4531250 -16405.3828125 -17768.8027344 -17073.5273438 -16825.8632812 -17547.8398438 -16612.2597656 -16641.8828125
-17203.9550781 -16690.1601562 -18175.9589844 -17470.9765625 -17191.2734375 -17911.6484375 -16875.7656250 -16994.0039062
-15619.0654297 -15058.3496094 -16744.8515625 -16088.4619141 -15849.6933594 -16694.2597656 -15584.8554688 -15538.7470703
-17069.9531250 -16923.2988281 -18069.2929688 -17450.1035156 -16858.8867188 -17884.6582031 -16690.2617188 -16962.1640625
-17689.8007812 -17341.3164062 -18555.4453125 -17939.3281250 -17792.9042969 -18331.4472656 -17667.5097656 -17543.7871094
-16185.1630859 -15916.0292969 -17282.9707031 -16476.5000000 -15920.4902344 -17107.8632812 -15798.5244141 -16067.9238281
-17135.6835938 -16543.6562500 -17963.4511719 -17336.4804688 -17193.8789062 -17772.7382812 -16911.9980469 -16993.1308594
-17420.9335938 -17015.3925781 -18488.6699219 -17828.9023438 -17370.2109375 -18314.0253906 -17134.9882812 -17315.6152344
-16831.2402344 -16504.2519531 -17768.3046875 -17150.5820312 -16465.5566406 -17651.9023438 -16353.8916016 -16680.5898438
-16238.4677734 -16882.8164062 -16844.4472656 -16227.1582031 -16939.1621094 -16556.1914062 -16764.4648438 -16471.3847656
-17863.6777344 -18239.4199219 -18266.1171875 -17745.7265625 -18376.3789062 -18118.8027344 -18225.8007812 -17989.4843750
-17391.7148438 -17858.2636719 -17066.7675781 -17067.1757812 -18213.5058594 -16743.9277344 -17948.8242188 -17636.3710938
-17306.0625000 -17740.1347656 -17375.8339844 -16875.1308594 -18021.7441406 -17158.9667969 -17869.2773438 -17487.4082031
-16240.9160156 -16623.8359375 -16697.5058594 -15864.3291016 -16780.1015625 -16392.8378906 -16618.9511719 -16522.1914062
-17572.1601562 -17978.7441406 -17750.6503906 -17255.7578125 -18258.4394531 -17704.4707031 -17987.6875000 -17776.3359375
-17085.3867188 -17425.5664062 -17392.5585938 -16838.5351562 -17623.7148438 -17179.6660156 -17435.0761719 -17269.1640625
-17039.1230469 -17617.2753906 -17130.8593750 -16621.9082031 -17774.9550781 -16988.0117188 -17571.6933594 -17207.9843750
-17046.4257812 -17396.6367188 -17524.4882812 -17039.9648438 -17419.0957031 -17268.9433594 -17286.2128906 -17215.1933594
-17683.6054688 -18333.5058594 -17385.9980469 -17327.2558594 -18404.4472656 -16929.8203125 -18293.5507812 -18025.0820312
-16978.7460938 -17445.5000000 -17047.1562500 -16610.1210938 -17775.0214844 -16957.1464844 -17515.0371094 -17227.7500000
-16729.0996094 -16478.8281250 -17677.5097656 -17041.2187500 -16435.3222656 -17596.0898438 -16331.6191406 -16605.4472656
-17370.7207031 -17380.7910156 -18337.1621094 -17622.8808594 -17354.9082031 -18036.5019531 -17153.1679688 -17295.4472656
-17611.0195312 -17599.0605469 -18245.4648438 -17691.9726562 -17502.7500000 -17926.9218750 -17402.3769531 -17439.9394531
-17408.8378906 -17275.2109375 -18284.5820312 -17645.4570312 -17272.3574219 -17978.0039062 -17160.6875000 -17313.1757812
-16889.2539062 -16660.0957031 -17812.7929688 -17113.9707031 -16637.4296875 -17436.5664062 -16445.3144531 -16707.7402344
-16477.1386719 -16445.3378906 -17815.7460938 -16899.3437500 -16212.3388672 -17560.9628906 -16209.2119141 -16472.9960938
-16862.9082031 -16814.4746094 -17916.5195312 -17175.6464844 -16613.2363281 -17703.9687500 -16507.4355469 -16819.9882812
-16573.5468750 -16118.6621094 -17535.3417969 -16825.1679688 -16161.1621094 -17385.1503906 -16035.9882812 -16466.8378906
-16717.0859375 -16498.9257812 -17624.0371094 -16959.3886719 -16272.6572266 -17395.0937500 -16220.9560547 -16514.6464844
-16667.0312500 -16448.4453125 -17742.3203125 -17074.1699219 -16421.4199219 -17552.2421875 -16087.9248047 -16635.0000000
-17705.7031250 -18145.6562500 -17648.8964844 -17395.1757812 -18362.3339844 -16803.7929688 -18237.7246094 -17876.9863281
-16348.3359375 -16192.6513672 -17415.5468750 -16768.5820312 -16132.9365234 -17295.8496094 -16011.1630859 -16282.8828125
-16313.4814453 -16179.6591797 -17290.1113281 -16685.6171875 -15996.4101562 -17202.3437500 -15720.1455078 -16229.8779297
-17773.2949219 -18311.7187500 -17494.4453125 -17481.8984375 -18403.7519531 -17168.3515625 -18205.9726562 -18042.7910156
-18762.4375000 -19293.0703125 -18450.9921875 -18550.5781250 -19233.1523438 -18338.7382812 -19089.1562500 -18909.2968750
-17597.8320312 -18285.9121094 -17254.2617188 -17352.9765625 -18316.1640625 -17011.5488281 -18195.0000000 -17807.9023438
-17427.9570312 -18078.2929688 -17004.3183594 -17177.9453125 -18102.7617188 -16855.1992188 -17990.7773438 -17628.4199219
-19097.4492188 -19537.3554688 -18717.2148438 -18819.1230469 -19733.3906250 -18646.7597656 -19600.6015625 -19318.0839844
-18547.5527344 -18984.4023438 -18494.1152344 -18404.8808594 -19251.3457031 -18342.4257812 -19048.0644531 -18779.6875000
-19582.1992188 -20009.7636719 -19313.0078125 -19353.4492188 -20016.6113281 -19195.1679688 -19972.1054688 -19716.1718750
-18364.9101562 -18929.8339844 -18052.5507812 -17975.2070312 -18938.9394531 -17759.0996094 -18832.2031250 -18599.4687500
-18440.9140625 -18952.3281250 -18056.4335938 -18135.0488281 -18916.8925781 -17898.4902344 -18818.0761719 -18641.2382812
-18305.8652344 -18867.5917969 -17803.0761719 -17991.1191406 -19028.1796875 -17881.7695312 -18857.1250000 -18446.9726562
-18372.2832031 -18780.2636719 -17925.1875000 -18002.5234375 -18955.6269531 -17679.0449219 -18871.3398438 -18514.2480469
-18356.4746094 -18968.4960938 -18226.2148438 -18126.6640625 -19120.6503906 -17938.9843750 -18949.2812500 -18637.7617188
-18596.7753906 -19114.3261719 -18323.4843750 -18481.2910156 -19313.0292969 -18284.2324219 -19112.9628906 -18930.1308594
-18668.2656250 -19175.8281250 -18258.4238281 -18419.8515625 -19377.9550781 -18159.4921875 -19219.8730469 -18791.7578125
-19266.7343750 -19644.6640625 -18986.3144531 -18933.8867188 -19735.1835938 -18806.1914062 -19669.4082031 -19421.8808594
-17631.5703125 -18212.9707031 -17370.8554688 -17389.7929688 -18482.8730469 -17156.2539062 -18148.2714844 -17876.6992188
-18378.4003906 -18972.2050781 -17958.8886719 -17969.8847656 -19024.2070312 -17820.3203125 -18918.5800781 -18569.0136719
-18934.6269531 -19268.5800781 -18753.3984375 -18693.2167969 -19451.8398438 -18643.0527344 -19232.8574219 -19046.1132812
-18872.9003906 -19231.9277344 -18497.3066406 -18600.5898438 -19294.2949219 -18307.5175781 -19310.7148438 -18985.5078125
-15982.1953125 -15838.5019531 -17006.8222656 -16201.7949219 -15542.2216797 -16733.8515625 -15474.4765625 -15818.4990234
-16516.9277344 -16172.2285156 -17489.1328125 -16775.7304688 -16187.6230469 -17296.5195312 -16025.1015625 -16354.8447266
-18781.2597656 -18902.8808594 -19159.4785156 -18790.3300781 -18941.5683594 -18889.6562500 -18796.3417969 -18758.8105469
-18494.8261719 -18392.9140625 -19320.8730469 -18773.8378906 -18221.9199219 -19198.9160156 -18099.6777344 -18333.8261719
-18532.5937500 -18513.7246094 -19247.0117188 -18780.1757812 -18316.5585938 -19135.1640625 -18233.2519531 -18458.7226562
-17039.4199219 -16840.3281250 -17769.1875000 -17088.6191406 -16763.0585938 -17567.5644531 -16695.0957031 -16938.1855469
-17616.0097656 -17445.5996094 -18507.6171875 -17914.5722656 -17231.2382812 -18382.1171875 -17073.9257812 -17544.7167969
-15338.9755859 -14978.5644531 -16539.9765625 -15759.2119141 -15004.4560547 -16173.3759766 -14641.1513672 -15078.8066406
-16699.1113281 -16681.6269531 -17545.5175781 -16977.8925781 -16333.6171875 -17486.9472656 -16288.9287109 -16656.7988281
-15535.8261719 -15285.5839844 -16728.5136719 -15919.8017578 -15273.4863281 -16466.2597656 -15006.3750000 -15337.7714844
-15692.3935547 -15420.6367188 -16853.1093750 -16230.9208984 -15111.8486328 -16630.1542969 -14958.2402344 -15655.9980469
-15492.4414062 -15416.6513672 -16631.9746094 -16053.0019531 -15330.8457031 -16433.5273438 -15075.3945312 -15476.8789062
-17470.0605469 -17332.5000000 -18339.3691406 -17719.4785156 -17116.3730469 -18117.1699219 -17079.5976562 -17403.9785156
-16440.1562500 -16156.2939453 -17529.6640625 -16817.4843750 -16052.6708984 -17186.7519531 -15796.0146484 -16266.7597656
-17555.1484375 -17481.7343750 -18437.2265625 -17775.9648438 -17344.1464844 -18185.7832031 -17201.7382812 -17389.2109375
-16772.2089844 -16518.2695312 -17750.3808594 -16991.2656250 -16450.7480469 -17366.9589844 -16330.6660156 -16539.4101562
-17192.6171875 -16911.5546875 -18316.4296875 -17714.7578125 -17078.1308594 -18201.9882812 -16767.9531250 -17091.1132812
-16532.8437500 -16306.4003906 -17542.4980469 -16887.3222656 -16230.5673828 -17376.9179688 -15954.6347656 -16393.8710938
-17571.9648438 -17250.6816406 -18450.1113281 -17842.3925781 -17316.1132812 -18213.7695312 -17228.3808594 -17422.8125000
-17027.2597656 -16744.2851562 -17986.4355469 -17274.2519531 -16710.5566406 -17783.5703125 -16542.2246094 -16932.0468750
-17064.7382812 -16932.5039062 -18004.5839844 -17338.9042969 -16774.8515625 -17926.0957031 -16575.6503906 -17006.3671875
-16782.4414062 -17084.3671875 -17317.3945312 -16858.6542969 -16907.7734375 -16926.8046875 -16787.0156250 -16828.4433594
-17369.2050781 -17361.9726562 -18472.4179688 -17718.6367188 -17592.0664062 -18180.2851562 -17257.7070312 -17260.7988281
-16463.4472656 -16548.9687500 -17404.1601562 -16762.8730469 -16770.4902344 -17222.8847656 -16632.4980469 -16364.9394531
-15989.4169922 -16111.1845703 -17010.3964844 -16328.8955078 -16378.9462891 -16814.6953125 -16104.6162109 -15726.2343750
-16098.9970703 -15734.5761719 -17195.2343750 -16406.0039062 -16112.6630859 -17048.5527344 -15898.7216797 -15921.4824219
-16547.6894531 -16633.8632812 -17368.0917969 -16732.0195312 -16768.7792969 -17055.6523438 -16673.6796875 -16452.1367188
-16122.3476562 -16177.3095703 -17203.7460938 -16456.0156250 -16482.9296875 -16835.5000000 -16111.7929688 -15841.6650391
-16974.3574219 -17157.7050781 -17934.7988281 -17342.6230469 -17488.5039062 -17676.3183594 -17281.3574219 -16877.8378906
-16383.3183594 -16248.6367188 -17824.7070312 -17000.3496094 -16071.1552734 -17547.6074219 -15943.4453125 -16275.2216797
-16473.3789062 -16539.2773438 -17464.2148438 -16881.5058594 -16850.6250000 -17418.1074219 -16661.9042969 -16397.9218750
-15959.6318359 -16154.6269531 -16950.5136719 -16153.2958984 -16338.9121094 -16576.7773438 -16189.7724609 -15812.0761719
-16085.2294922 -15962.8369141 -17226.9648438 -16323.3076172 -16217.3056641 -17156.3085938 -15971.4130859 -15879.9716797
-16828.3925781 -16793.7226562 -17750.0839844 -16913.0996094 -17254.8320312 -17579.8144531 -16930.9902344 -16716.5605469
-17646.3359375 -17775.0019531 -18568.5292969 -17989.0253906 -17985.0429688 -18364.7949219 -17854.2421875 -17573.5976562
-16450.8769531 -16475.6132812 -17445.5527344 -16838.9375000 -16777.0371094 -17296.4824219 -16498.1699219 -16332.2373047
-18447.9023438 -18620.5917969 -19002.8828125 -18468.7480469 -18847.8828125 -18902.8867188 -18661.7656250 -18336.8457031
-15475.2353516 -15534.6171875 -16500.2207031 -15909.8847656 -15796.5937500 -16375.4121094 -15551.7333984 -15326.3154297
-16504.7187500 -16346.2197266 -17563.2714844 -16781.3730469 -16807.6757812 -17255.5917969 -16491.9843750 -16286.7138672
-16877.2714844 -16848.3710938 -17939.0878906 -17154.4785156 -17147.5917969 -17640.4355469 -16847.5214844 -16702.6640625
-17284.3027344 -17377.8125000 -18151.3007812 -17590.3496094 -17549.2753906 -17889.1171875 -17395.3183594 -17170.7851562
-17077.0566406 -17048.7753906 -17932.9628906 -17205.6621094 -17364.9765625 -17758.2089844 -17096.4667969 -16844.2617188
-16184.2080078 -15649.5117188 -17499.2285156 -16501.6757812 -16194.5859375 -17303.5058594 -15830.4189453 -16062.0908203
-15882.4550781 -15237.5312500 -16898.9511719 -16122.0849609 -15937.8457031 -16664.9277344 -15530.5087891 -15656.8662109
-16085.2832031 -15586.0488281 -17358.1054688 -16515.1093750 -16265.3076172 -17175.9335938 -15853.8662109 -15994.1630859
-17525.2382812 -17170.1660156 -18367.9843750 -17826.0742188 -17616.8027344 -18285.3828125 -17449.1816406 -17463.3613281
-17162.6015625 -16939.9238281 -18076.8320312 -17497.6230469 -16987.3535156 -17888.0644531 -16804.1484375 -17124.7285156
-16078.4296875 -15711.8769531 -17473.6250000 -16584.3750000 -16153.7656250 -17242.3183594 -15811.0634766 -15994.1220703
-16961.5273438 -16827.7832031 -17837.6718750 -17204.2226562 -16689.4746094 -17480.4589844 -16568.9902344 -16750.4472656
-16751.0292969 -16560.0683594 -17457.7441406 -16922.4980469 -17031.3125000 -17336.5917969 -16759.0468750 -16598.0527344
-18695.5917969 -18599.6679688 -19489.3964844 -18927.8164062 -18362.4765625 -19301.5468750 -18377.5253906 -18656.3632812
-16793.4140625 -16517.7480469 -17865.4355469 -17138.9238281 -16752.0859375 -17621.2500000 -16525.1308594 -16722.1718750
-17706.5175781 -17219.6992188 -18512.1269531 -17875.5781250 -17736.3066406 -18281.0566406 -17558.4980469 -17516.9433594
-17748.7910156 -17329.8222656 -18643.5898438 -17964.3945312 -17744.2402344 -18381.6757812 -17595.8183594 -17595.8281250
-18389.3984375 -18047.6445312 -19228.9589844 -18571.4511719 -18415.9550781 -19112.4960938 -18158.4550781 -18308.4453125
-18354.9082031 -18859.1640625 -18157.5097656 -18167.8359375 -19063.6191406 -17668.9863281 -18823.2988281 -18615.0605469
-18739.6933594 -18657.4941406 -19397.2851562 -18896.0781250 -18533.4746094 -19322.9179688 -18431.5488281 -18612.0625000
-19000.4609375 -19405.3359375 -18775.5566406 -18728.7187500 -19442.5761719 -18481.0820312 -19314.6367188 -19105.7070312
-18697.6562500 -18429.8964844 -19523.6347656 -18934.5703125 -18837.7441406 -19389.4824219 -18576.0000000 -18632.3417969
-19094.5312500 -18952.2832031 -19652.9179688 -19229.5449219 -19286.3847656 -19425.8574219 -19152.7539062 -19047.0195312
-18505.3203125 -18939.5156250 -18635.1093750 -18205.5898438 -19091.4453125 -18136.7558594 -18850.9902344 -18629.7773438
-18413.6542969 -18029.6074219 -19135.8945312 -18651.3574219 -18469.3046875 -18982.5371094 -18209.2988281 -18231.9941406
-18130.2675781 -17911.1191406 -18885.6835938 -18337.4453125 -17905.8652344 -18665.1054688 -17846.0468750 -17985.3222656
-17717.3378906 -17838.4648438 -18387.0605469 -17845.6542969 -18128.6425781 -18222.2187500 -17915.7421875 -17664.5644531
-18140.9121094 -17960.2539062 -18935.2812500 -18373.8964844 -17854.4765625 -18769.9375000 -17644.0976562 -17963.2578125
-18775.6406250 -18683.1503906 -19459.7617188 -19098.2207031 -19046.2285156 -19302.5839844 -18832.7656250 -18759.7988281
-18495.2929688 -18807.2734375 -18775.6738281 -18496.6679688 -19018.2812500 -18467.2832031 -18818.6777344 -18598.5800781
-17193.9550781 -17521.6347656 -17647.7148438 -17130.7656250 -17655.9238281 -17386.8515625 -17509.4687500 -17207.3339844
-18659.5761719 -19229.4511719 -18448.6816406 -18356.2500000 -19370.4414062 -18003.3750000 -19136.9218750 -18846.3339844
-18402.6738281 -18148.2382812 -19213.7031250 -18661.4648438 -18571.5722656 -19047.9765625 -18437.5937500 -18260.4472656
-18376.9960938 -17943.5039062 -19288.8906250 -18449.6718750 -18525.9902344 -19078.8046875 -18278.5273438 -18250.1132812
-18213.0488281 -18127.9648438 -19108.3691406 -18529.4687500 -17976.0253906 -18739.6679688 -17888.9765625 -18120.7421875
-17262.8378906 -16766.2578125 -18261.5742188 -17424.5527344 -17412.8945312 -17947.0136719 -17113.5761719 -17037.2226562
-18425.7695312 -18232.5781250 -19246.9785156 -18546.3476562 -18181.6621094 -19010.2734375 -18082.9589844 -18333.4375000
-18584.9628906 -19038.2656250 -18328.9179688 -18200.4824219 -19228.0351562 -17993.4921875 -19050.7265625 -18775.7597656
-17952.5546875 -18593.2285156 -17709.2617188 -17677.4921875 -18800.6640625 -17346.9453125 -18532.5527344 -18251.7656250
-17987.4707031 -17625.5859375 -18761.9843750 -18249.7246094 -18178.3847656 -18489.2968750 -17961.9941406 -17807.1562500
-18210.2070312 -17770.5000000 -18925.9863281 -18357.9472656 -18126.9121094 -18756.2265625 -18052.1503906 -17994.3652344
-17210.3183594 -16852.4648438 -18236.8632812 -17637.2089844 -17356.9726562 -18000.2109375 -17068.1367188 -17165.7382812
-18593.8945312 -19147.8164062 -18228.8886719 -18195.3105469 -19207.8808594 -18000.4531250 -19070.8320312 -18776.2753906
