-17114.3515625 -17359.0488281 -18246.2265625 -17506.9218750 -17495.7207031 -18050.8085938 -17324.6484375 -16958.0722656
-17371.9140625 -17618.6601562 -18280.7011719 -17781.3144531 -17904.2558594 -18107.9101562 -17684.1113281 -17426.8281250
-16466.5625000 -16969.1425781 -17569.4882812 -16827.4960938 -17069.4414062 -17376.8867188 -16898.7695312 -16600.0800781
-17360.5000000 -17696.7617188 -18312.2753906 -17640.8730469 -17942.0214844 -18118.7246094 -17720.8886719 -17393.2539062
-15802.3154297 -16259.1660156 -16890.2324219 -16244.7890625 -16485.4023438 -16674.8007812 -16273.1396484 -15908.7646484
-16285.8398438 -16777.5332031 -17076.4667969 -16513.1445312 -16884.3808594 -16813.5585938 -16701.5859375 -16552.5195312
-16390.4218750 -16820.4746094 -17250.9394531 -16641.4394531 -17032.0273438 -17049.5703125 -16761.0839844 -16521.0410156
-16062.8671875 -16412.9746094 -17200.7695312 -16493.8046875 -16847.0527344 -16868.8652344 -16421.1640625 -16198.7587891
-16385.0625000 -16739.7226562 -17580.2187500 -16842.7519531 -17025.3671875 -17319.5351562 -16749.9238281 -16443.9921875
-16021.0322266 -16316.8095703 -17282.7949219 -16436.1054688 -16725.9238281 -16931.2812500 -16496.4414062 -16059.3837891
-16296.7021484 -16548.8789062 -17630.7695312 -16630.4082031 -16890.3339844 -17174.0859375 -16547.0507812 -16253.3222656
-15972.2148438 -16339.6093750 -17036.7539062 -16195.1123047 -16692.8789062 -16677.4609375 -16418.1113281 -16054.9199219
-17437.2441406 -17810.0292969 -18223.9570312 -17660.4550781 -18029.1230469 -17938.7460938 -17953.1152344 -17578.8398438
-16354.2353516 -16635.0644531 -17324.7187500 -16663.7382812 -16899.6718750 -17056.2148438 -16678.1582031 -16406.5175781
-16139.5341797 -16638.4179688 -17246.4960938 -16494.6328125 -16816.4316406 -17084.9062500 -16508.2363281 -16099.7285156
-16623.0000000 -17123.4257812 -17460.8574219 -16795.4804688 -17322.5625000 -17223.5078125 -17086.7773438 -16756.0390625
-16443.5898438 -16670.7929688 -17518.2929688 -16794.4941406 -16898.9042969 -17313.0683594 -16602.4042969 -16492.2597656
-16244.4609375 -16577.4902344 -17308.6914062 -16702.2773438 -16836.0800781 -17184.2167969 -16615.2285156 -16285.6611328
-16729.0839844 -16958.7578125 -17857.6816406 -17017.1328125 -17354.5996094 -17474.8652344 -17070.6406250 -16710.2089844
-16189.1015625 -16486.5410156 -17164.4179688 -16447.4511719 -16690.5664062 -16866.8281250 -16414.0722656 -16153.3681641
-16527.7519531 -17011.3652344 -17502.7910156 -16893.2167969 -17104.9492188 -17251.1367188 -16900.8066406 -16589.6542969
-15079.9804688 -15271.6240234 -16192.1455078 -15457.0625000 -15618.5703125 -15895.1708984 -15203.9140625 -14956.9199219
-15070.6074219 -15709.7578125 -16317.6523438 -15613.8857422 -16025.5966797 -15983.2861328 -15698.8007812 -15388.3535156
-16293.2265625 -16534.3261719 -17480.3320312 -16639.4394531 -16839.9199219 -17219.9707031 -16613.0898438 -16268.5468750
-16420.9863281 -16739.3027344 -17319.7324219 -16627.2148438 -16991.8242188 -17130.7539062 -16592.8691406 -16271.2519531
-16255.4990234 -16550.9453125 -17343.7773438 -16477.7988281 -16741.4414062 -16990.6210938 -16601.1542969 -16197.4804688
-16566.9179688 -16842.7617188 -17689.6484375 -16947.2558594 -17114.0820312 -17482.7363281 -16858.2910156 -16560.7871094
-16836.6152344 -17198.3886719 -17880.6621094 -17164.8730469 -17406.3398438 -17624.7167969 -17216.4472656 -16792.3359375
-16759.0156250 -17167.3671875 -17722.8574219 -17119.3828125 -17260.9785156 -17491.8203125 -17073.3515625 -16873.5683594
-16634.5859375 -16956.2324219 -17672.8085938 -17031.2753906 -17268.5292969 -17313.5078125 -16898.5527344 -16708.6152344
-16959.0917969 -17415.3417969 -18049.9511719 -17290.5585938 -17506.1933594 -17714.6074219 -17380.3632812 -17145.8964844
-16917.7851562 -17426.7207031 -17782.4453125 -17032.7343750 -17604.7265625 -17452.3300781 -17274.0390625 -17089.2832031
-17314.5312500 -17632.7441406 -18162.5195312 -17596.0859375 -17704.9179688 -17858.0156250 -17485.4082031 -17174.8359375
-16463.5898438 -16695.6640625 -17472.0039062 -16804.5410156 -16996.4414062 -17189.1894531 -16735.4960938 -16279.3417969
-16832.9042969 -17671.5273438 -17369.2773438 -16895.1308594 -17605.8515625 -16991.2167969 -17480.5664062 -17248.2968750
-16770.5546875 -17147.6914062 -17690.1992188 -17026.8964844 -17231.0917969 -17350.4550781 -17151.3906250 -16735.0507812
-16752.7675781 -17347.0371094 -17786.9843750 -17097.7910156 -17560.0800781 -17535.7500000 -17332.7226562 -17017.8007812
-16325.9306641 -16895.9003906 -17362.2636719 -16660.4101562 -16833.4960938 -17031.1777344 -16641.2265625 -16377.0517578
-16427.6523438 -16676.4980469 -17589.8476562 -16797.9394531 -17086.8203125 -17336.5292969 -16754.6640625 -16534.3535156
-16731.6875000 -16956.3554688 -17752.3320312 -16971.0058594 -17235.8867188 -17479.4746094 -16963.5761719 -16622.9765625
-17504.0449219 -17796.1054688 -18220.1484375 -17782.9628906 -18059.7597656 -18083.4804688 -17899.4238281 -17582.1601562
-17538.1289062 -17764.0839844 -18376.0253906 -17879.9804688 -17972.5429688 -18272.7910156 -17862.3398438 -17613.9667969
-18071.2167969 -18373.1875000 -19054.0957031 -18459.3574219 -18425.3085938 -18887.4199219 -18313.6972656 -18049.3515625
-17087.3007812 -17261.4980469 -18200.7441406 -17500.3476562 -17634.3574219 -17959.3007812 -17255.4589844 -17098.6250000
-16419.3027344 -16880.5429688 -17522.8339844 -16778.7148438 -17297.8125000 -17109.5761719 -16910.3457031 -16700.9609375
-17042.2187500 -17390.6914062 -17995.7558594 -17264.0800781 -17528.7050781 -17816.8359375 -17356.6992188 -17022.8574219
-16935.2773438 -17493.8027344 -17436.6816406 -17037.4238281 -17624.7285156 -17115.4843750 -17477.9199219 -16982.8847656
-16861.1972656 -17357.3867188 -17704.0292969 -17111.5117188 -17407.6718750 -17383.7324219 -17235.2148438 -16917.6406250
-16799.2519531 -17090.5371094 -17745.6855469 -17098.8378906 -17159.8242188 -17593.3496094 -17039.4589844 -16828.9042969
-16784.5000000 -17164.5449219 -17627.6835938 -17056.2343750 -17368.0000000 -17301.2753906 -17145.3164062 -16748.7050781
-17206.1113281 -17400.0058594 -17875.2324219 -17304.3242188 -17628.0312500 -17642.7382812 -17398.5566406 -16986.6699219
-17073.8261719 -17649.4335938 -18154.7988281 -17672.3496094 -17863.0195312 -17923.4277344 -17629.0214844 -17414.2089844
-17217.8554688 -17521.7402344 -17935.6738281 -17317.1972656 -17775.3144531 -17800.9296875 -17487.7656250 -17302.8593750
-17808.1406250 -18545.0957031 -18195.2304688 -17736.4394531 -18440.1308594 -17777.2285156 -18417.7636719 -18176.3574219
-16861.0273438 -17199.2070312 -17823.2421875 -17120.4707031 -17428.9453125 -17648.2343750 -17154.6542969 -16883.2832031
-17380.3613281 -17728.8476562 -18289.7265625 -17623.4023438 -18050.8828125 -17952.4023438 -17849.4179688 -17346.8554688
-17411.3105469 -17976.1835938 -18269.9160156 -17713.0898438 -18062.4609375 -18099.5195312 -17829.8496094 -17600.6562500
-16678.6738281 -16972.7500000 -17436.0390625 -16925.6386719 -17313.4492188 -17269.6152344 -16929.4414062 -16658.2089844
-16911.7929688 -17419.2148438 -17812.3339844 -17208.4277344 -17568.9433594 -17599.4042969 -17293.6562500 -17023.7031250
-16583.7929688 -16856.1933594 -17563.0976562 -16891.8886719 -17083.2929688 -17347.5683594 -16993.9667969 -16534.9355469
-16167.1259766 -16704.2480469 -17191.9863281 -16589.7109375 -16887.9843750 -17003.8281250 -16653.9394531 -16218.2363281
-16652.7480469 -16843.3339844 -17702.0605469 -16954.1210938 -17193.8125000 -17417.1132812 -16910.9531250 -16572.8789062
-17018.4843750 -17467.7011719 -17869.1601562 -17231.0449219 -17643.9082031 -17686.2832031 -17463.1875000 -17098.8457031
-16672.0175781 -17062.9082031 -17617.3652344 -16965.5644531 -17214.8769531 -17389.1269531 -17011.8339844 -16800.9101562
-16742.2382812 -16955.7617188 -17827.4570312 -17103.9570312 -17306.5351562 -17523.3496094 -17066.9238281 -16714.2402344
-17109.7792969 -17434.8593750 -17544.1855469 -16802.4824219 -17697.2109375 -17403.7636719 -17420.2773438 -17157.9042969
-16957.6777344 -17620.4921875 -17291.0292969 -16390.5800781 -17738.6914062 -16944.8125000 -17486.0917969 -17217.5546875
-16463.8125000 -16987.1738281 -16583.9492188 -16012.3642578 -17117.4218750 -16514.0312500 -16870.7167969 -16618.4160156
-17076.5761719 -17443.8691406 -17244.4062500 -16669.0917969 -17661.6679688 -16984.9804688 -17423.8222656 -17096.4843750
-17130.5234375 -17547.0429688 -17515.4355469 -16565.1914062 -17736.6953125 -17207.1542969 -17468.3535156 -17254.4433594
-17120.3691406 -17553.3398438 -17140.8183594 -16497.0488281 -17941.2832031 -16883.4472656 -17721.5214844 -17259.0507812
-17072.2070312 -17559.8300781 -17234.2753906 -16474.9296875 -17734.1015625 -16982.8339844 -17444.1894531 -17118.3320312
-15937.9814453 -16137.2744141 -16657.2382812 -15795.5849609 -16517.7304688 -16221.3378906 -16406.4042969 -15931.6181641
-16849.3457031 -17399.2402344 -17188.8300781 -16521.8652344 -17414.0410156 -17152.9257812 -17302.5566406 -17079.0195312
-16786.3085938 -17172.7109375 -17233.5410156 -16438.3007812 -17280.9472656 -17018.7968750 -17173.6171875 -16806.7773438
-16392.7851562 -16775.5820312 -16922.3789062 -15943.6806641 -16981.9863281 -16543.2226562 -16710.5800781 -16564.5253906
-18216.4804688 -18757.4804688 -17084.0566406 -17714.6074219 -18892.3691406 -17639.1816406 -18767.8808594 -18401.5976562
-17853.5839844 -18508.8691406 -17384.4687500 -17317.0175781 -18537.1113281 -17230.1406250 -18367.8378906 -18057.1464844
-18595.2207031 -19049.0976562 -18037.9589844 -18213.8496094 -19101.4257812 -18066.6074219 -19025.4804688 -18814.2441406
-19099.8593750 -19629.8769531 -18619.6074219 -18931.1210938 -19644.9785156 -18656.9355469 -19499.2929688 -19378.9570312
-16892.5683594 -16471.0644531 -17981.9003906 -17107.1132812 -16605.3574219 -17780.4433594 -16497.4160156 -16725.2402344
-17061.9726562 -16599.1523438 -18162.8417969 -17279.5488281 -17057.3964844 -17943.1640625 -16763.6367188 -16912.8378906
-18178.7714844 -18054.2421875 -19249.2695312 -18572.9980469 -17900.7187500 -19053.7968750 -17846.6562500 -18023.3144531
-17690.0273438 -17208.6269531 -18667.8652344 -18012.1308594 -17604.0878906 -18560.1386719 -17373.5742188 -17531.6679688
-16568.6328125 -15917.0039062 -17445.6093750 -16756.4765625 -16589.9335938 -17521.4257812 -16273.7324219 -16275.8652344
-16624.6933594 -16081.0869141 -17686.6406250 -16770.7714844 -16539.9726562 -17509.3769531 -16260.7226562 -16336.3623047
-16820.8378906 -16295.7451172 -17867.9824219 -17205.3066406 -16867.0605469 -17761.5644531 -16594.0664062 -16621.3476562
-17240.7011719 -16994.7753906 -18378.2851562 -17508.2480469 -17047.1621094 -18074.1445312 -16951.5332031 -17146.4121094
-16625.6347656 -16457.6933594 -17761.3808594 -16974.0039062 -16854.9843750 -17545.7070312 -16624.5097656 -16454.1875000
-16889.1191406 -16285.5039062 -18036.1679688 -17264.3867188 -16969.0253906 -17943.9101562 -16691.6992188 -16746.2851562
-16699.5156250 -16157.1367188 -17945.9140625 -17113.1152344 -16757.9667969 -17706.0507812 -16468.5937500 -16541.1699219
-16599.7812500 -16034.7441406 -17642.1093750 -16923.2675781 -16662.3300781 -17501.9785156 -16381.5439453 -16480.1933594
-15728.6923828 -15294.2392578 -16950.5605469 -15995.8935547 -15955.8496094 -16764.2988281 -15501.3095703 -15571.1230469
-16353.2832031 -15843.5517578 -17458.9824219 -16693.9218750 -16401.0332031 -17332.4238281 -16124.4345703 -16231.7148438
-16235.4453125 -16124.4023438 -17277.5566406 -16573.6289062 -16067.6708984 -17071.5429688 -15774.3076172 -16050.4404297
-16682.0937500 -16387.5683594 -17703.2187500 -16989.1093750 -16380.4492188 -17509.4570312 -16160.7597656 -16523.1484375
-17431.5703125 -17025.4785156 -18488.2675781 -17766.4394531 -17495.5175781 -18299.4042969 -17301.2500000 -17273.9375000
-16531.6777344 -16060.0322266 -17740.6289062 -16873.0527344 -16606.4707031 -17424.0507812 -16385.3203125 -16362.9697266
-17719.0410156 -17529.4277344 -18626.4257812 -17924.1054688 -17440.8945312 -18375.5253906 -17278.1523438 -17593.7460938
-16882.5566406 -16393.0117188 -17942.2363281 -17150.2343750 -16988.6250000 -17706.1914062 -16671.0468750 -16701.1015625
-16865.7031250 -16612.4765625 -18064.4785156 -17228.5156250 -16563.6074219 -17837.8535156 -16406.9765625 -16725.7343750
-15650.1806641 -14963.7890625 -16928.5332031 -16032.2773438 -15672.6533203 -16680.4199219 -15408.8437500 -15395.1503906
-15290.8417969 -14735.0732422 -16475.0644531 -15583.1542969 -15435.0976562 -16255.7617188 -15077.4296875 -15042.3056641
-16036.7792969 -15873.3652344 -17322.7167969 -16381.9208984 -15794.5546875 -17087.8242188 -15529.7636719 -15941.8906250
-17007.6972656 -16918.9179688 -18071.9921875 -17324.5878906 -16847.6464844 -17889.6171875 -16686.1777344 -16784.2343750
-16687.0371094 -16417.2519531 -17886.7109375 -17144.8613281 -16840.4218750 -17624.7226562 -16627.3496094 -16621.9628906
-16364.0097656 -15781.8730469 -17716.2988281 -16811.6953125 -16404.1855469 -17425.5371094 -16129.7773438 -16186.6923828
-16932.8769531 -16571.9394531 -18062.1132812 -17408.7109375 -17058.3417969 -17901.0546875 -16704.9042969 -16766.0410156
-16415.6601562 -16024.6669922 -17648.8925781 -16790.6230469 -16370.2910156 -17357.9570312 -16121.3320312 -16225.2636719
-16251.3271484 -16217.1328125 -17538.8300781 -16602.2578125 -16022.0693359 -17239.3789062 -15868.0800781 -16264.6113281
-16390.0058594 -15997.3964844 -17528.9863281 -16756.5332031 -16594.0332031 -17323.4296875 -16386.4101562 -16190.3750000
-16010.1845703 -15602.1835938 -17332.2167969 -16450.7070312 -16145.2138672 -17032.2695312 -15880.4335938 -15906.7958984
-15868.0156250 -15246.5029297 -16973.2207031 -16135.2060547 -16056.2656250 -16852.7851562 -15689.8291016 -15583.9169922
-16732.7812500 -16342.9599609 -17997.6289062 -17169.6054688 -16604.7480469 -17797.7988281 -16391.4980469 -16610.1601562
-16724.2890625 -16503.4726562 -17986.9375000 -17192.8652344 -16666.0253906 -17795.5957031 -16426.7382812 -16695.8867188
-15803.9394531 -15134.1855469 -17152.0312500 -16163.6904297 -15906.5322266 -16873.6660156 -15528.8798828 -15499.8447266
-16186.2509766 -15693.3828125 -17489.8320312 -16506.3847656 -16311.2294922 -17170.4335938 -16095.8593750 -16048.1376953
-15952.1103516 -15573.3759766 -17155.7773438 -16237.1552734 -15661.4892578 -16879.1269531 -15494.3320312 -15697.8935547
-15773.7636719 -15519.6103516 -17195.2265625 -16136.1328125 -15367.3916016 -16913.2695312 -15178.9521484 -15671.4648438
-15600.7880859 -15339.1962891 -17027.8632812 -16021.8222656 -15559.4169922 -16673.2519531 -15366.3447266 -15558.6757812
-17637.3027344 -17230.5722656 -18677.4238281 -17938.8808594 -17671.7089844 -18472.7890625 -17642.3281250 -17531.2714844
-15242.4609375 -14376.6181641 -16583.4667969 -15647.1982422 -15222.0136719 -16382.1933594 -14956.9677734 -14993.2333984
-17940.2558594 -17625.7871094 -18994.9960938 -18254.4218750 -17985.2792969 -18795.5156250 -17722.5878906 -17842.1972656
-17958.5371094 -17832.8242188 -18866.2636719 -18231.1718750 -17640.4746094 -18603.0078125 -17554.4960938 -17861.2128906
-17037.2734375 -16905.6035156 -17996.1523438 -17380.7734375 -16800.4746094 -17909.9589844 -16586.6777344 -16888.8261719
-17740.1640625 -17256.7753906 -18720.3613281 -17951.5488281 -17759.0566406 -18505.3476562 -17503.0546875 -17507.0019531
-16326.0673828 -15682.9794922 -17510.3496094 -16473.5175781 -16440.2187500 -17228.9765625 -16131.5439453 -16214.6406250
-16590.3750000 -16292.5595703 -17702.3300781 -16917.0859375 -16833.8105469 -17510.7207031 -16542.3242188 -16513.4785156
-17081.4511719 -16967.6445312 -18180.5488281 -17489.2792969 -16885.1738281 -17960.9667969 -16715.9531250 -16954.9238281
-16954.7968750 -16792.2851562 -17952.6250000 -17246.5527344 -16623.1035156 -17821.1542969 -16451.1210938 -16884.2558594
-18931.5781250 -18523.5449219 -19851.5722656 -19162.8769531 -18943.7773438 -19555.3222656 -18804.1250000 -18840.6777344
-17056.2558594 -16492.1660156 -17968.7871094 -17364.7324219 -17129.1777344 -17924.4824219 -16844.2304688 -16869.0449219
-17148.7070312 -16907.7070312 -18111.8261719 -17316.6074219 -16843.9238281 -17903.2304688 -16764.9062500 -16967.7597656
-16136.4042969 -15771.3417969 -17455.7792969 -16475.2265625 -16480.0722656 -17201.9121094 -16190.6748047 -16112.5722656
-16168.6699219 -15617.9433594 -17521.2812500 -16724.2011719 -16288.8789062 -17252.7910156 -15931.9882812 -16067.8212891
-18776.7402344 -18345.9472656 -19597.3964844 -19068.4257812 -18751.9609375 -19469.1113281 -18592.9628906 -18666.6347656
-16702.0175781 -16316.4589844 -17935.4628906 -17078.3476562 -16780.1425781 -17783.3945312 -16532.5371094 -16689.1542969
-16621.1445312 -16413.4453125 -17909.8984375 -17045.6601562 -16340.0292969 -17714.9472656 -16131.8203125 -16536.6933594
-16224.1152344 -16035.9208984 -17351.5664062 -16484.2773438 -15737.8349609 -17068.2792969 -15658.2949219 -15943.8427734
-17133.7304688 -16936.0449219 -18139.1113281 -17398.3515625 -16842.7500000 -17967.3105469 -16626.2343750 -16957.4511719
-16757.6992188 -16551.6367188 -17680.3359375 -17101.5449219 -16309.8652344 -17567.5332031 -16227.0615234 -16595.4882812
-16586.7675781 -16431.5644531 -17593.7773438 -17010.6484375 -16414.4902344 -17461.6464844 -16306.1152344 -16573.9238281
-16879.0703125 -16537.6015625 -18027.7011719 -17289.1718750 -16935.7226562 -17649.7382812 -16720.2011719 -16756.1718750
-17750.1425781 -17512.1660156 -18589.9218750 -17910.5214844 -17477.6796875 -18492.0429688 -17427.9804688 -17685.3671875
-16933.0429688 -16472.1601562 -18049.2207031 -17280.5898438 -17006.4082031 -17860.9941406 -16860.4492188 -16852.7441406
-16817.2148438 -16175.4052734 -17887.0410156 -17183.6484375 -16916.3925781 -17792.9941406 -16739.5175781 -16679.5625000
-15612.4414062 -15002.9199219 -17169.9140625 -16167.1269531 -15670.6181641 -16731.6992188 -15250.0107422 -15439.0029297
-17451.5429688 -17120.3554688 -18465.0527344 -17781.8535156 -16990.5019531 -18418.4003906 -16864.9785156 -17204.3652344
-17588.0703125 -17304.3691406 -18562.8222656 -17978.1210938 -17550.3105469 -18535.6445312 -17416.8007812 -17369.1640625
-16282.6386719 -15968.3613281 -17556.7285156 -16603.4902344 -15930.3994141 -17372.2695312 -15737.8769531 -16122.6386719
-16824.7031250 -16499.8886719 -17949.5820312 -17156.3750000 -17292.8828125 -17731.2421875 -16948.9179688 -16802.5332031
-17371.3398438 -16785.9433594 -18338.0156250 -17609.7617188 -17284.2988281 -18159.8027344 -17142.8085938 -17244.5722656
-16766.0957031 -16625.4863281 -17863.5839844 -17080.6074219 -16397.2636719 -17646.2636719 -16281.8857422 -16616.3613281
-16245.3466797 -16733.8691406 -17066.4941406 -16076.1269531 -17005.0195312 -16540.5332031 -16775.3007812 -16415.4667969
-18507.8554688 -18949.9804688 -18688.0566406 -18116.2324219 -19047.3828125 -18433.0390625 -18902.3906250 -18600.3515625
-17687.3222656 -18342.9902344 -17321.9960938 -17160.8066406 -18409.5957031 -16797.4472656 -18267.5332031 -17969.6406250
-17619.4648438 -18125.2304688 -17742.4902344 -17180.5664062 -18212.1015625 -17588.5937500 -18026.7363281 -17805.8750000
-16890.2871094 -17380.6464844 -16904.1171875 -16152.6611328 -17522.5683594 -16557.6054688 -17334.0859375 -17024.9804688
-17714.6796875 -18232.2890625 -17992.3476562 -17377.2578125 -18371.2968750 -17800.0273438 -18144.1679688 -17859.9296875
-17332.5488281 -17702.2968750 -17775.6640625 -16999.7597656 -17980.4003906 -17504.8437500 -17704.5820312 -17628.3027344
-17049.1210938 -17525.0976562 -17516.7910156 -16725.0273438 -17549.2910156 -17103.1113281 -17362.9511719 -17208.8671875
-17262.4277344 -17670.1152344 -17508.7636719 -16977.1757812 -17826.2031250 -17298.7402344 -17612.3554688 -17438.7714844
-17799.9824219 -18585.8593750 -17553.6855469 -17500.9257812 -18619.4042969 -16822.2714844 -18536.0683594 -18176.8457031
-16850.7519531 -17389.5820312 -17385.5117188 -16563.7792969 -17652.3867188 -17117.0019531 -17307.0507812 -16951.4316406
-16736.0664062 -16523.5332031 -17727.3242188 -17043.5195312 -16296.3291016 -17626.1582031 -16187.9609375 -16617.1074219
-17516.1582031 -17338.0078125 -18335.6816406 -17806.5039062 -17102.5781250 -18202.9316406 -16966.8574219 -17434.9628906
-17539.9921875 -17344.5156250 -18505.3164062 -17863.0058594 -17282.5507812 -18353.9453125 -17172.4394531 -17477.9238281
-17696.0585938 -17481.2363281 -18711.6953125 -17888.9531250 -17287.5839844 -18480.4960938 -17196.3457031 -17476.5039062
-16614.4160156 -16335.8964844 -17543.3671875 -16900.9726562 -16309.3935547 -17420.1855469 -16104.0791016 -16515.5214844
-16744.8398438 -16472.7617188 -17803.8417969 -17093.2910156 -16298.6962891 -17502.7597656 -16207.3535156 -16543.6855469
-16775.9726562 -16653.6660156 -18001.4316406 -17250.2656250 -16503.6660156 -17705.5351562 -16409.2324219 -16706.2910156
-16630.7246094 -16474.2011719 -17849.5410156 -17062.6406250 -16155.8466797 -17562.7226562 -16072.0322266 -16581.6992188
-16607.1875000 -16397.9316406 -17868.5800781 -17017.6171875 -16338.9804688 -17705.6523438 -16076.7216797 -16512.6328125
-16696.3320312 -16501.0175781 -17912.9960938 -17116.1289062 -16327.6191406 -17717.9140625 -16198.5986328 -16662.5117188
-17646.0292969 -18176.9140625 -17706.7285156 -17377.0312500 -18401.7597656 -16881.3496094 -18243.3808594 -17906.5039062
-16507.3203125 -16146.3164062 -17837.1210938 -16866.4472656 -16348.8564453 -17531.5449219 -16094.9072266 -16316.5888672
-16281.7900391 -16124.6367188 -17407.2207031 -16415.3847656 -15994.8818359 -17064.7617188 -15910.9121094 -16157.3691406
-18249.1816406 -18892.7695312 -17681.2734375 -17713.1445312 -19061.6152344 -17539.0644531 -18852.4433594 -18489.7050781
-19074.4667969 -19552.9570312 -18809.9394531 -18811.1308594 -19590.9160156 -18643.2773438 -19392.4140625 -19251.3945312
-17771.6621094 -18483.9531250 -17541.8632812 -17483.0820312 -18601.1972656 -17337.0429688 -18461.5585938 -18204.9882812
-17705.0234375 -18293.7539062 -17301.4628906 -17369.0664062 -18456.7656250 -17189.4003906 -18241.5058594 -17917.5976562
-19247.6875000 -19701.2187500 -18972.9667969 -18851.8945312 -19765.8828125 -18806.1621094 -19692.4453125 -19428.5234375
-19075.1074219 -19503.0429688 -18692.8339844 -18632.2812500 -19590.7128906 -18582.8886719 -19424.6269531 -19157.5546875
-19627.4003906 -19948.9277344 -19456.1484375 -19403.7910156 -20157.5351562 -19306.2988281 -20034.3222656 -19731.4238281
-18667.5839844 -19178.6386719 -18385.2617188 -18199.5117188 -19386.2734375 -17979.5488281 -19137.5820312 -18915.4433594
-18697.3652344 -19120.7109375 -18398.0546875 -18185.7949219 -19224.8417969 -18263.3867188 -19094.0703125 -18891.7539062
-18636.3046875 -19135.4687500 -18275.3144531 -18211.2070312 -19335.6855469 -18001.1640625 -19229.6855469 -18860.9453125
-18154.5722656 -18865.6992188 -17861.0527344 -17832.6640625 -18966.6328125 -17621.6816406 -18806.9863281 -18415.8906250
-18974.5820312 -19399.2910156 -18492.4609375 -18475.9492188 -19446.9023438 -18193.6308594 -19354.3164062 -19050.3378906
-18834.8652344 -19355.2500000 -18657.8339844 -18461.9453125 -19390.7558594 -18497.6015625 -19341.9746094 -19054.7480469
-19205.6894531 -19790.8417969 -18959.3632812 -18910.4882812 -19908.4531250 -18777.3359375 -19784.0859375 -19400.2011719
-19510.0585938 -19777.3222656 -19196.1757812 -19165.6601562 -19973.7617188 -19043.2714844 -19854.5175781 -19632.3496094
-18322.5292969 -18958.0117188 -17768.6367188 -17738.6406250 -18980.7832031 -17688.3457031 -18831.6367188 -18442.1386719
-18435.6074219 -19021.9218750 -18183.1093750 -18053.1113281 -19116.1210938 -18004.9003906 -18939.0742188 -18689.2519531
-19336.6367188 -19830.2929688 -19030.9531250 -19001.1582031 -19829.3984375 -18853.2011719 -19734.8300781 -19519.4531250
-19267.2988281 -19694.0312500 -18962.1210938 -18834.8750000 -19834.4062500 -18861.7617188 -19717.3183594 -19457.7714844
-16179.4560547 -15912.3203125 -17274.2226562 -16464.1113281 -15559.3945312 -17142.2812500 -15504.1240234 -15942.9882812
-16573.9687500 -16246.7246094 -17585.9023438 -16857.4257812 -16035.9140625 -17427.1074219 -15932.1396484 -16236.7968750
-18691.2167969 -18894.5312500 -19186.1191406 -18747.1894531 -18895.6464844 -18857.3046875 -18771.7148438 -18714.9746094
-18757.8222656 -18617.7226562 -19472.2636719 -19010.4960938 -18440.8808594 -19370.1523438 -18340.3398438 -18735.9414062
-18177.5546875 -17976.8808594 -19063.5566406 -18585.6914062 -17909.1679688 -18915.9023438 -17786.3437500 -18046.6816406
-17158.2851562 -17002.9023438 -18177.2167969 -17494.2363281 -16757.0781250 -18084.1250000 -16568.6933594 -17014.0429688
-17493.0898438 -17337.4570312 -18544.5312500 -17779.1914062 -17261.6132812 -18280.0546875 -17130.8515625 -17465.8730469
-15175.2705078 -14903.1523438 -16654.2187500 -15637.0546875 -14774.8984375 -16369.9296875 -14564.8505859 -14928.1386719
-16673.7617188 -16490.5292969 -17878.8027344 -17046.6367188 -16305.7714844 -17594.4199219 -16150.2021484 -16496.8828125
-15605.1416016 -15273.2001953 -16876.1660156 -16009.8251953 -15303.6074219 -16564.0761719 -15066.3925781 -15559.3964844
-15918.1562500 -15841.8955078 -17196.8945312 -16281.5771484 -15504.1191406 -17032.9453125 -15361.0000000 -15725.8398438
-15677.9960938 -15469.0341797 -16809.1445312 -15982.2666016 -15329.2998047 -16549.5292969 -15108.3662109 -15568.5703125
-17365.3769531 -17118.2812500 -18254.4199219 -17670.3984375 -16973.3710938 -18040.8183594 -16870.6445312 -17268.1933594
-16583.4824219 -16502.3398438 -17685.9453125 -16902.0351562 -16327.5273438 -17336.5625000 -16219.9199219 -16520.4375000
-17623.6777344 -17512.1308594 -18777.7226562 -18017.3261719 -17343.5527344 -18437.0585938 -17322.6953125 -17690.6640625
-16682.1660156 -16493.0996094 -17854.5253906 -17064.6796875 -16465.6953125 -17665.6660156 -16315.5302734 -16478.1835938
-17240.5800781 -16892.2929688 -18165.4296875 -17477.5000000 -16984.2949219 -18076.0449219 -16752.4531250 -17032.6835938
-16385.2070312 -16165.6181641 -17573.6484375 -16635.2890625 -16006.9257812 -17357.2851562 -15880.4267578 -16284.7119141
-17426.1054688 -17240.1523438 -18402.6972656 -17698.2617188 -17192.9960938 -18236.4433594 -17045.9160156 -17332.9062500
-17375.0820312 -17162.6914062 -18468.6484375 -17688.3515625 -17007.0722656 -18290.5019531 -16867.7402344 -17145.4804688
-16959.7792969 -16631.8339844 -18061.9589844 -17255.5878906 -16662.4023438 -17777.3066406 -16495.7812500 -16783.7714844
-16968.8046875 -17073.8789062 -17598.9707031 -16993.2792969 -16875.6816406 -17032.6601562 -16919.0605469 -16942.6269531
-17418.2109375 -17488.0839844 -18402.8007812 -17589.4667969 -17648.7890625 -18257.3652344 -17501.4804688 -17229.4453125
-16456.5722656 -16372.6074219 -17569.0410156 -16831.5429688 -16784.3984375 -17382.6757812 -16669.1035156 -16443.4316406
-16047.1250000 -16095.2675781 -17192.6093750 -16449.6210938 -16244.4570312 -17057.2480469 -15997.5634766 -15743.0976562
-16161.8154297 -16053.1406250 -17341.6523438 -16517.3945312 -16499.4921875 -17131.2851562 -16179.3232422 -16095.9453125
-16751.2773438 -16898.4433594 -17778.2363281 -17133.5566406 -17193.8183594 -17499.7792969 -16779.4589844 -16827.1230469
-16070.2724609 -16223.3330078 -17163.3320312 -16358.9091797 -16385.2578125 -16987.0820312 -16191.7500000 -15924.4677734
-16811.6210938 -16890.4570312 -17912.8652344 -17157.1855469 -17087.1464844 -17580.3359375 -16891.0214844 -16672.3281250
-16451.8417969 -16226.0478516 -17526.9160156 -16758.6718750 -16151.3632812 -17318.1328125 -16000.0009766 -16236.9443359
-16276.4443359 -16330.1064453 -17377.3632812 -16616.5039062 -16601.2617188 -17268.0292969 -16281.1582031 -16072.4775391
-16014.4804688 -16113.1279297 -17156.5703125 -16378.8457031 -16429.4667969 -16965.2773438 -16220.3632812 -15814.8105469
-16144.9804688 -16023.9277344 -17335.0878906 -16523.9589844 -16408.5175781 -17192.4257812 -16186.5468750 -15948.1591797
-16986.1289062 -16888.9179688 -18224.7714844 -17296.0273438 -17236.8906250 -18011.3125000 -17007.5976562 -16713.7558594
-17649.8710938 -17947.4003906 -18484.2402344 -17919.1582031 -18182.9589844 -18301.6972656 -17992.6933594 -17712.9726562
-16487.9179688 -16533.7539062 -17641.2207031 -16910.7421875 -16897.8457031 -17328.1562500 -16701.8339844 -16353.5400391
-18384.5390625 -18386.2089844 -19145.0820312 -18575.5957031 -18535.1933594 -19079.9980469 -18491.8652344 -18364.3417969
-15896.5634766 -15951.0175781 -16966.5156250 -16181.7421875 -16220.5927734 -16708.9179688 -16007.2021484 -15863.8300781
-16531.4570312 -16595.5312500 -17180.6054688 -16632.1406250 -16874.3496094 -16965.5800781 -16713.0449219 -16414.5722656
-17094.4570312 -17092.3535156 -17836.6777344 -17251.5410156 -17234.2675781 -17626.0488281 -17033.1972656 -16851.2343750
-17529.3593750 -17488.6289062 -18363.9765625 -17655.8105469 -17793.8457031 -18217.7363281 -17566.2929688 -17197.4824219
-16644.5605469 -16562.6308594 -17785.9042969 -16981.8476562 -16870.0292969 -17534.1445312 -16570.0878906 -16502.9804688
-16153.2080078 -15754.1425781 -17389.0390625 -16606.1523438 -16524.5468750 -17160.9589844 -16125.9394531 -16011.6640625
-16189.9941406 -15591.1953125 -17418.5273438 -16565.4160156 -16173.2675781 -17282.9453125 -15901.4277344 -16071.5439453
-15850.3173828 -15299.3740234 -17007.2285156 -16172.6318359 -16071.8134766 -16745.8535156 -15683.1464844 -15661.2050781
-17606.8203125 -17123.4062500 -18502.8437500 -17857.1523438 -17509.0507812 -18255.8164062 -17379.1367188 -17454.5742188
-17259.1914062 -17017.6679688 -18277.8574219 -17482.1953125 -16954.1601562 -18068.3007812 -16816.5781250 -17094.0214844
-16162.9990234 -15535.5615234 -17321.6816406 -16432.5957031 -16298.5000000 -17104.9511719 -15832.3339844 -16020.2724609
-16616.4296875 -16508.5292969 -17609.5097656 -16998.3457031 -16267.4482422 -17505.4570312 -16166.1835938 -16527.4824219
-16853.6679688 -16661.3984375 -18021.1445312 -17189.7441406 -17085.2949219 -17680.2207031 -16885.2148438 -16700.9003906
-18836.6367188 -18661.1718750 -19803.4218750 -19105.2382812 -18700.2656250 -19553.3535156 -18454.2089844 -18716.9707031
-16843.3105469 -16432.6269531 -17869.9550781 -17052.2558594 -16734.3339844 -17659.2753906 -16462.7968750 -16629.4589844
-17582.8925781 -17184.8281250 -18503.8925781 -17888.8593750 -17586.8886719 -18412.8906250 -17309.4160156 -17374.8574219
-17705.0742188 -17380.3886719 -18765.3886719 -18090.1386719 -17671.1933594 -18574.7968750 -17431.5000000 -17576.8964844
-18241.0878906 -17851.9414062 -19182.3007812 -18541.6660156 -18175.8320312 -19030.0019531 -18048.7402344 -18061.7050781
-18674.8261719 -19264.1757812 -18559.2968750 -18404.4199219 -19297.5957031 -18055.7890625 -19173.2558594 -19023.7460938
-19035.7363281 -18965.3652344 -19868.1210938 -19234.8593750 -18731.6582031 -19662.0253906 -18665.6914062 -18925.5937500
-19526.1855469 -20062.4921875 -19474.6464844 -19309.2929688 -20017.7500000 -19052.9277344 -19965.6933594 -19772.5390625
-18730.7890625 -18488.6191406 -19625.9238281 -18917.4101562 -18790.9589844 -19366.9062500 -18616.8984375 -18630.0605469
-19146.4199219 -18824.6230469 -19940.9882812 -19363.7304688 -19167.5351562 -19803.8828125 -18981.8867188 -18996.4648438
-18596.5214844 -19045.6425781 -18845.4023438 -18507.2343750 -19138.0683594 -18300.7128906 -18986.9472656 -18743.9355469
-18211.7363281 -17808.4199219 -19033.2500000 -18422.0937500 -18107.4882812 -18880.4277344 -17917.6933594 -18028.0117188
-18066.6308594 -17844.2832031 -18946.8886719 -18298.5332031 -17679.1738281 -18776.9296875 -17542.7714844 -17866.3222656
-17810.2578125 -18028.7500000 -18532.4746094 -18006.0703125 -18293.2304688 -18210.5195312 -18124.8886719 -17779.6367188
-17841.7265625 -17733.8457031 -18820.0039062 -18121.7402344 -17589.0156250 -18619.9726562 -17528.4355469 -17808.7050781
-18866.7929688 -18619.9765625 -19693.5429688 -19047.1484375 -19038.1523438 -19410.5312500 -18761.9160156 -18887.0136719
-18659.3574219 -19027.4609375 -18995.3359375 -18575.7851562 -19172.1250000 -18470.2265625 -18938.3847656 -18742.7578125
-17139.5449219 -17503.2656250 -17705.7539062 -17134.9589844 -17730.4179688 -17474.3925781 -17443.2089844 -17173.4804688
-18951.5351562 -19531.7500000 -18749.8652344 -18707.1308594 -19500.4570312 -18414.3105469 -19461.5468750 -19167.7128906
-18686.1015625 -18270.2441406 -19583.0234375 -18959.7460938 -18847.8203125 -19383.5468750 -18621.5351562 -18595.1777344
-18400.5449219 -18123.7910156 -19433.8613281 -18674.5800781 -18573.3632812 -19275.6699219 -18404.2109375 -18335.8222656
-17833.6386719 -17709.2753906 -18952.3671875 -18191.0996094 -17621.6601562 -18760.9218750 -17423.0292969 -17753.3632812
-17014.3281250 -16568.7402344 -18015.2285156 -17176.3691406 -17021.8437500 -17803.9843750 -16865.0175781 -16773.6582031
-18562.9062500 -18341.1269531 -19536.5898438 -18687.4023438 -18542.2402344 -19347.0175781 -18455.9882812 -18416.6523438
-18710.4804688 -19264.4726562 -18468.0332031 -18289.7929688 -19304.7656250 -17919.7148438 -19175.8242188 -18806.0058594
-18022.7128906 -18505.4042969 -17629.5195312 -17547.4941406 -18574.7753906 -17237.5214844 -18491.3261719 -18141.7617188
-17997.2070312 -17708.0800781 -18871.5488281 -18252.3007812 -18066.5507812 -18588.0996094 -17925.0214844 -17939.8320312
-17680.4277344 -17340.3867188 -18745.3613281 -18028.6542969 -17804.4316406 -18548.5019531 -17455.2890625 -17581.3828125
-17328.2285156 -16902.7988281 -18423.4726562 -17614.4375000 -17498.2871094 -18149.9316406 -17205.6113281 -17123.8710938
-18664.6660156 -19354.4628906 -18618.5859375 -18378.8339844 -19455.3535156 -18159.8574219 -19278.5390625 -18974.1113281
