-16482.5097656 -16774.3359375 -17596.3359375 -16972.6972656 -17097.0976562 -17516.7949219 -16787.1152344 -16498.1679688
-14921.6894531 -16435.2402344 -16550.7246094 -16221.0771484 -16642.9687500 -16416.2988281 -16472.8789062 -15947.7558594
-16219.1425781 -16592.6660156 -17260.3769531 -16631.9765625 -16862.5566406 -17172.2363281 -16501.4042969 -16190.4843750
-16901.0136719 -17066.6953125 -17809.3261719 -17205.2792969 -17186.8046875 -17589.9687500 -17084.1660156 -16735.1445312
-17187.9667969 -17740.4687500 -18164.2343750 -17614.8457031 -17851.1503906 -17912.8359375 -17665.0644531 -17425.8105469
-16462.1015625 -16702.8691406 -17371.0800781 -16824.6210938 -17011.6503906 -17324.1308594 -16786.2539062 -16157.8173828
-15561.8291016 -15913.5605469 -16569.3515625 -16105.8916016 -16058.8984375 -16523.3945312 -15749.0927734 -15480.8105469
-18752.4570312 -18990.9492188 -19216.2050781 -18782.4726562 -19029.1132812 -19127.3593750 -18854.8183594 -18818.8750000
-16734.4257812 -17107.6250000 -17578.3027344 -16897.5976562 -17174.7187500 -17344.7167969 -17032.2714844 -16770.2597656
-15883.0419922 -16508.5195312 -17330.2460938 -16457.2031250 -16830.7656250 -17130.4238281 -16541.2343750 -16139.2070312
-16741.1308594 -16922.3984375 -17663.8593750 -17015.7089844 -17287.3261719 -17429.4550781 -16967.1972656 -16865.7714844
-16668.6542969 -17017.6152344 -17422.9785156 -16799.4199219 -17144.2675781 -17288.6542969 -16941.5839844 -16648.5820312
-16519.6816406 -17050.7128906 -17492.5175781 -16970.7519531 -17259.1542969 -17365.9199219 -16972.3515625 -16595.6015625
-16425.5683594 -17030.4335938 -17403.7265625 -16886.9375000 -17173.3144531 -17386.5390625 -17015.6269531 -16643.4277344
-16559.9101562 -16848.6035156 -17440.3535156 -16828.7226562 -17068.0742188 -17348.3789062 -16894.9023438 -16427.2910156
-15805.6123047 -17219.8437500 -17442.4062500 -17139.9980469 -17467.4042969 -17331.4062500 -17219.3964844 -16809.2597656
-16282.6855469 -16827.0273438 -17260.3183594 -16711.8007812 -17018.1777344 -17166.7773438 -16763.3085938 -16453.3671875
-15646.9052734 -16128.8828125 -16692.4921875 -16055.8701172 -16413.0332031 -16530.1308594 -16104.8847656 -15799.8417969
-16948.7109375 -17535.5156250 -18315.9140625 -17585.0410156 -17737.1445312 -18159.4511719 -17577.3925781 -17238.9511719
-16869.6875000 -16884.3066406 -17927.3789062 -17269.5839844 -17056.6406250 -17879.0058594 -17037.0859375 -16594.4882812
-16747.0371094 -17112.7890625 -17494.2109375 -16944.2929688 -17416.9960938 -17327.1132812 -17115.0664062 -16799.5527344
-16037.2597656 -16697.8417969 -17157.7265625 -16383.4882812 -16792.4882812 -16846.5703125 -16440.6601562 -16269.1630859
-17406.6523438 -17706.0742188 -18206.0175781 -17586.3632812 -17933.8300781 -18103.4882812 -17692.9609375 -17424.5449219
-18043.1171875 -18313.5917969 -18718.0332031 -18126.3730469 -18480.8886719 -18613.4687500 -18215.5644531 -17935.3378906
-17476.4238281 -17655.4453125 -18421.4042969 -17739.3398438 -17902.9550781 -18175.4941406 -17735.8925781 -17528.0703125
-17364.3730469 -17413.9355469 -18159.6113281 -17575.5703125 -17592.3378906 -18045.6562500 -17335.2734375 -17131.9062500
-16782.0449219 -17016.8554688 -17815.7519531 -17215.3789062 -17251.2421875 -17737.8378906 -17019.7695312 -16698.6308594
-17844.0898438 -18186.4433594 -18723.3828125 -18068.7226562 -18414.2636719 -18472.5976562 -18248.5546875 -17971.1757812
-16993.1425781 -16962.1835938 -17790.4316406 -17098.4746094 -17222.3007812 -17668.7500000 -17074.9453125 -16698.2089844
-16997.1406250 -17046.8398438 -17915.0351562 -17370.7929688 -17353.9492188 -17940.3925781 -17160.0156250 -16909.2011719
-17134.0703125 -17457.6445312 -18221.1328125 -17542.4277344 -17629.7558594 -18139.8652344 -17387.4082031 -17079.8945312
-17674.9062500 -18248.8261719 -17596.6503906 -17227.7636719 -18284.1523438 -17438.7246094 -18073.1328125 -17828.1328125
-17208.8964844 -17860.2617188 -17289.8261719 -16555.7656250 -17954.0644531 -17162.6074219 -17651.2714844 -17490.0820312
-16693.6757812 -17350.6582031 -16872.5039062 -16404.4335938 -17552.1835938 -16791.4003906 -17171.0000000 -16880.6113281
-16188.3291016 -16793.8789062 -16455.0429688 -15679.0878906 -16899.7460938 -16296.1767578 -16672.7363281 -16270.9882812
-16963.7675781 -17496.3261719 -17126.3750000 -16476.6328125 -17614.8847656 -17140.0292969 -17492.5664062 -17145.1230469
-17790.5527344 -18017.7421875 -18091.9238281 -17342.4316406 -18259.1035156 -17965.3691406 -18066.2636719 -17760.9550781
-18618.3945312 -18926.0742188 -18841.2207031 -18330.4589844 -19008.6191406 -18852.4179688 -18807.4238281 -18773.1074219
-17339.4101562 -17643.6796875 -17554.9511719 -16937.3828125 -17886.9296875 -17408.9101562 -17526.8535156 -17310.3203125
-17626.8164062 -18121.6894531 -17759.0175781 -17164.5957031 -18195.1738281 -17644.5273438 -17980.9062500 -17793.0234375
-16344.7011719 -16865.5839844 -16764.2890625 -15802.6845703 -16912.4882812 -16516.8027344 -16811.0214844 -16545.7910156
-16135.1953125 -16435.5820312 -16645.7343750 -15739.5791016 -16684.5507812 -16548.9433594 -16395.5625000 -16161.1992188
-17151.3437500 -17471.1503906 -17405.8417969 -16872.2636719 -17748.1542969 -17268.9824219 -17555.6835938 -17248.9335938
-17655.3593750 -18085.0546875 -17862.2128906 -17296.6054688 -18182.8066406 -17684.6972656 -17956.3222656 -17827.1484375
-17121.0957031 -17455.5566406 -17285.9667969 -16341.1201172 -17666.1953125 -17061.8359375 -17319.6582031 -17176.6152344
-17641.6015625 -18031.1210938 -17880.7324219 -17396.2382812 -18069.7402344 -17660.3535156 -17967.2968750 -17811.2519531
-18129.9199219 -18466.0214844 -18144.1269531 -17633.1328125 -18612.5156250 -17956.3808594 -18443.9667969 -18197.2460938
-17875.5371094 -18294.7480469 -17790.7207031 -17386.0136719 -18354.7636719 -17588.9082031 -18288.1953125 -17993.4687500
-17741.3378906 -18139.2597656 -17832.8183594 -17207.9101562 -18113.6406250 -17752.0449219 -18044.4042969 -17814.9101562
-17464.7519531 -17824.1035156 -17799.5449219 -16974.9863281 -18116.5371094 -17646.7519531 -17872.2089844 -17673.8964844
-16897.0527344 -17365.0429688 -17359.2675781 -16521.1914062 -17389.6523438 -17146.2304688 -17296.4257812 -16999.3750000
-19836.8339844 -20371.7480469 -19103.9335938 -19563.9062500 -20343.7324219 -19341.3828125 -20187.9746094 -19964.7617188
-18535.8359375 -18983.6171875 -17475.1308594 -18166.4785156 -18943.3378906 -18024.1269531 -18848.9394531 -18697.4394531
-18979.0585938 -19308.8632812 -17984.3613281 -18614.2792969 -19449.7382812 -18466.6953125 -19326.9492188 -19135.0996094
-18267.1503906 -18772.4257812 -17302.6484375 -17854.2109375 -18964.2753906 -17773.8535156 -18656.7636719 -18487.2675781
-17886.9941406 -18584.2050781 -16864.4140625 -17524.3691406 -18855.9140625 -17370.1250000 -18520.8554688 -18099.0214844
-17588.6738281 -18221.1738281 -16755.7773438 -17227.7968750 -18108.6386719 -17218.2050781 -17990.6445312 -17723.5546875
-17753.1191406 -18181.1484375 -16728.8535156 -17436.8378906 -18385.9257812 -17451.7050781 -18277.0839844 -17891.5078125
-17962.3281250 -18500.4824219 -16977.5000000 -17647.3769531 -18632.5410156 -17647.2929688 -18445.6328125 -18141.8964844
-18350.8632812 -18890.8613281 -17484.2070312 -18037.1679688 -19034.6152344 -18068.1132812 -18817.5703125 -18485.6152344
-18731.8242188 -19241.0273438 -17638.0429688 -18406.6191406 -19347.0664062 -18341.1777344 -19101.3203125 -18858.9199219
-19588.5410156 -19902.9804688 -18792.8339844 -19208.4355469 -20057.7011719 -19229.0644531 -19861.7402344 -19745.5957031
-17767.8281250 -18367.6777344 -16870.2382812 -17472.5781250 -18413.5937500 -17314.7675781 -18293.6875000 -18059.3417969
-18455.7812500 -18838.3964844 -17554.8925781 -17962.2890625 -18933.0566406 -17943.8105469 -18789.3925781 -18653.0351562
-17435.2871094 -17988.1152344 -16260.9873047 -17001.3457031 -18087.0781250 -16997.6406250 -17810.7988281 -17529.2421875
-18906.9570312 -19239.8144531 -18150.9062500 -18613.7167969 -19332.9707031 -18740.5312500 -19235.9863281 -19042.9179688
-19062.2167969 -19621.1855469 -18185.7753906 -18844.7363281 -19781.4902344 -18754.0546875 -19480.4414062 -19211.8554688
-19235.1914062 -19796.5566406 -18316.8281250 -18964.0722656 -19855.0097656 -18888.7597656 -19699.1406250 -19456.9609375
-18796.2382812 -19381.4843750 -17967.9355469 -18424.9628906 -19395.2285156 -18583.6347656 -19243.5800781 -19019.2832031
-19379.6875000 -19812.9101562 -18545.6914062 -19113.7402344 -19809.3632812 -19071.4062500 -19657.2890625 -19494.7226562
-19190.2441406 -19707.9667969 -18409.6308594 -19032.5019531 -19713.0859375 -19062.9550781 -19606.5781250 -19368.6386719
-18625.0683594 -19089.9531250 -17865.3632812 -18342.5546875 -19162.3769531 -18384.5878906 -19063.6972656 -18811.4003906
-18082.3945312 -18612.8945312 -17119.2363281 -17715.6894531 -18661.6269531 -17681.7656250 -18500.8417969 -18266.5566406
-17088.2167969 -16708.5683594 -18122.4785156 -17410.6191406 -17266.0878906 -18033.6699219 -17060.5214844 -17146.4023438
-18263.0800781 -17980.6289062 -19038.7460938 -18567.8222656 -18296.3945312 -19005.5390625 -18157.3535156 -18109.9453125
-17166.8789062 -16797.6523438 -18045.6386719 -17456.7285156 -17242.5136719 -18109.8398438 -17071.2480469 -17044.6757812
-17009.3242188 -16530.8945312 -17919.4687500 -17378.4003906 -17109.0410156 -17881.7539062 -16915.6464844 -16897.5449219
-18161.5097656 -17674.9882812 -18922.5351562 -18340.9277344 -18190.5371094 -18761.4511719 -17894.5175781 -17971.7402344
-16469.2109375 -16246.8007812 -17354.2695312 -16850.1972656 -15689.0625000 -17298.5605469 -15756.6269531 -16358.3896484
-16563.8125000 -15976.4541016 -17537.2382812 -16815.4003906 -16520.6972656 -17448.8222656 -16386.3496094 -16363.5664062
-15269.9472656 -14643.7109375 -16477.1445312 -15540.9404297 -15229.6464844 -16345.1748047 -14824.8759766 -15126.2597656
-15038.2167969 -14931.6865234 -16378.3896484 -15435.4257812 -14824.0195312 -16288.9072266 -14462.4814453 -14944.2724609
-17982.8476562 -17872.6894531 -18714.3710938 -18241.2304688 -17737.4023438 -18678.0234375 -17659.9335938 -17788.2871094
-18564.3945312 -18462.4570312 -19276.2792969 -18736.8613281 -18240.6582031 -19263.6992188 -18212.8945312 -18476.0800781
-18232.1035156 -17818.1054688 -19098.1367188 -18437.3535156 -18109.2187500 -19034.2089844 -18011.2656250 -18130.4843750
-17259.2226562 -16822.6660156 -18093.8066406 -17458.1972656 -17237.4238281 -18078.1894531 -16929.0000000 -17058.6914062
-16643.2460938 -16175.9765625 -17667.0820312 -16936.0644531 -16779.5312500 -17504.3535156 -16534.5878906 -16484.1582031
-16416.8437500 -16013.7851562 -17495.1640625 -16706.1601562 -16605.1269531 -17356.5703125 -16356.6650391 -16222.2382812
-16129.4140625 -15686.3828125 -17429.8808594 -16557.3105469 -16285.0908203 -17405.8652344 -16033.6630859 -16039.7890625
-16964.0703125 -16686.9726562 -17842.2187500 -17281.2324219 -16679.8203125 -17822.5429688 -16368.4091797 -16840.0605469
-16902.4394531 -16375.5117188 -17864.6894531 -17186.6308594 -16861.0937500 -17793.6093750 -16784.8046875 -16729.9394531
-16200.4072266 -15670.2060547 -17240.5527344 -16497.9101562 -16163.0058594 -17345.9648438 -15900.3105469 -16092.9375000
-16538.8222656 -16284.8085938 -17490.6992188 -16915.2285156 -16259.1250000 -17446.8593750 -16050.5576172 -16460.2968750
-15772.4755859 -15731.9921875 -16971.8750000 -16088.3759766 -15405.9355469 -16903.0351562 -15226.0488281 -15624.3349609
-18847.8046875 -18468.8574219 -19685.8632812 -19186.3593750 -18835.8808594 -19536.0546875 -18783.7226562 -18704.3925781
-16990.1445312 -17016.0058594 -17807.5019531 -17323.5781250 -16825.4121094 -17764.4980469 -16784.1640625 -16975.0625000
-16591.6328125 -16033.1494141 -17469.9765625 -16981.5292969 -16707.9160156 -17733.1894531 -16447.6972656 -16501.8925781
-18321.2519531 -17800.1953125 -19087.1035156 -18561.1894531 -18415.0507812 -19066.3398438 -18241.2597656 -18212.4492188
-17574.2773438 -17148.9140625 -18520.8593750 -17848.1875000 -17635.7128906 -18401.5292969 -17418.0917969 -17503.7246094
-16995.5488281 -16537.6269531 -17896.0625000 -17397.8691406 -17225.4882812 -18000.7167969 -16952.3574219 -16762.8671875
-17149.7578125 -16556.4550781 -18090.9003906 -17391.1816406 -17292.5839844 -18017.8105469 -16851.2382812 -17034.3750000
-16300.2910156 -15768.6845703 -17518.3613281 -16752.9570312 -16403.8828125 -17485.8417969 -16234.7343750 -16150.5654297
-16171.6308594 -15585.1650391 -17372.8437500 -16668.3222656 -16209.8398438 -17316.4531250 -16010.7783203 -16114.5957031
-17571.6542969 -18338.4316406 -17360.8007812 -17150.0664062 -18427.0332031 -16680.7031250 -18257.4453125 -17899.8105469
-16419.3554688 -16822.9101562 -16761.5078125 -15812.9843750 -16977.1152344 -16539.8867188 -16744.5722656 -16532.3789062
-18730.3554688 -19214.6699219 -18294.6191406 -18272.3632812 -19341.4550781 -17607.3535156 -19251.9843750 -18936.9433594
-17649.8574219 -17957.6777344 -17734.5078125 -17319.0332031 -18084.3046875 -17708.5507812 -17891.4375000 -17778.8691406
-18603.7148438 -19300.5742188 -18393.5019531 -18322.1250000 -19246.1718750 -17721.9082031 -19137.7656250 -18843.7617188
-17498.8574219 -18028.5683594 -17328.5898438 -16999.6894531 -18162.5703125 -16550.8437500 -18040.8007812 -17680.1464844
-17125.2246094 -17313.9707031 -17604.3476562 -17044.5449219 -17347.5781250 -17142.9082031 -17112.9843750 -17165.4941406
-18489.1582031 -18373.7187500 -19179.5859375 -18735.5468750 -18016.2968750 -19189.0996094 -18155.9550781 -18435.5644531
-17308.0820312 -17089.7421875 -18178.1347656 -17574.1406250 -17043.0000000 -18051.1328125 -16847.8300781 -17128.7109375
-17333.1699219 -17177.0273438 -18319.2460938 -17606.1699219 -16644.9375000 -18176.8476562 -16691.0898438 -17145.9218750
-16968.4453125 -16769.1230469 -17886.4101562 -17276.7382812 -16252.3144531 -17871.8593750 -16462.9921875 -16781.5488281
-17172.1699219 -17029.6230469 -18038.5429688 -17422.2500000 -16481.2207031 -17982.6582031 -16623.2656250 -16983.5253906
-16308.8417969 -16102.2470703 -17423.8574219 -16737.7460938 -15679.1328125 -17490.8828125 -15641.2763672 -16043.4121094
-17164.2207031 -16877.0019531 -18022.7500000 -17461.5917969 -16542.9941406 -18016.3085938 -16584.6074219 -16929.6269531
-17359.9140625 -17144.6445312 -18227.0527344 -17626.6777344 -16539.7851562 -18224.4257812 -16789.3574219 -17211.6054688
-18305.6601562 -18987.1621094 -18266.9101562 -18090.7753906 -18992.9199219 -17562.9609375 -18879.6718750 -18593.3066406
-16932.5000000 -17056.3105469 -17796.2910156 -17179.5527344 -16504.4355469 -17622.1210938 -16667.6425781 -16848.7246094
-17941.5585938 -18568.8105469 -17781.3710938 -17667.9843750 -18657.7519531 -17057.7265625 -18486.2402344 -18292.3046875
-17510.6230469 -17344.3750000 -18376.9648438 -17809.2539062 -16859.5820312 -18359.4628906 -16895.6191406 -17431.7773438
-18148.6289062 -18629.0507812 -18201.5332031 -17979.0312500 -18714.2734375 -17537.1367188 -18579.2148438 -18312.6093750
-17924.7109375 -17757.2226562 -18595.8261719 -18244.8593750 -17366.1445312 -18660.1933594 -17441.1640625 -17867.7070312
-16154.0117188 -15988.9111328 -17354.6308594 -16614.0488281 -15417.1552734 -17120.5703125 -15767.4248047 -16054.0654297
-18394.0410156 -18295.4414062 -19196.1933594 -18645.3183594 -17886.4687500 -19083.0976562 -17953.4707031 -18297.8222656
-17178.4316406 -17028.8125000 -18267.0761719 -17556.4023438 -16676.8066406 -18076.7675781 -16715.9667969 -17061.2402344
-19990.4101562 -20377.1464844 -19612.1523438 -19743.5546875 -20421.2285156 -19563.2011719 -20345.9980469 -20174.0019531
-19225.6074219 -19142.2304688 -19977.6757812 -19438.0937500 -19119.3847656 -19942.1601562 -18693.5351562 -19186.0097656
-18937.6542969 -18837.1601562 -19642.8457031 -19148.0957031 -18805.0937500 -19660.1562500 -18557.2617188 -18894.4980469
-17645.6816406 -17601.2246094 -18554.7382812 -17946.6132812 -17337.5546875 -18451.3496094 -17220.7265625 -17544.2421875
-17097.9921875 -16951.8925781 -17885.8203125 -17250.9218750 -16722.3320312 -17809.9355469 -16537.5566406 -16874.5937500
-17299.4082031 -17082.7187500 -18072.0312500 -17465.7734375 -17099.9218750 -18118.3691406 -16803.0605469 -17143.9785156
-16644.3671875 -16630.7382812 -17634.5000000 -17028.8242188 -16420.5039062 -17535.4531250 -16242.8222656 -16592.8378906
-17937.4121094 -17730.6855469 -18761.8710938 -18116.7851562 -17663.7167969 -18705.5468750 -17446.3613281 -17890.3476562
-16822.4140625 -16664.7968750 -18013.0703125 -17177.7851562 -16671.1562500 -18022.8105469 -16184.4677734 -16705.8535156
-17365.1621094 -17249.3847656 -18333.0097656 -17621.4707031 -17294.1035156 -18151.2851562 -16971.2773438 -17225.0800781
-16187.1308594 -16023.8212891 -17159.8867188 -16439.8203125 -15852.7568359 -17127.8730469 -15544.1210938 -16025.3486328
-16560.6816406 -16458.1328125 -17502.8125000 -16791.7441406 -16332.8740234 -17376.7539062 -16067.2744141 -16478.0585938
-15080.3808594 -14962.3710938 -16405.1582031 -15583.7480469 -14304.4619141 -16374.4384766 -14483.3300781 -14882.6777344
-15777.7792969 -15516.9218750 -17049.0761719 -16201.0517578 -14982.6767578 -17050.4628906 -15119.6015625 -15603.9726562
-16379.6962891 -16129.1376953 -17478.2558594 -16641.4960938 -16264.7773438 -17373.5957031 -16024.6972656 -16407.4609375
-16284.5107422 -16074.3886719 -17585.4472656 -16710.0664062 -15553.8193359 -17468.2382812 -15665.5000000 -16149.8310547
-16689.0273438 -16531.2031250 -17533.7167969 -16964.0605469 -16393.0078125 -17543.0019531 -16217.9589844 -16541.6855469
-15255.1376953 -15494.3837891 -16497.6015625 -15638.3232422 -15838.5390625 -16294.6367188 -15654.6484375 -15048.6503906
-16894.3964844 -17122.1718750 -17844.0683594 -17268.4238281 -17217.7148438 -17779.4257812 -17097.5019531 -16689.8828125
-16721.2519531 -16940.8652344 -17626.2246094 -17064.9414062 -17000.3945312 -17652.1953125 -16868.4609375 -16516.4687500
-17243.3808594 -17591.1992188 -18272.4824219 -17657.6406250 -17614.1875000 -18096.9042969 -17412.6562500 -17221.6093750
-17865.5214844 -17897.1816406 -18678.4648438 -18155.6503906 -18070.1855469 -18568.3925781 -17910.5781250 -17669.8300781
-17649.0722656 -17697.5078125 -18391.1269531 -17967.8945312 -17874.1230469 -18407.8769531 -17670.6484375 -17486.1035156
-16776.4765625 -16865.3828125 -17718.8046875 -17041.2910156 -16958.9472656 -17483.8457031 -16855.5371094 -16628.4062500
-17126.9062500 -17448.9765625 -18235.2050781 -17554.4140625 -17674.0078125 -18084.3710938 -17388.3789062 -17142.8789062
-17432.7167969 -17698.1054688 -18353.0351562 -17862.7011719 -17858.8652344 -18357.6835938 -17630.5078125 -17296.5039062
-16870.3046875 -16884.9511719 -17916.1640625 -17252.2734375 -17183.5429688 -17880.6308594 -17097.4277344 -16740.8671875
-17428.5683594 -17471.6406250 -18438.1152344 -17819.3027344 -17794.5410156 -18355.4453125 -17572.0351562 -17418.8339844
-17543.0136719 -17547.1523438 -18533.1835938 -17862.7460938 -17709.7031250 -18402.7363281 -17588.9667969 -17313.4667969
-18115.2578125 -18175.6542969 -18841.3867188 -18260.5449219 -18372.5546875 -18773.9589844 -18216.9394531 -17946.9667969
-17292.5644531 -17330.7324219 -18281.7988281 -17624.2910156 -17473.0097656 -18179.2265625 -17412.1582031 -17062.4492188
-16393.8750000 -15883.4501953 -17535.1992188 -16795.7519531 -16519.8222656 -17502.7871094 -16337.2031250 -16210.2070312
-17747.1835938 -17346.9433594 -18630.5019531 -17938.2304688 -17833.1835938 -18492.5976562 -17641.7558594 -17673.7851562
-19164.5449219 -19794.3730469 -18925.0351562 -18952.7988281 -19803.4941406 -18494.6699219 -19596.4101562 -19388.7441406
-19386.9843750 -19927.8222656 -19299.3398438 -19170.2070312 -20006.7148438 -18780.5175781 -19870.9296875 -19622.0917969
-18956.2207031 -19569.7500000 -18753.8769531 -18603.7441406 -19458.3769531 -18136.1562500 -19426.3359375 -19130.1328125
-18964.1816406 -19596.1894531 -18824.1464844 -18669.1269531 -19496.6601562 -18045.6992188 -19363.9472656 -19264.9726562
-19449.8164062 -19974.1562500 -19174.9609375 -19234.3750000 -20073.4687500 -18541.5781250 -19964.0195312 -19708.3359375
-18489.6621094 -19099.4765625 -18166.4453125 -18157.2382812 -19046.8652344 -17409.3847656 -19015.3046875 -18757.3203125
-18856.2167969 -19385.6972656 -18534.8242188 -18553.8535156 -19398.3515625 -18058.4433594 -19237.1718750 -18985.9140625
-19005.3906250 -19479.4824219 -18728.5117188 -18693.9414062 -19612.4296875 -18203.0839844 -19426.2207031 -19201.0273438
-17174.0488281 -16921.3066406 -18121.5996094 -17405.1425781 -16902.3808594 -17970.6718750 -16781.5878906 -17117.4179688
-18350.8164062 -18978.9667969 -17941.3828125 -17933.5410156 -18880.7773438 -17239.9375000 -18756.8046875 -18550.8574219
-18243.4941406 -18896.3066406 -18089.7148438 -17938.8867188 -18892.5195312 -17338.2753906 -18846.9492188 -18555.4921875
-18358.1289062 -19037.8164062 -18205.9648438 -18010.1718750 -18998.1386719 -17439.1425781 -18949.6289062 -18754.3632812
-18723.8085938 -19325.1386719 -18536.6464844 -18417.4492188 -19358.2968750 -18098.0605469 -19294.1289062 -19092.6269531
-18850.5468750 -19521.9335938 -18643.2402344 -18649.5722656 -19459.6621094 -18038.2656250 -19382.8125000 -19114.9609375
-19102.3535156 -19573.8046875 -18814.4238281 -18684.2773438 -19582.1953125 -18327.4687500 -19516.7812500 -19230.1093750
-19381.1855469 -19163.0839844 -19964.6777344 -19590.8339844 -19018.7734375 -19942.9375000 -18988.7714844 -19276.1855469
-18316.8613281 -18847.9765625 -18075.5097656 -17928.9589844 -18926.8925781 -17183.6210938 -18838.4355469 -18615.1523438
-18978.4531250 -19466.1562500 -18742.3398438 -18690.0878906 -19631.1503906 -18280.5898438 -19404.7265625 -19231.3691406
-18433.2792969 -19025.6093750 -18124.9257812 -18096.3906250 -19068.8046875 -17542.9257812 -18898.8417969 -18656.1347656
-19189.8554688 -19741.6699219 -18944.4277344 -18946.9765625 -19800.4453125 -18468.6308594 -19687.8691406 -19484.5253906
