-16335.5781250 -16568.7285156 -17304.3183594 -16644.1230469 -16848.0644531 -17090.4355469 -16468.0898438 -16237.0136719
-14619.9433594 -15622.6328125 -16364.3964844 -15631.5419922 -15848.0068359 -16140.1445312 -15581.0156250 -15246.8291016
-15773.7783203 -16090.0146484 -16961.8671875 -16289.4277344 -16249.8964844 -16642.3046875 -16060.0468750 -15678.6328125
-16323.9707031 -16628.6679688 -17405.0488281 -16762.8535156 -16845.7324219 -17170.8105469 -16552.7285156 -16252.9511719
-16683.4921875 -16955.8359375 -17623.1269531 -16941.2304688 -17139.2949219 -17422.4042969 -17011.7246094 -16746.6074219
-15696.7187500 -15813.1718750 -16875.2812500 -16200.4433594 -16257.9736328 -16788.2695312 -15967.8779297 -15651.9013672
-15096.9228516 -15421.9589844 -16103.3427734 -15388.8007812 -15627.7353516 -15822.6201172 -15312.7832031 -15160.4609375
-18332.2363281 -18647.6542969 -19037.5683594 -18584.7343750 -18775.7871094 -18969.5761719 -18575.9921875 -18433.5000000
-16154.9316406 -16705.3613281 -17066.7402344 -16603.7109375 -16901.3281250 -16994.5664062 -16582.8769531 -16384.4531250
-15969.8378906 -16402.4589844 -17019.2968750 -16458.8496094 -16648.4609375 -16777.2988281 -16463.7812500 -16125.7871094
-16146.5947266 -16591.0781250 -17039.8847656 -16362.1318359 -16784.8828125 -16933.9082031 -16503.6191406 -16325.3935547
-15933.2480469 -16296.8017578 -16827.6855469 -16353.5966797 -16459.1250000 -16770.8632812 -16213.8378906 -16115.6494141
-16433.0429688 -16969.6777344 -17178.9082031 -16684.4609375 -17294.5839844 -17019.1738281 -16971.0839844 -16713.3808594
-15686.9306641 -16181.0341797 -16793.1074219 -16119.3769531 -16480.8144531 -16609.2910156 -16160.2919922 -15782.5849609
-15727.0839844 -16055.6669922 -16745.1953125 -16195.8623047 -16237.6630859 -16610.3476562 -15966.8632812 -15761.7744141
-15227.9775391 -16223.4931641 -16855.2089844 -16255.3593750 -16438.3378906 -16739.1210938 -16201.0820312 -15912.5947266
-16065.2773438 -16404.0078125 -16745.8125000 -16194.7636719 -16671.5039062 -16651.6015625 -16326.9912109 -16215.8837891
-15492.2460938 -15951.5429688 -16529.7089844 -15889.7363281 -16098.0166016 -16300.7343750 -15768.7890625 -15676.5244141
-16707.3242188 -17309.5429688 -17647.8339844 -17266.4238281 -17598.8632812 -17505.7988281 -17343.0878906 -16999.5273438
-16652.6093750 -16880.9140625 -17587.2285156 -17040.9511719 -17184.6621094 -17466.4589844 -16928.8437500 -16546.6269531
-16449.2265625 -16691.1152344 -17354.6777344 -16645.9765625 -17061.2734375 -17161.2500000 -16700.3535156 -16606.5507812
-15996.7714844 -16538.9472656 -16917.1523438 -16502.4960938 -16642.6367188 -16674.4746094 -16344.4316406 -16250.5410156
-16946.4648438 -17296.0625000 -17795.6914062 -17286.9589844 -17509.8789062 -17747.5859375 -17277.5214844 -17077.7832031
-17674.0312500 -17832.6914062 -18423.0546875 -17968.8652344 -18064.2832031 -18252.2890625 -17899.8398438 -17533.8613281
-17187.7539062 -17430.4453125 -17908.2929688 -17466.6132812 -17681.5312500 -17797.3789062 -17424.5917969 -17214.9179688
-16964.1582031 -17036.8730469 -17773.4394531 -17254.4296875 -17285.2714844 -17690.8027344 -17093.7402344 -16726.9082031
-16525.5507812 -16592.7460938 -17455.2460938 -16917.4707031 -16938.3671875 -17326.1992188 -16720.9433594 -16346.2001953
-17487.1171875 -17922.5175781 -18159.6191406 -17840.8183594 -17941.7695312 -18118.4667969 -17774.9179688 -17747.6777344
-16356.9541016 -16548.7597656 -17384.5664062 -16588.3789062 -16722.7382812 -17149.0078125 -16604.4863281 -16094.0341797
-16660.6582031 -16871.1679688 -17545.7539062 -16974.9218750 -17114.8847656 -17420.1484375 -16816.1972656 -16378.9013672
-16902.4765625 -16987.0800781 -17845.5429688 -17193.6718750 -17248.0996094 -17795.6777344 -17055.2558594 -16698.1503906
-16928.5234375 -17131.6816406 -17193.1289062 -16420.6464844 -17563.8574219 -16802.1601562 -17175.4824219 -16914.6679688
-16575.2519531 -17002.2167969 -16855.6757812 -16020.7050781 -17288.9863281 -16638.9335938 -16959.9570312 -16785.6210938
-16308.4619141 -16886.8867188 -16712.0351562 -16070.7841797 -16970.9375000 -16378.2246094 -16659.8984375 -16487.0527344
-16085.4951172 -16543.3710938 -16294.9169922 -15564.5429688 -16781.7734375 -16118.7949219 -16502.9511719 -16385.1074219
-16329.8154297 -16875.2480469 -16633.5351562 -15864.3583984 -16921.2460938 -16442.4687500 -16646.8867188 -16405.8398438
-17491.7265625 -17883.4589844 -17939.2871094 -17303.8027344 -18097.0312500 -17808.1582031 -17903.3632812 -17728.7792969
-18292.7871094 -18588.4218750 -18394.9824219 -17921.4785156 -18772.7089844 -18342.4316406 -18598.3613281 -18434.1386719
-16866.3710938 -17171.6093750 -17174.0820312 -16517.3105469 -17450.2558594 -17017.4335938 -17165.0429688 -17050.8691406
-17403.7871094 -17769.1367188 -17477.2539062 -16877.1816406 -18013.8320312 -17419.5781250 -17710.1445312 -17617.3398438
-16281.3115234 -16675.1347656 -16193.5322266 -15805.5185547 -16898.6972656 -16186.9433594 -16790.7871094 -16480.4960938
-15936.2861328 -16300.4648438 -15939.8935547 -15195.7314453 -16648.5429688 -15767.7734375 -16257.9785156 -16086.1386719
-16996.2285156 -17357.3515625 -17162.4589844 -16578.3652344 -17529.7968750 -17015.1074219 -17340.5019531 -17167.1621094
-17174.5332031 -17405.8730469 -17297.4843750 -16743.0214844 -17764.9570312 -17026.3925781 -17418.9726562 -17344.0917969
-16241.3710938 -16720.1250000 -16413.6308594 -15790.0488281 -16898.5605469 -16376.1113281 -16769.6875000 -16400.2128906
-17382.5429688 -17817.7929688 -17456.0996094 -16932.0117188 -18034.9121094 -17395.3613281 -17852.0683594 -17690.5546875
-17843.1425781 -18224.0488281 -18006.0292969 -17511.3945312 -18401.8789062 -17875.9687500 -18159.5371094 -17973.4140625
-17247.2617188 -17493.4785156 -17440.9218750 -16737.5644531 -17993.2832031 -17286.9980469 -17598.9960938 -17438.6035156
-17360.8769531 -17608.3183594 -17457.5078125 -16988.0234375 -17768.0683594 -17432.3964844 -17576.2714844 -17374.7070312
-16994.4707031 -17434.0664062 -17086.1230469 -16441.7558594 -17586.5742188 -16923.6074219 -17426.0292969 -17190.4160156
-16803.7636719 -17174.6347656 -16840.1484375 -16256.6806641 -17388.8750000 -16648.8164062 -17158.1347656 -16914.7929688
-19248.0292969 -19587.1679688 -18602.3125000 -18936.7089844 -19584.3984375 -18841.0097656 -19489.2812500 -19368.8320312
-18218.1113281 -18650.8945312 -17263.3945312 -17863.0625000 -18674.7675781 -17802.1601562 -18611.0781250 -18412.5507812
-18499.4218750 -18905.4335938 -17586.1269531 -18161.1718750 -19048.3144531 -18109.7441406 -18922.0800781 -18583.0097656
-17605.3203125 -18212.0429688 -16705.7988281 -17382.2402344 -18347.7519531 -17202.0253906 -18086.3261719 -17877.3613281
-17045.0097656 -17438.1699219 -16123.8105469 -16539.2421875 -17634.4433594 -16586.6972656 -17491.7070312 -17155.2304688
-17328.8261719 -17818.3808594 -16132.4638672 -16856.3320312 -17906.3203125 -16781.8593750 -17685.8378906 -17601.9199219
-17356.1406250 -17877.1699219 -16380.1435547 -17027.8808594 -18024.8574219 -16972.5019531 -17842.1210938 -17639.8144531
-17312.7714844 -17927.2851562 -16495.1074219 -16985.7675781 -18080.4882812 -17005.5234375 -17963.2988281 -17721.1054688
-17961.4589844 -18483.7558594 -16869.5605469 -17681.7558594 -18593.0703125 -17638.5546875 -18480.8906250 -18136.9511719
-18035.6425781 -18635.3085938 -17147.7187500 -17705.7539062 -18605.5292969 -17617.9746094 -18399.7187500 -18307.1699219
-19229.9492188 -19654.5039062 -18318.3789062 -18849.6660156 -19782.6582031 -18862.1230469 -19576.1074219 -19383.4003906
-17627.0371094 -18277.0761719 -16647.0273438 -17269.7265625 -18184.5976562 -17170.4316406 -18085.0175781 -17961.1054688
-18013.9160156 -18590.9316406 -17289.2031250 -17724.9687500 -18603.1699219 -17745.2128906 -18573.3378906 -18302.4003906
-16722.4296875 -17237.4121094 -16019.6894531 -16391.8437500 -17402.6132812 -16468.3515625 -17218.4960938 -17045.4023438
-18931.6035156 -19252.9453125 -18159.2949219 -18532.0898438 -19400.4042969 -18466.9941406 -19344.6621094 -19077.1757812
-18458.1718750 -18935.9628906 -17620.5410156 -18172.8281250 -19062.7519531 -18126.7949219 -18886.0722656 -18673.5351562
-18492.1445312 -18988.5234375 -17610.4531250 -18149.8652344 -19053.0117188 -18215.0097656 -18862.5703125 -18712.6953125
-18562.4589844 -18956.9550781 -17721.9355469 -18172.2421875 -19058.2421875 -18075.4804688 -18868.0898438 -18629.4101562
-18661.2910156 -19244.1855469 -17985.2109375 -18403.5527344 -19175.9062500 -18368.4003906 -19136.0800781 -18874.5761719
-18488.3828125 -18853.1699219 -17621.0898438 -18225.9941406 -18940.9160156 -18218.9218750 -18859.4921875 -18689.2539062
-18352.1250000 -18803.3066406 -17547.5859375 -17999.5527344 -18820.6035156 -18063.5566406 -18674.1347656 -18419.5566406
-17696.0820312 -18307.4199219 -16500.7187500 -17340.3828125 -18367.2363281 -17209.0878906 -18201.4609375 -17973.7089844
-17011.3203125 -16484.8378906 -17972.9277344 -17255.4003906 -17116.1250000 -17875.1601562 -16871.3027344 -16907.1699219
-18047.1777344 -17754.1816406 -18926.7265625 -18389.7246094 -18168.2441406 -18781.8574219 -18020.0273438 -17963.0761719
-16852.1679688 -16324.6113281 -17839.5683594 -17173.9394531 -16970.1347656 -17864.3886719 -16691.2988281 -16870.1171875
-16682.9296875 -16206.2558594 -17669.3632812 -17006.7421875 -16800.2832031 -17524.7871094 -16650.5468750 -16599.3652344
-17759.7421875 -17417.4375000 -18483.4765625 -17967.0371094 -17951.8007812 -18322.7246094 -17702.6542969 -17726.9628906
-16307.7597656 -16162.2500000 -17290.9121094 -16649.1582031 -15618.5820312 -17355.6835938 -15671.6181641 -16191.7031250
-16308.9980469 -15938.6679688 -17375.4589844 -16676.6386719 -16399.1269531 -17226.1835938 -16166.5839844 -16247.3476562
-15271.7597656 -14800.9316406 -16624.5039062 -15649.8769531 -15631.5146484 -16441.2617188 -15237.8730469 -15206.0234375
-14600.6113281 -14546.1357422 -15718.0976562 -15025.8476562 -14342.4404297 -15595.1591797 -14170.1621094 -14677.2978516
-17618.9980469 -17580.1503906 -18457.2089844 -17897.7890625 -17476.3476562 -18337.4375000 -17306.3066406 -17552.1738281
-18282.1347656 -18333.1035156 -19151.5039062 -18568.2324219 -18238.5019531 -18965.5566406 -17971.8671875 -18281.5605469
-17717.7714844 -17240.0234375 -18495.8027344 -17965.4277344 -17706.8691406 -18517.8417969 -17556.2421875 -17696.4218750
-17203.8554688 -16831.2207031 -18096.5703125 -17449.3808594 -17250.7148438 -18089.6796875 -17057.0683594 -17133.4902344
-16334.9599609 -15758.2714844 -17328.9218750 -16679.7753906 -16485.8476562 -17285.7753906 -16177.9599609 -16144.4169922
-16335.4091797 -15781.2714844 -17274.5019531 -16608.8808594 -16387.8613281 -17204.9511719 -16048.3261719 -16151.2890625
-16000.4023438 -15544.1367188 -17109.6484375 -16366.9589844 -16181.5869141 -16847.6210938 -15945.5468750 -15883.8964844
-16822.4941406 -16695.6132812 -17974.0195312 -17136.8535156 -16611.6406250 -17681.5976562 -16327.1416016 -16719.2207031
-17011.7031250 -16582.9863281 -17861.2500000 -17323.6015625 -16937.0683594 -17827.8613281 -16753.9804688 -16860.7929688
-15869.9863281 -15349.8681641 -16955.7617188 -16178.8759766 -16076.8544922 -16820.8984375 -15789.1699219 -15796.9687500
-16411.0683594 -16311.7578125 -17444.6445312 -16823.2656250 -16233.0839844 -17281.6757812 -15965.4960938 -16278.2177734
-15306.8076172 -15045.1142578 -16447.7910156 -15646.9160156 -14902.7197266 -16273.3261719 -14780.0761719 -15227.8027344
-18678.2167969 -18401.5429688 -19448.2265625 -18887.5039062 -18795.4140625 -19357.7988281 -18585.9980469 -18635.8613281
-16746.0195312 -16427.4960938 -17646.0468750 -16969.9199219 -16433.1621094 -17508.4238281 -16366.0585938 -16657.4570312
-16606.6191406 -16063.7109375 -17607.2089844 -16943.6777344 -16649.6035156 -17521.6660156 -16414.4238281 -16339.1142578
-18050.8144531 -17760.3515625 -18782.4492188 -18344.7050781 -18279.9375000 -18841.0507812 -18026.0214844 -17908.7519531
-17554.8750000 -17275.9394531 -18291.7832031 -17649.7949219 -17757.4511719 -18278.9140625 -17510.1582031 -17516.2753906
-16528.0625000 -16041.6308594 -17656.9902344 -16879.7734375 -16621.6093750 -17521.3496094 -16397.5664062 -16522.6328125
-16890.4824219 -16438.4765625 -17846.1289062 -17154.3769531 -16730.5390625 -17694.8339844 -16642.2734375 -16711.8808594
-16269.9013672 -15733.4404297 -17260.6308594 -16626.6328125 -16345.1572266 -17204.2890625 -16157.0517578 -16206.3378906
-16301.6250000 -15807.9414062 -17310.8437500 -16595.1367188 -16240.9833984 -17169.4511719 -16104.1708984 -16093.7998047
-16768.3730469 -17402.7226562 -16494.5117188 -16468.1230469 -17543.4746094 -15892.1279297 -17239.4667969 -17030.6679688
-16272.2216797 -16655.3906250 -16572.0546875 -15920.4091797 -16800.5722656 -16577.9746094 -16571.9804688 -16463.4746094
-18051.1152344 -18629.6367188 -17844.4570312 -17706.5722656 -18660.8105469 -17290.0839844 -18484.4101562 -18233.0351562
-17367.7343750 -17784.0312500 -17336.7226562 -16877.8339844 -17901.5273438 -17150.9687500 -17737.5039062 -17569.2539062
-17915.0058594 -18516.8300781 -17758.4414062 -17682.7753906 -18675.4746094 -17203.0097656 -18515.9980469 -18228.0214844
-16961.1191406 -17309.4707031 -16892.3339844 -16712.7617188 -17467.7519531 -16224.4267578 -17313.1074219 -17101.1894531
-16905.8007812 -17129.0859375 -17152.1386719 -16867.0332031 -17255.8359375 -16843.3144531 -17022.4746094 -16993.8945312
-18024.0195312 -17826.0292969 -18618.7910156 -18298.0156250 -17345.3906250 -18604.6894531 -17507.9042969 -17936.8808594
-17001.1816406 -16824.3066406 -17918.1367188 -17253.5761719 -16687.5449219 -17838.2812500 -16505.6992188 -16991.9179688
-17125.3808594 -17066.4140625 -18040.5859375 -17418.0820312 -16596.2441406 -17965.2070312 -16685.4511719 -17106.9902344
-17025.1757812 -16811.6835938 -17869.4707031 -17336.4960938 -16143.2099609 -17817.2714844 -16353.6943359 -16861.6542969
-16596.6542969 -16506.6992188 -17556.8632812 -17007.7050781 -16039.8222656 -17506.6425781 -16104.8164062 -16492.8261719
-16195.8027344 -15991.8330078 -17255.1953125 -16607.1425781 -15444.5849609 -17242.1054688 -15581.6904297 -16181.0732422
-16856.7597656 -16715.1035156 -17886.0390625 -17297.5781250 -16193.8769531 -17830.9082031 -16389.7968750 -16802.7167969
-16897.3867188 -16711.2402344 -17877.0390625 -17254.5917969 -16216.8847656 -17755.4492188 -16312.9628906 -16834.6250000
-17866.3320312 -18369.9687500 -17795.6640625 -17622.4804688 -18462.4121094 -17238.1210938 -18201.6308594 -18101.7539062
-16517.0332031 -16633.5195312 -17186.0117188 -16812.6015625 -16175.8818359 -17070.0937500 -16234.4482422 -16521.9765625
-17516.2675781 -18028.8613281 -17359.9843750 -17226.0546875 -18022.2812500 -16644.7500000 -17908.6269531 -17676.4882812
-17047.8808594 -16877.7363281 -17970.1718750 -17362.8066406 -16270.9150391 -18028.0957031 -16484.2070312 -16988.0605469
-17665.2304688 -18140.1660156 -17630.4355469 -17462.4667969 -18118.7402344 -16965.0234375 -17956.4648438 -17791.1992188
-17546.1328125 -17298.3164062 -18374.3125000 -17923.3203125 -16928.2187500 -18366.4179688 -16989.2031250 -17520.4941406
-16103.9931641 -15822.2236328 -17165.0917969 -16462.1015625 -15287.5566406 -17054.9316406 -15490.3007812 -15884.9882812
-17788.0625000 -17637.2988281 -18600.3007812 -18130.4902344 -17176.9375000 -18607.8203125 -17372.4667969 -17721.3164062
-16787.8847656 -16725.1796875 -17730.1933594 -17242.4160156 -16299.9423828 -17695.9375000 -16353.3544922 -16658.6074219
-19475.1386719 -19853.5644531 -19175.2832031 -19257.2460938 -19990.4472656 -19087.3496094 -19819.4785156 -19623.5019531
-18926.7890625 -18877.0957031 -19657.3261719 -19134.2949219 -18938.7949219 -19505.0351562 -18517.7910156 -18963.4257812
-18515.1484375 -18533.6132812 -19298.3027344 -18813.1171875 -18383.3964844 -19250.5117188 -18256.9843750 -18470.3671875
-17375.0175781 -17286.2089844 -18234.8632812 -17707.4863281 -17297.2695312 -18175.3261719 -17011.6542969 -17282.8339844
-16938.1816406 -16919.5722656 -17970.9843750 -17338.8632812 -16893.5039062 -17855.0722656 -16602.2070312 -16953.3828125
-16503.7558594 -16375.2919922 -17408.3925781 -16855.5195312 -16190.0253906 -17363.3750000 -16023.8349609 -16511.6035156
-16311.1376953 -16240.2539062 -17326.7167969 -16683.1562500 -16042.6347656 -17063.8281250 -15850.5634766 -16343.5683594
-17549.5996094 -17374.3886719 -18326.3222656 -17769.7382812 -17280.9960938 -18336.8496094 -17149.0761719 -17455.1542969
-16257.2949219 -16300.1386719 -17426.4296875 -16632.5136719 -16221.6777344 -17139.7031250 -15716.2558594 -16358.9375000
-16636.9765625 -16676.0507812 -17617.9765625 -16965.1777344 -16489.9218750 -17544.9453125 -16259.8046875 -16709.2070312
-15725.8154297 -15566.9414062 -16880.3613281 -16107.9384766 -15451.2929688 -16722.3554688 -15283.8847656 -15576.3847656
-16186.0253906 -16013.2363281 -17193.1855469 -16561.8183594 -15964.5957031 -17125.8261719 -15680.4521484 -16014.5048828
-15313.4423828 -15201.7460938 -16519.5058594 -15751.1533203 -14389.8037109 -16583.4179688 -14603.0849609 -15292.8427734
-15693.9853516 -15544.1484375 -16777.1015625 -16088.8564453 -15011.2968750 -16781.7812500 -15171.9130859 -15690.6191406
-15948.0146484 -15920.9804688 -17045.0957031 -16298.8349609 -15958.3300781 -16992.5683594 -15711.3144531 -16012.3310547
-15975.8193359 -15877.7451172 -17112.5996094 -16370.2783203 -15236.9130859 -16953.7773438 -15396.0380859 -15924.0869141
-16623.1464844 -16584.5898438 -17765.5371094 -16980.9335938 -16553.2929688 -17526.7597656 -16230.2949219 -16633.0683594
-15153.3388672 -15308.1064453 -16454.9082031 -15651.5878906 -15704.3369141 -16277.9472656 -15375.8847656 -14985.7832031
-17055.1855469 -17219.7226562 -18024.8886719 -17335.8867188 -17361.8261719 -17789.2500000 -17129.9160156 -16832.2851562
-16451.5859375 -16690.8066406 -17508.5156250 -16962.9531250 -16924.9140625 -17395.6503906 -16608.8925781 -16286.3203125
-16918.1875000 -17036.2480469 -17631.6015625 -17143.1933594 -17313.3417969 -17564.0722656 -17013.7480469 -16740.3378906
-17522.5253906 -17499.4218750 -18237.4882812 -17730.0800781 -17781.5742188 -18214.1777344 -17547.3671875 -17187.1582031
-17199.8945312 -17342.4257812 -18148.7675781 -17593.3515625 -17476.0429688 -18010.5273438 -17276.5527344 -17038.5761719
-16130.9316406 -16272.6757812 -17084.5527344 -16524.2539062 -16653.1992188 -17007.7519531 -16369.8896484 -16098.7216797
-17070.9980469 -17210.3906250 -17933.3085938 -17349.6757812 -17304.7851562 -17764.5664062 -17127.4218750 -16800.6914062
-17265.5976562 -17584.8769531 -18070.2851562 -17713.6679688 -17760.4628906 -18221.7792969 -17557.9218750 -17252.3066406
-16619.0019531 -16808.4941406 -17596.7636719 -16936.2929688 -17020.0507812 -17361.7714844 -16853.8652344 -16438.7910156
-17246.1269531 -17240.3632812 -18187.1757812 -17551.1464844 -17560.5605469 -18067.2167969 -17268.5644531 -16951.1875000
-17287.3339844 -17316.0234375 -18292.2871094 -17647.4824219 -17645.8984375 -18185.3222656 -17479.9804688 -17228.4199219
-17818.5742188 -17859.7656250 -18476.3300781 -18071.2265625 -18105.8066406 -18385.3125000 -17925.9160156 -17638.5878906
-17211.6523438 -17297.8222656 -18108.2949219 -17517.4140625 -17586.2304688 -17912.4003906 -17471.3867188 -17093.5332031
-16186.9931641 -15904.5546875 -17406.7656250 -16575.1679688 -16427.5156250 -17178.0996094 -16205.5937500 -16117.3037109
-17262.1347656 -16890.7031250 -18103.7753906 -17517.1855469 -17591.0312500 -18017.3710938 -17232.7265625 -17161.9160156
-18392.1054688 -18902.8925781 -18352.8144531 -18164.1601562 -19000.0742188 -17857.3574219 -18862.8359375 -18670.2636719
-18919.9843750 -19408.2949219 -18892.2128906 -18742.6269531 -19407.4785156 -18441.7207031 -19303.4550781 -19170.9667969
-18277.3945312 -18826.0742188 -18045.3046875 -18036.9394531 -18861.7871094 -17489.5664062 -18727.0722656 -18503.4414062
-18553.1933594 -19158.2773438 -18359.2285156 -18266.0175781 -19230.2773438 -17747.9277344 -19077.0722656 -18834.0996094
-18964.7011719 -19477.6171875 -18615.7949219 -18700.5000000 -19562.6914062 -18212.3613281 -19376.4160156 -19134.7578125
-17630.8964844 -18318.1503906 -17466.4609375 -17283.1230469 -18314.5468750 -16636.2050781 -18147.4765625 -17890.8496094
-18167.1015625 -18669.9062500 -17895.4921875 -17714.4746094 -18816.6230469 -17211.3984375 -18614.6464844 -18313.6113281
-18532.9921875 -19044.3906250 -18111.2187500 -18215.0488281 -19118.0175781 -17744.9414062 -18894.0878906 -18731.2832031
-16514.6796875 -16432.7968750 -17403.8222656 -16797.9589844 -16395.5058594 -17280.2421875 -16208.5107422 -16619.9843750
-17813.5781250 -18387.8671875 -17762.2500000 -17573.7773438 -18533.5605469 -16858.3359375 -18299.0917969 -18073.3105469
-17621.5371094 -18064.2656250 -17328.1074219 -17288.7558594 -18272.6093750 -16991.1347656 -18049.8242188 -17775.8066406
-17726.2070312 -18282.6972656 -17529.2578125 -17394.8476562 -18363.6992188 -16809.3730469 -18199.8417969 -18016.3046875
-18375.8496094 -19030.3476562 -18148.5332031 -18093.9453125 -19077.9179688 -17661.4824219 -18875.6425781 -18664.7636719
-18356.6406250 -18925.4511719 -18059.7558594 -17999.4785156 -18952.0019531 -17605.5625000 -18837.4667969 -18649.7148438
-18640.6464844 -19024.3828125 -18446.8691406 -18247.7832031 -19182.2011719 -17824.6953125 -18995.4453125 -18805.1562500
-18907.7304688 -18847.3886719 -19649.1503906 -19172.3593750 -18739.9433594 -19528.5039062 -18670.2343750 -18915.0507812
-17826.4667969 -18472.9648438 -17486.2910156 -17478.2246094 -18418.2578125 -16910.9804688 -18316.0937500 -18190.6015625
-18578.9277344 -19002.8789062 -18512.6171875 -18294.3984375 -19114.9199219 -17853.5625000 -18999.4687500 -18786.8925781
-17804.1738281 -18209.6152344 -17388.9121094 -17265.9296875 -18303.1738281 -16843.8222656 -18163.7968750 -17893.5429688
-18485.6171875 -18914.8300781 -18316.5058594 -18193.7890625 -19020.6386719 -17728.4726562 -18794.4316406 -18693.2031250
