-16376.4560547 -16917.9277344 -17323.4218750 -16701.2207031 -17260.0839844 -17234.6250000 -16970.6015625 -16546.1093750
-14538.0048828 -15682.7382812 -16444.7089844 -15713.2412109 -16137.0000000 -16069.4394531 -15831.0126953 -15252.5927734
-16084.4765625 -16428.4550781 -17353.7421875 -16581.8281250 -16681.0742188 -16903.1562500 -16246.6093750 -15966.6347656
-16638.0585938 -16831.6621094 -17566.4628906 -16961.7714844 -17071.6679688 -17413.7226562 -16821.6484375 -16454.4531250
-17079.2460938 -17391.2050781 -18019.0195312 -17426.3027344 -17601.7207031 -17670.0371094 -17332.7363281 -17196.6152344
-15970.5292969 -16386.5234375 -16979.0449219 -16362.0048828 -16512.0332031 -16757.4472656 -16413.3476562 -15907.7968750
-15312.0673828 -15798.0126953 -16422.9257812 -15678.7343750 -16060.3525391 -16164.2529297 -15842.0986328 -15401.9638672
-18765.8281250 -19140.1191406 -19389.9550781 -19085.7949219 -19185.5097656 -19302.0429688 -19169.7480469 -18823.6640625
-16483.7675781 -17061.2675781 -17532.6445312 -16849.3730469 -17364.3789062 -17293.6386719 -17070.5000000 -16754.0683594
-16149.2617188 -16893.5625000 -17219.5468750 -16655.3574219 -17045.5000000 -17142.5761719 -16802.9980469 -16609.5585938
-16275.2089844 -16705.6386719 -17364.8046875 -16624.3515625 -16799.1914062 -17035.1718750 -16693.7597656 -16384.8105469
-16219.1318359 -16676.2734375 -17271.9121094 -16637.7070312 -17032.7773438 -16994.8632812 -16755.7500000 -16317.4033203
-16679.9843750 -17093.7460938 -17718.8769531 -17067.1738281 -17368.0332031 -17353.7167969 -17174.6152344 -16872.4414062
-16104.1279297 -16469.5371094 -17148.5429688 -16437.6250000 -16857.3164062 -16926.6933594 -16559.4355469 -16234.5136719
-16020.1513672 -16444.2363281 -17070.4765625 -16509.9160156 -16728.0644531 -16840.6386719 -16548.7207031 -16084.6767578
-15304.2763672 -16321.0927734 -16968.9785156 -16395.3203125 -16723.7734375 -16684.0722656 -16406.8964844 -15904.8486328
-16253.5957031 -16779.4023438 -17140.1503906 -16562.6640625 -16972.3007812 -16986.5800781 -16773.4414062 -16493.1523438
-15699.7597656 -16137.9794922 -16748.8203125 -16250.7158203 -16443.2988281 -16652.1406250 -16314.0849609 -15812.2060547
-16920.1914062 -17577.2929688 -17904.1406250 -17405.1640625 -17778.7011719 -17820.7792969 -17498.1992188 -17178.1074219
-16938.2050781 -17091.9785156 -18042.1074219 -17445.0898438 -17476.8242188 -17825.2441406 -17209.8886719 -16802.4843750
-16610.8339844 -16950.6093750 -17847.6855469 -17061.6210938 -17364.2207031 -17714.9941406 -17109.8339844 -16645.2871094
-16114.9238281 -16577.9960938 -17018.2070312 -16345.0859375 -16822.2675781 -16697.7167969 -16530.8593750 -16181.4472656
-17267.9843750 -17688.2734375 -18194.4082031 -17637.3437500 -17906.6816406 -17955.3847656 -17814.4980469 -17366.8105469
-17859.2148438 -18147.9492188 -18695.3300781 -18087.5839844 -18476.7167969 -18305.5058594 -18180.3222656 -17721.5390625
-17195.7382812 -17544.8574219 -18083.2011719 -17519.2050781 -17793.6718750 -17970.7304688 -17598.6757812 -17339.8554688
-17163.4082031 -17305.4179688 -18049.8535156 -17555.4726562 -17487.5117188 -17894.3750000 -17344.6835938 -16933.3515625
-16892.1464844 -16804.7675781 -17899.6835938 -17273.5722656 -17032.7382812 -17698.5527344 -16908.3671875 -16649.3457031
-17685.3613281 -17994.6777344 -18371.1582031 -17882.3476562 -18208.7109375 -18270.6699219 -18143.3007812 -17773.4550781
-16699.1582031 -16835.0410156 -17786.8828125 -17057.9042969 -17186.2636719 -17480.4316406 -17066.3769531 -16570.2460938
-16686.3027344 -16784.3906250 -17731.5332031 -17114.3339844 -17083.1367188 -17576.7734375 -16826.4003906 -16570.1894531
-17204.9667969 -17397.2773438 -18078.4023438 -17565.2089844 -17570.8222656 -17898.7519531 -17395.3144531 -17101.4023438
-16975.5078125 -17273.1601562 -17068.0156250 -16474.4453125 -17481.9257812 -16846.3632812 -17244.4433594 -17199.0390625
-17095.8945312 -17375.8691406 -17253.4511719 -16287.5351562 -17698.8378906 -16989.8476562 -17495.5742188 -17234.7578125
-16611.5332031 -17095.5664062 -16920.6347656 -16086.9384766 -17362.8867188 -16627.7753906 -17169.4960938 -16797.0019531
-16456.0156250 -16943.6113281 -16371.3056641 -15800.6308594 -17103.3183594 -16248.2363281 -16767.2226562 -16605.0058594
-16684.3027344 -17311.1113281 -16878.5058594 -16197.4082031 -17493.2910156 -16521.3906250 -17094.3320312 -17060.1328125
-18170.2792969 -18493.3632812 -18325.5683594 -17521.3437500 -18634.7656250 -17938.4218750 -18442.2734375 -18287.9492188
-18421.5312500 -18703.2578125 -18452.6855469 -18053.2929688 -18929.2988281 -18377.4375000 -18829.2246094 -18539.8125000
-17257.9277344 -17683.6933594 -17554.4589844 -16979.2148438 -17855.8632812 -17353.1113281 -17624.7636719 -17442.8652344
-17516.6757812 -17948.6621094 -17689.6132812 -17059.6289062 -18277.2382812 -17416.2832031 -18050.2070312 -17734.1601562
-16309.2861328 -16873.9843750 -16405.8222656 -15797.9296875 -17163.7089844 -16153.2421875 -16928.4804688 -16674.9589844
-16371.4736328 -16917.8925781 -16735.1015625 -15837.9501953 -17257.7675781 -16242.5419922 -16969.3398438 -16606.1445312
-17022.9414062 -17656.9277344 -17378.1308594 -16721.5390625 -17849.9375000 -17167.5722656 -17669.7460938 -17419.2578125
-17379.3222656 -17772.6464844 -17518.3789062 -16912.3554688 -17919.7382812 -17304.1816406 -17788.4882812 -17560.5683594
-16706.0292969 -17068.7578125 -16861.1660156 -15988.5957031 -17403.8574219 -16639.1601562 -17120.3437500 -16919.1562500
-17807.4101562 -18069.3085938 -17892.3085938 -17340.4570312 -18283.6562500 -17694.1132812 -18172.2011719 -17969.0761719
-17992.0800781 -18389.9589844 -18099.5351562 -17695.1835938 -18667.3398438 -18091.1464844 -18346.3105469 -18097.1386719
-17540.8183594 -18070.4003906 -17792.9804688 -17324.3105469 -18278.0429688 -17554.5214844 -18047.7773438 -17792.3554688
-17600.0703125 -17933.9316406 -17645.1621094 -17166.6660156 -18212.0234375 -17480.5976562 -18053.3789062 -17716.5351562
-17173.8339844 -17598.5976562 -17642.0136719 -16785.0371094 -17771.3105469 -17395.4160156 -17653.8398438 -17505.4726562
-17049.8027344 -17524.7773438 -17148.0429688 -16653.7988281 -17800.3320312 -17034.4003906 -17603.8554688 -17267.3144531
-19449.3847656 -19772.3496094 -18597.7070312 -19058.5976562 -19776.0507812 -19015.0039062 -19697.8691406 -19699.1757812
-18635.0234375 -19029.6621094 -17760.4472656 -18064.4082031 -19189.5703125 -18058.5332031 -18975.8750000 -18877.9257812
-18628.3046875 -19054.3085938 -17756.9121094 -18221.9746094 -19062.1269531 -18052.4746094 -19037.3515625 -18843.3574219
-18246.9335938 -18685.5429688 -17330.3476562 -17800.5566406 -18910.2109375 -17679.6191406 -18826.6386719 -18489.7363281
-17229.9824219 -17828.4667969 -15996.3261719 -16920.4746094 -18073.0039062 -16673.7695312 -17828.4414062 -17532.7167969
-17462.9804688 -18003.0527344 -16643.6425781 -16919.0117188 -18159.9746094 -16820.4843750 -17969.5546875 -17737.0859375
-17659.2285156 -18153.6835938 -16708.0722656 -17224.4023438 -18454.4746094 -17257.4941406 -18251.5859375 -17886.7011719
-17940.9687500 -18671.7128906 -16935.9511719 -17653.8945312 -18757.6914062 -17579.2050781 -18563.1855469 -18281.0683594
-17938.3300781 -18542.4707031 -16941.1757812 -17599.5742188 -18569.3652344 -17597.7167969 -18441.7597656 -18195.7402344
-18290.9863281 -18704.0019531 -17338.0527344 -17950.9921875 -18854.1660156 -17928.5781250 -18777.2167969 -18450.3554688
-19485.0742188 -19963.4570312 -18730.7617188 -19293.0839844 -20005.3867188 -19147.4121094 -19913.9277344 -19721.7128906
-17934.7382812 -18587.4628906 -16874.8027344 -17740.1738281 -18752.1425781 -17581.6601562 -18558.9667969 -18179.6250000
-18515.3125000 -19010.7949219 -17483.7441406 -18099.5957031 -19034.4375000 -17972.0761719 -18979.5703125 -18778.7871094
-17414.5234375 -18131.4375000 -16220.1074219 -16864.4628906 -18140.7636719 -16847.8515625 -17955.8613281 -17734.6132812
-19059.1406250 -19410.1289062 -18207.7382812 -18757.2519531 -19529.7500000 -18639.4218750 -19409.1679688 -19137.2402344
-18836.1718750 -19453.3066406 -17937.8613281 -18537.4628906 -19577.3769531 -18486.9843750 -19481.7070312 -19117.5019531
-19036.0195312 -19580.3027344 -17966.7285156 -18766.0507812 -19570.2246094 -18621.1660156 -19557.4726562 -19280.5351562
-18891.3320312 -19406.3339844 -17856.9433594 -18425.2089844 -19520.8144531 -18410.4667969 -19464.3398438 -19152.8007812
-19103.6679688 -19476.8574219 -18301.9746094 -18758.3671875 -19690.7753906 -18803.0996094 -19572.8027344 -19342.2636719
-18874.9765625 -19308.5839844 -17933.9667969 -18570.7675781 -19415.4707031 -18428.8867188 -19444.5703125 -19148.1542969
-18716.6992188 -19053.1386719 -17886.1582031 -18392.0097656 -19194.0820312 -18341.3652344 -19098.1660156 -18951.9218750
-17751.8925781 -18216.4707031 -16660.4335938 -17260.6093750 -18447.5722656 -17225.5703125 -18363.4765625 -17879.7675781
-16957.7734375 -16467.1074219 -17795.6113281 -17213.0097656 -17120.7832031 -17768.7363281 -16815.4140625 -16927.8359375
-18218.5019531 -18033.2675781 -19403.5937500 -18669.1132812 -18283.1875000 -19187.9082031 -18186.7539062 -18100.7675781
-16918.4511719 -16426.0195312 -18068.3691406 -17460.9921875 -17059.5742188 -17974.4296875 -16884.1796875 -16825.1132812
-17161.9101562 -16732.1699219 -18121.2890625 -17557.1953125 -17412.7714844 -18023.3515625 -17039.3242188 -17056.9726562
-18122.0292969 -17790.3984375 -18910.0722656 -18285.2304688 -18241.4882812 -18683.9472656 -18031.7773438 -18047.0761719
-16130.9082031 -15806.3125000 -17134.3046875 -16518.7089844 -15114.1376953 -16961.8476562 -15311.1621094 -16001.8193359
-16879.6269531 -16404.1816406 -17755.3203125 -17166.3476562 -17018.8828125 -17510.3242188 -16964.0332031 -16757.6601562
-15324.1416016 -14759.4960938 -16693.9179688 -15851.2900391 -15610.1943359 -16530.1230469 -15197.9101562 -15151.1220703
-15295.7783203 -14960.2675781 -16692.6464844 -15725.3037109 -14969.0849609 -16311.5380859 -14609.0917969 -15064.8886719
-17762.0019531 -17721.8339844 -18666.2597656 -18066.9531250 -17627.8398438 -18501.8261719 -17321.8671875 -17755.7792969
-18707.8964844 -18501.1289062 -19308.5820312 -18829.4589844 -18474.1855469 -19209.0761719 -18329.4160156 -18648.9882812
-17959.4863281 -17568.0332031 -18754.9433594 -18218.8046875 -18178.4472656 -18705.0136719 -17888.1015625 -17963.0429688
-17645.2851562 -17077.4511719 -18423.2910156 -17834.6523438 -17774.5234375 -18347.2851562 -17468.0566406 -17522.0058594
-16622.7988281 -16168.0566406 -17610.1328125 -16911.8300781 -16826.7382812 -17418.8574219 -16641.1074219 -16550.2011719
-16405.5332031 -15940.3056641 -17654.6250000 -16796.5429688 -16432.6816406 -17433.4082031 -16116.7587891 -16151.0390625
-16365.2031250 -15717.8105469 -17465.9199219 -16635.1562500 -16257.4755859 -17345.6914062 -16005.8388672 -16180.2158203
-16873.7929688 -16661.4375000 -17800.7519531 -17075.6933594 -16551.9296875 -17691.9609375 -16321.1474609 -16672.7792969
-16739.5410156 -16298.5644531 -17805.8378906 -17190.0117188 -16980.1738281 -17690.4804688 -16801.3535156 -16738.5390625
-16193.5927734 -15533.8125000 -17222.3554688 -16517.6191406 -16313.0019531 -17005.2167969 -15982.9736328 -16010.2089844
-16411.7402344 -16171.5498047 -17498.1933594 -16757.5312500 -15997.3476562 -17397.5371094 -15697.6621094 -16202.7734375
-15498.2900391 -15355.3417969 -16828.7343750 -16023.7070312 -15095.6318359 -16638.4843750 -14812.6162109 -15435.1435547
-18646.1621094 -18336.9140625 -19431.2949219 -18823.7128906 -18656.2167969 -19233.8164062 -18439.5234375 -18557.1699219
-16918.1347656 -16753.9589844 -17885.6035156 -17124.7792969 -16643.4687500 -17567.3476562 -16361.2578125 -16769.0410156
-16884.4101562 -16377.0449219 -17946.9218750 -17091.0800781 -17057.8183594 -17637.9648438 -16779.4414062 -16736.6660156
-18177.0019531 -17700.7753906 -18947.3007812 -18456.0839844 -18197.2421875 -18908.1445312 -17991.8320312 -17958.2753906
-17270.7246094 -16780.6328125 -18303.4570312 -17644.3945312 -17248.9902344 -18091.0996094 -17119.4433594 -17188.2226562
-16888.8339844 -16430.7949219 -17883.2421875 -17225.8105469 -16908.2695312 -17657.3789062 -16675.0273438 -16758.1718750
-17095.1718750 -16536.8417969 -18108.3085938 -17425.9667969 -17255.8671875 -17964.6738281 -16957.4335938 -17003.6601562
-16240.0664062 -15611.3281250 -17232.9589844 -16472.5234375 -16163.7978516 -17064.1132812 -15825.0107422 -16086.6630859
-16272.4228516 -15716.4697266 -17566.1894531 -16772.2753906 -16466.1582031 -17349.0468750 -16277.6210938 -16270.3339844
-17288.3847656 -17854.0468750 -17072.8613281 -16911.0351562 -18082.0605469 -16424.8398438 -17861.7207031 -17499.8027344
-16654.3925781 -16995.3515625 -16768.1796875 -15990.4853516 -17197.6308594 -16673.4414062 -17089.0351562 -16772.1679688
-18355.2363281 -19006.1699219 -18104.5351562 -18002.7089844 -18958.8300781 -17456.4902344 -18925.9433594 -18561.4687500
-17438.2753906 -17894.7871094 -17505.9960938 -17073.8867188 -18038.0800781 -17332.5390625 -17805.0683594 -17490.6523438
-18534.4628906 -19080.2988281 -18272.6289062 -18116.1347656 -19147.9667969 -17858.3984375 -19118.1230469 -18768.1210938
-17243.1699219 -17760.0351562 -17038.9960938 -16944.4296875 -17993.6015625 -16413.4375000 -17810.6953125 -17538.9355469
-17107.0605469 -17275.5859375 -17400.9550781 -17091.7011719 -17266.8847656 -17142.4628906 -17012.8242188 -16991.2988281
-18275.9609375 -18024.7460938 -19098.4804688 -18463.9042969 -17603.1132812 -18948.1347656 -17789.2421875 -18098.0351562
-17172.0859375 -16968.0957031 -18036.3964844 -17488.3437500 -16978.0898438 -17837.5429688 -16679.7500000 -16946.4726562
-17412.7812500 -17164.0292969 -18302.8261719 -17701.4199219 -16577.5937500 -18266.3476562 -16812.6992188 -17327.8144531
-17353.1191406 -17117.4394531 -18164.7539062 -17599.0839844 -16525.0410156 -18116.1484375 -16771.4453125 -17243.8886719
-17186.2304688 -16942.4824219 -18102.3828125 -17523.4414062 -16355.7607422 -18012.0332031 -16547.6250000 -17014.2167969
-16371.3447266 -16096.7949219 -17509.2578125 -16718.8222656 -15612.5839844 -17332.0761719 -15888.4033203 -16198.8369141
-17554.8867188 -17366.1054688 -18496.8574219 -17881.4804688 -16759.4960938 -18321.6210938 -16943.2304688 -17399.7187500
-17535.1425781 -17333.5468750 -18405.8828125 -17859.1992188 -16661.7128906 -18306.3046875 -16843.1562500 -17340.9628906
-17915.8144531 -18444.0195312 -17975.3886719 -17590.2187500 -18568.9472656 -17309.1074219 -18447.2402344 -18132.0234375
-16870.6230469 -16852.7968750 -17525.2480469 -17124.4746094 -16360.8183594 -17352.0175781 -16554.3867188 -16820.5117188
-17783.7402344 -18338.9531250 -17624.7675781 -17421.4472656 -18573.6933594 -17027.5625000 -18359.0429688 -17984.4941406
-17444.1347656 -17183.4121094 -18379.1835938 -17772.3320312 -16661.1855469 -18342.3945312 -16819.4531250 -17272.1796875
-17963.1250000 -18348.0156250 -17758.6699219 -17707.2675781 -18549.6093750 -17239.2734375 -18452.0410156 -18154.2207031
-18080.7363281 -17874.8457031 -18779.8652344 -18296.2851562 -17394.8613281 -18664.9062500 -17461.7109375 -17924.3554688
-16323.5742188 -16087.4902344 -17307.6562500 -16717.3808594 -15329.5791016 -17336.7304688 -15509.0556641 -16060.4941406
-18240.2734375 -18175.6171875 -19020.5878906 -18524.9648438 -17767.4023438 -18975.2968750 -17802.9921875 -18248.4492188
-17300.5625000 -17112.7851562 -18359.8398438 -17704.0507812 -16807.7148438 -18095.4804688 -16861.7597656 -17312.5214844
-20002.9492188 -20395.8125000 -19598.2070312 -19733.1230469 -20451.3437500 -19495.1562500 -20385.7988281 -20221.4960938
-19156.3730469 -18889.2558594 -19722.2031250 -19257.8183594 -18932.0527344 -19605.3046875 -18529.7460938 -18944.3789062
-18963.8300781 -18955.2148438 -19758.3554688 -19231.7011719 -18839.5234375 -19614.7441406 -18555.7343750 -18912.8613281
-17422.7636719 -17288.5156250 -18267.5175781 -17646.6718750 -17102.0449219 -18251.1445312 -16907.6816406 -17313.2246094
-17131.1113281 -17096.2167969 -17996.2890625 -17443.8515625 -16839.2773438 -17905.8144531 -16582.4023438 -17023.2226562
-16940.9628906 -16765.9433594 -17823.7617188 -17178.6406250 -16605.2968750 -17618.1718750 -16444.2460938 -16802.9140625
-16588.9960938 -16664.9667969 -17615.8300781 -16999.1093750 -16359.8291016 -17347.4667969 -16192.0615234 -16538.5253906
-17765.8652344 -17467.9101562 -18520.4726562 -17948.2773438 -17317.5019531 -18391.5566406 -17249.4726562 -17596.7753906
-16698.6152344 -16382.8486328 -17755.2070312 -16930.2460938 -16458.0742188 -17639.3105469 -15888.0664062 -16520.7109375
-17018.7871094 -16812.9941406 -18059.2636719 -17165.0234375 -16742.2460938 -17769.9062500 -16447.8789062 -17059.3730469
-16049.6054688 -15885.2441406 -17291.3730469 -16380.6025391 -15799.3964844 -17059.4746094 -15505.1777344 -15860.4658203
-16865.9433594 -16527.9121094 -17807.5800781 -17146.9707031 -16449.0117188 -17571.6035156 -16211.5263672 -16686.9355469
-15308.2207031 -15196.2656250 -16721.8242188 -15935.6494141 -14572.0273438 -16620.7812500 -14762.1367188 -15291.5400391
-15959.0283203 -15679.1562500 -17135.4433594 -16360.5126953 -14980.2402344 -16944.5117188 -15257.3583984 -15827.7763672
-16110.9892578 -15746.9296875 -17335.6113281 -16413.1484375 -15827.3837891 -16981.7480469 -15541.0839844 -15924.6845703
-16470.3710938 -16229.3144531 -17538.8085938 -16736.2910156 -15672.0253906 -17407.6894531 -15665.8916016 -16478.6054688
-16762.5644531 -16477.4726562 -17739.1113281 -16977.0839844 -16286.2226562 -17486.5039062 -15988.0878906 -16585.9316406
-15244.9628906 -15475.4931641 -16643.5546875 -15768.0917969 -16053.3076172 -16265.7861328 -15576.3447266 -14866.7343750
-16779.3398438 -16838.9316406 -17863.0703125 -17199.1191406 -17209.5527344 -17564.1953125 -16925.4199219 -16526.7285156
-16537.7988281 -16613.1621094 -17663.0156250 -16943.0937500 -16941.9746094 -17430.4804688 -16713.2968750 -16367.1582031
-17036.8828125 -17344.6523438 -18124.9277344 -17511.9316406 -17507.8242188 -17932.3125000 -17314.4921875 -16867.6914062
-17706.5292969 -17752.6113281 -18617.2148438 -18066.1523438 -18109.0312500 -18457.8945312 -17961.3105469 -17580.3300781
-17387.4277344 -17531.0097656 -18608.1210938 -17909.5878906 -17708.7441406 -18265.1679688 -17503.1093750 -17302.6894531
-16423.3554688 -16721.7011719 -17487.9843750 -16814.9160156 -17001.0312500 -17416.4492188 -16720.4121094 -16312.8886719
-17071.5175781 -17268.1601562 -18002.0234375 -17383.3847656 -17553.2949219 -17852.8945312 -17194.9511719 -16836.9140625
-17496.2871094 -17706.4101562 -18380.5078125 -17889.7363281 -17847.1406250 -18206.5390625 -17618.0546875 -17271.4492188
-16835.9960938 -17054.4316406 -17849.3398438 -17346.7832031 -17241.3281250 -17665.6933594 -16974.7812500 -16609.9882812
-17431.5292969 -17556.6562500 -18403.1757812 -17854.5351562 -17754.5546875 -18208.6406250 -17633.0136719 -17296.7246094
-17417.7363281 -17682.2597656 -18486.5429688 -17853.4570312 -18003.0195312 -18249.6347656 -17715.4101562 -17361.1835938
-18063.9277344 -18159.8671875 -18945.1074219 -18423.1132812 -18441.9785156 -18658.9472656 -18187.0234375 -17902.2910156
-17240.0761719 -17247.8515625 -18093.9941406 -17639.2031250 -17629.2285156 -17915.7988281 -17473.3554688 -17115.9628906
-16464.7246094 -15967.6914062 -17582.2539062 -16777.7167969 -16658.2304688 -17423.3730469 -16338.0742188 -16372.1220703
-17880.2109375 -17397.9296875 -18705.5117188 -18036.3222656 -17785.6445312 -18534.9316406 -17672.2226562 -17703.2695312
-18977.9980469 -19502.0097656 -18652.8730469 -18642.1835938 -19519.7949219 -18169.4726562 -19320.8496094 -19087.5332031
-19394.6152344 -19749.8261719 -19231.2089844 -19067.2832031 -19996.9140625 -18731.3183594 -19852.3085938 -19500.9101562
-18929.9726562 -19484.9453125 -18804.4453125 -18720.7031250 -19589.9394531 -18075.7363281 -19335.5312500 -19156.2578125
-19089.3789062 -19511.0312500 -18865.4453125 -18677.3378906 -19678.1777344 -18069.2324219 -19492.3925781 -19294.1835938
-19306.1269531 -19661.7265625 -19120.8261719 -18930.2890625 -19823.5527344 -18455.2753906 -19636.3320312 -19503.0175781
-18038.8984375 -18538.3847656 -17805.0800781 -17525.0839844 -18767.1894531 -16925.5332031 -18536.7343750 -18200.3496094
-18609.6660156 -19111.9218750 -18359.6796875 -18269.4375000 -19178.9531250 -17708.2636719 -19098.5703125 -18767.3281250
-18763.4687500 -19114.3144531 -18519.9160156 -18355.2656250 -19287.9902344 -17941.2578125 -19096.0898438 -18945.3652344
-16944.2812500 -16751.9746094 -18081.7812500 -17340.5078125 -16668.8515625 -17851.4765625 -16513.0585938 -16856.2285156
-18008.9023438 -18711.5742188 -17884.9453125 -17734.0839844 -18773.1992188 -17121.4707031 -18682.1679688 -18263.9296875
-17998.9140625 -18461.1777344 -17626.6269531 -17639.8007812 -18692.0917969 -17219.4472656 -18603.5683594 -18305.8730469
-18158.8632812 -18819.7031250 -18020.3105469 -17799.7636719 -18853.8984375 -17330.0625000 -18769.5703125 -18416.2968750
-18510.6640625 -19128.1289062 -18198.3027344 -18137.7089844 -19168.2812500 -17730.9121094 -19151.9687500 -18687.6562500
-18359.2363281 -18956.0527344 -18036.7871094 -18039.5859375 -19061.0390625 -17529.2695312 -18843.0527344 -18656.6875000
-18496.7929688 -19124.2714844 -18115.8320312 -18157.9863281 -19233.4726562 -17872.9785156 -19126.6972656 -18747.8710938
-19275.7382812 -19022.4433594 -19992.2421875 -19499.5976562 -18980.5722656 -19813.4707031 -18808.4941406 -19196.2031250
-18050.4589844 -18710.8164062 -17666.7636719 -17682.9550781 -18902.5585938 -16940.1035156 -18602.7832031 -18284.5156250
-18824.3437500 -19313.7812500 -18738.8828125 -18524.8222656 -19505.5351562 -18163.6933594 -19326.0058594 -19088.4394531
-18082.8300781 -18685.4472656 -17963.6621094 -17776.1015625 -18699.2519531 -17301.2695312 -18623.1152344 -18276.3359375
-18913.1835938 -19307.2890625 -18692.9882812 -18513.6484375 -19434.7578125 -18101.6250000 -19267.5312500 -19026.1542969
