-16044.1982422 -16494.6582031 -16896.2050781 -16467.9843750 -16847.8261719 -16742.1035156 -16630.9453125 -16226.2685547
-15035.9414062 -16141.1337891 -16857.0800781 -16124.5390625 -16493.2363281 -16539.3789062 -16101.4912109 -15909.2177734
-16353.4316406 -16612.9804688 -17341.5957031 -16579.8085938 -16787.1875000 -17210.6191406 -16516.1972656 -16170.0888672
-16650.3183594 -16802.3398438 -17605.9199219 -16949.8671875 -17035.6171875 -17469.3457031 -16904.9511719 -16465.0546875
-17067.8886719 -17305.2851562 -18030.6699219 -17423.7871094 -17456.7890625 -17826.6425781 -17369.7519531 -17231.6503906
-16416.4218750 -16500.3359375 -17333.7597656 -16635.3046875 -16708.8437500 -17118.4140625 -16503.6914062 -16048.0312500
-15653.0380859 -16063.0185547 -16880.0625000 -16212.2753906 -16301.4970703 -16807.8300781 -16080.6386719 -15643.2841797
-18523.1894531 -18899.4550781 -19336.7226562 -18819.4628906 -19246.2597656 -19140.7500000 -18978.6835938 -18689.2187500
-16499.4082031 -16949.1953125 -17574.6035156 -16908.0917969 -17113.8164062 -17316.9316406 -16873.8789062 -16744.3164062
-16160.7470703 -16840.2714844 -17497.7871094 -16684.2363281 -17129.5468750 -17180.7031250 -16915.9179688 -16498.0585938
-16465.8339844 -16886.1796875 -17603.2812500 -16883.2421875 -17129.8867188 -17296.6289062 -16862.4042969 -16560.4433594
-16421.4726562 -17028.1992188 -17494.5058594 -16863.4511719 -17096.8886719 -17236.9687500 -17017.8535156 -16655.6914062
-16538.3593750 -16871.5214844 -17674.4296875 -16910.6777344 -17087.9921875 -17401.3789062 -16813.4335938 -16742.3515625
-16119.1640625 -16513.2402344 -17145.6289062 -16520.0664062 -16769.1367188 -17017.0136719 -16513.6894531 -16130.2031250
-16410.5761719 -16739.4414062 -17482.9589844 -16621.2343750 -16857.8164062 -17195.5156250 -16643.8242188 -16170.9814453
-15703.9726562 -16817.5996094 -17418.4179688 -16729.1582031 -17140.7460938 -17123.9394531 -16825.0351562 -16542.5820312
-16173.9560547 -16641.8476562 -17075.6933594 -16365.0078125 -16872.1152344 -16708.7714844 -16642.5488281 -16376.1875000
-15922.9072266 -16447.0781250 -17042.4824219 -16237.7519531 -16681.1601562 -16765.4296875 -16424.0898438 -16095.1953125
-16831.6054688 -17525.8906250 -18075.4609375 -17333.8183594 -17861.7343750 -17748.2324219 -17624.8789062 -17227.2187500
-16579.1992188 -16699.6328125 -17759.9121094 -16954.6191406 -17080.5976562 -17546.5253906 -16784.7031250 -16364.9443359
-16769.7812500 -17282.2558594 -17802.2089844 -17117.2402344 -17556.0781250 -17438.3496094 -17287.4101562 -16938.8691406
-16220.9550781 -16898.4042969 -17343.7890625 -16627.7460938 -16883.2480469 -17029.7812500 -16706.8027344 -16517.2734375
-17387.4277344 -17741.0468750 -18329.7421875 -17698.3476562 -18035.9804688 -18082.2109375 -17829.1621094 -17544.7832031
-17935.7460938 -17909.2851562 -18753.3476562 -18148.1582031 -18123.4042969 -18553.0703125 -17961.0820312 -17770.8984375
-17281.9589844 -17614.4785156 -18219.6562500 -17625.2011719 -17895.6425781 -17951.3554688 -17681.3847656 -17429.1035156
-17710.9140625 -17819.7285156 -18622.5253906 -17910.1132812 -18037.7304688 -18492.8613281 -17833.2871094 -17569.4648438
-16665.0781250 -16922.6425781 -17895.8574219 -17261.4414062 -17255.8574219 -17686.9531250 -16939.6777344 -16623.6953125
-17778.8183594 -18160.9453125 -18597.2207031 -18067.0312500 -18240.8847656 -18500.9707031 -18138.2910156 -17966.6132812
-16590.8007812 -16787.5351562 -17660.0117188 -17012.3496094 -17031.0800781 -17451.3359375 -16785.9277344 -16425.7695312
-16979.6445312 -17165.3574219 -18164.0585938 -17412.8417969 -17419.8378906 -17993.3222656 -17208.3710938 -16849.2773438
-17396.6171875 -17467.6640625 -18314.7851562 -17699.7792969 -17753.0410156 -18179.1894531 -17506.5214844 -17304.9941406
-17036.3027344 -17472.1660156 -17432.9355469 -16801.1191406 -17594.7343750 -17121.7011719 -17440.7929688 -17208.5761719
-17083.5488281 -17446.6679688 -17463.3457031 -16454.1894531 -17694.0996094 -17097.7148438 -17450.8691406 -17162.2656250
-17015.7617188 -17646.0761719 -17174.9960938 -16515.8046875 -17744.8144531 -17027.0898438 -17553.6171875 -17246.8984375
-16479.7304688 -16788.0312500 -16655.7324219 -15861.2919922 -17194.3457031 -16488.2968750 -16842.1210938 -16550.4785156
-16827.5917969 -17282.0839844 -17159.4062500 -16362.2236328 -17556.6562500 -16857.5039062 -17210.1777344 -16972.7695312
-17943.6210938 -18280.0253906 -18129.7402344 -17593.1679688 -18382.1601562 -17970.4609375 -18236.0683594 -18114.7441406
-18933.2773438 -19309.8085938 -18897.3222656 -18386.9375000 -19386.7519531 -18741.3925781 -19340.4121094 -19134.9941406
-17212.9804688 -17543.2304688 -17370.6054688 -16702.3359375 -17705.8906250 -17078.6269531 -17463.7324219 -17275.7343750
-17716.5683594 -18205.9335938 -17826.2792969 -17252.7812500 -18327.1679688 -17613.1523438 -18104.5351562 -17875.6816406
-16635.5566406 -17135.2695312 -16970.0039062 -16036.5107422 -17386.1210938 -16571.6718750 -17171.0527344 -16784.4628906
-16310.7568359 -16578.4511719 -16657.6250000 -15751.1494141 -16947.3437500 -16347.7578125 -16729.3964844 -16347.3515625
-17051.5195312 -17538.0937500 -17425.6738281 -16716.7324219 -17618.0722656 -17131.1914062 -17346.2265625 -17180.7558594
-17474.7910156 -17741.5234375 -17848.0253906 -17030.0332031 -17814.8281250 -17553.2031250 -17614.4824219 -17367.0742188
-16931.4238281 -17362.5800781 -17254.9921875 -16486.8105469 -17515.1210938 -17060.8027344 -17441.4550781 -17130.4277344
-17778.1445312 -18182.9882812 -18085.8027344 -17439.3359375 -18393.0273438 -17718.1875000 -18260.4277344 -17977.3242188
-18086.0410156 -18478.5546875 -18312.0039062 -17749.5664062 -18566.6621094 -18040.9199219 -18413.2890625 -18196.6796875
-17724.7949219 -18138.9746094 -17877.3730469 -17284.7031250 -18338.7695312 -17770.5175781 -18160.1269531 -17877.4609375
-17846.8613281 -18295.1718750 -17823.8046875 -17320.9023438 -18357.6738281 -17719.4550781 -18208.4531250 -17977.7128906
-17464.6816406 -17803.6328125 -17517.6386719 -16728.2988281 -18022.6386719 -17286.4511719 -17835.1855469 -17563.0703125
-16919.4687500 -17352.2988281 -17141.7558594 -16427.4472656 -17609.4921875 -16882.3945312 -17415.2109375 -17196.1191406
-19618.3730469 -20021.5878906 -18807.9277344 -19428.4218750 -20110.4980469 -19331.0117188 -19935.6503906 -19801.3789062
-18434.6914062 -18967.4121094 -17522.4804688 -18045.4238281 -19100.6621094 -18120.7656250 -18947.7421875 -18602.0136719
-18686.6542969 -19231.7207031 -17993.8417969 -18353.1699219 -19319.7167969 -18230.6542969 -19190.6152344 -18905.9375000
-18077.4687500 -18614.0664062 -16984.8632812 -17662.7167969 -18719.8515625 -17665.1210938 -18714.8632812 -18340.0019531
-17429.9160156 -18090.7578125 -16271.0029297 -16964.6269531 -18289.6054688 -16865.1953125 -18094.5859375 -17635.6933594
-17871.2285156 -18491.0800781 -16589.2460938 -17426.7382812 -18472.6230469 -17249.5273438 -18409.4921875 -17985.9453125
-17482.0742188 -18125.5351562 -16564.3105469 -17122.0468750 -18156.7089844 -17054.9257812 -17992.1367188 -17819.7695312
-17822.4804688 -18342.9804688 -16538.7304688 -17475.7675781 -18494.5000000 -17366.7734375 -18314.0722656 -18024.7324219
-18201.8203125 -18627.6953125 -17063.6894531 -17809.2597656 -18789.8515625 -17799.3339844 -18632.5742188 -18385.7929688
-18305.4511719 -18808.2675781 -17271.6289062 -17899.7226562 -19037.6425781 -17845.2480469 -18868.2929688 -18541.2011719
-19589.6699219 -19964.0117188 -18789.5605469 -19234.1582031 -20088.3906250 -19180.1210938 -19996.9277344 -19692.5292969
-17680.1875000 -18388.2265625 -16611.2011719 -17381.1152344 -18462.1562500 -17371.2421875 -18316.5898438 -18028.5703125
-18936.1308594 -19417.0097656 -17806.3320312 -18393.2871094 -19450.4472656 -18308.5683594 -19422.8671875 -19039.8027344
-17222.0195312 -17771.3066406 -16107.1347656 -16791.3789062 -17906.5351562 -16596.9980469 -17773.7226562 -17444.0332031
-18982.6679688 -19413.0136719 -18150.2441406 -18740.9414062 -19510.7539062 -18646.6718750 -19398.4062500 -19169.8984375
-18827.9667969 -19361.0664062 -17896.7617188 -18546.5019531 -19395.1953125 -18456.3906250 -19192.8535156 -19064.3710938
-19078.8886719 -19588.9179688 -18211.6699219 -18814.4921875 -19566.6074219 -18640.7910156 -19507.1289062 -19254.3378906
-18765.7558594 -19279.9550781 -17782.3359375 -18317.4746094 -19407.0332031 -18338.1367188 -19253.5058594 -18982.4921875
-18925.9960938 -19390.9746094 -17865.7207031 -18617.6093750 -19436.4589844 -18538.2656250 -19348.9609375 -19043.6562500
-18922.7578125 -19477.7773438 -17834.8281250 -18634.1328125 -19559.0097656 -18592.5078125 -19420.4960938 -19106.5371094
-18898.2089844 -19453.8046875 -18065.9707031 -18526.7519531 -19562.0253906 -18579.8554688 -19363.3593750 -19184.6328125
-17838.2285156 -18423.2753906 -16720.0781250 -17504.4960938 -18517.8984375 -17442.0585938 -18462.7070312 -18142.6953125
-17203.6289062 -16712.0742188 -18219.3730469 -17457.9550781 -17342.7285156 -17928.0585938 -17102.6660156 -17061.3847656
-18447.8046875 -18017.3554688 -19341.3515625 -18762.5273438 -18598.7949219 -19191.9609375 -18297.3652344 -18329.7695312
-17277.0214844 -16804.5878906 -18316.8984375 -17563.9589844 -17190.6015625 -18136.5234375 -16988.6953125 -17132.7109375
-17089.9843750 -16577.5097656 -18046.8984375 -17313.2050781 -17182.9453125 -17813.9707031 -16857.8085938 -16971.0664062
-18027.0429688 -17679.4726562 -18863.3769531 -18267.3476562 -17981.4277344 -18801.0625000 -17815.4355469 -17901.1445312
-16563.3554688 -16284.3154297 -17738.8417969 -16953.9414062 -15744.9443359 -17624.0527344 -15798.6123047 -16456.7441406
-16389.7734375 -16029.7314453 -17652.1523438 -16758.9433594 -16532.3886719 -17460.0742188 -16270.0156250 -16364.9472656
-15380.9335938 -14799.9794922 -16598.8046875 -15730.7109375 -15553.6279297 -16487.8066406 -15171.9306641 -15360.6093750
-15280.8750000 -15112.5742188 -16777.0839844 -15628.5312500 -14888.6826172 -16481.1953125 -14683.0947266 -15109.2167969
-18092.2246094 -17851.0332031 -18923.5625000 -18324.2402344 -17738.8925781 -18738.2851562 -17634.4765625 -17991.5332031
-18563.2871094 -18479.8398438 -19344.2480469 -18729.7265625 -18228.4199219 -19077.3144531 -18220.7187500 -18406.2714844
-17649.1171875 -17295.9335938 -18631.8359375 -18070.0800781 -17720.0507812 -18456.7304688 -17521.7226562 -17644.0351562
-17536.6621094 -16992.7675781 -18429.4375000 -17826.1269531 -17711.1074219 -18314.4785156 -17409.9531250 -17319.8320312
-16565.1171875 -15873.2832031 -17733.5546875 -16827.5527344 -16477.1796875 -17536.6718750 -16334.1445312 -16311.2871094
-16368.9160156 -15752.9394531 -17544.1250000 -16653.3828125 -16298.4804688 -17332.6484375 -16086.7753906 -16128.8066406
-16024.3300781 -15541.0156250 -17339.8085938 -16495.5371094 -16165.1015625 -17072.1699219 -15905.4765625 -15919.8271484
-16837.1035156 -16649.8437500 -17999.1738281 -17164.4550781 -16504.9218750 -17854.1210938 -16302.0917969 -16762.1699219
-17030.1113281 -16545.3261719 -18096.0527344 -17332.6132812 -17068.9179688 -17895.7949219 -16915.9414062 -16911.0429688
-16454.8867188 -15802.9658203 -17654.9042969 -16828.5839844 -16412.5078125 -17532.5566406 -16210.3466797 -16232.9306641
-16432.9941406 -16194.8837891 -17611.0449219 -16823.1035156 -15968.1455078 -17393.0546875 -15891.4423828 -16247.9619141
-15635.1044922 -15295.7412109 -16965.5683594 -16013.0761719 -14952.8105469 -16671.9394531 -14903.5361328 -15479.5908203
-18563.0136719 -18198.2851562 -19422.1523438 -18760.6113281 -18603.6953125 -19334.1542969 -18458.3144531 -18460.4082031
-16809.3691406 -16655.6230469 -17912.5546875 -17089.1328125 -16592.9628906 -17736.1894531 -16351.5996094 -16705.3964844
-16995.6601562 -16295.2792969 -18088.3945312 -17137.8554688 -16992.0390625 -17815.5800781 -16748.3925781 -16777.8359375
-18374.0468750 -17947.5253906 -19005.0117188 -18500.1269531 -18449.6152344 -18887.8593750 -18283.8593750 -18179.3789062
-17614.6777344 -17200.1699219 -18729.8222656 -18030.6445312 -17757.9277344 -18562.1054688 -17485.5898438 -17570.5136719
-17207.3242188 -16468.6230469 -18209.2753906 -17482.8750000 -17202.8300781 -18125.9042969 -16987.9746094 -16990.2050781
-17001.7304688 -16627.9472656 -17938.5390625 -17321.0156250 -17181.6015625 -17883.2753906 -16903.6308594 -16971.9277344
-16495.2675781 -15975.5048828 -17762.4804688 -16815.1933594 -16580.6367188 -17421.2265625 -16277.3974609 -16398.3886719
-16504.9550781 -16028.2177734 -17716.6757812 -16894.8125000 -16630.3476562 -17539.3378906 -16340.7431641 -16332.6435547
-17611.2792969 -18304.7343750 -17372.0273438 -17137.8222656 -18226.6210938 -16470.6953125 -18198.5527344 -17863.9687500
-16424.1562500 -16922.3046875 -16747.9570312 -15962.9892578 -17153.9843750 -16393.7500000 -16900.9355469 -16569.7460938
-18487.9609375 -19099.0917969 -18214.1523438 -18112.1132812 -19122.4316406 -17602.7207031 -18943.5292969 -18648.9863281
-17626.4277344 -17998.9140625 -17848.2246094 -17182.0332031 -18201.1718750 -17519.9453125 -18040.0449219 -17864.7871094
-18661.9062500 -19215.2324219 -18314.0761719 -18178.6425781 -19207.5351562 -17790.0820312 -19094.7363281 -18749.7265625
-17383.9960938 -17854.7812500 -17270.9472656 -17061.3417969 -18096.7187500 -16513.2324219 -17912.7890625 -17653.5214844
-17120.4609375 -17336.7929688 -17689.8242188 -17193.1328125 -17506.3242188 -17121.4199219 -17183.2988281 -17248.1015625
-18406.6992188 -18280.7460938 -19261.1113281 -18668.4355469 -17859.8066406 -19075.8027344 -17935.4414062 -18298.8359375
-17367.7187500 -17219.6035156 -18337.1054688 -17581.2441406 -17007.7070312 -18136.5683594 -16870.9550781 -17232.1503906
-17290.4921875 -17063.7734375 -18274.9472656 -17609.8125000 -16636.3710938 -18155.4316406 -16735.6054688 -17122.6250000
-17100.3183594 -16904.6738281 -18119.2500000 -17351.2617188 -16293.1044922 -18048.4101562 -16494.7851562 -16966.2832031
-17231.2304688 -17037.2363281 -18209.6113281 -17525.5371094 -16419.4882812 -18094.4003906 -16613.0605469 -17114.2636719
-16719.0019531 -16544.7910156 -17952.2949219 -17107.1914062 -15787.2246094 -17758.4863281 -15946.0898438 -16634.5234375
-17335.0429688 -17009.9492188 -18399.6132812 -17600.6523438 -16573.3242188 -18154.2597656 -16593.1855469 -17225.0917969
-17343.2363281 -17114.4042969 -18378.9199219 -17579.9003906 -16560.7363281 -18129.1972656 -16666.1445312 -17164.5996094
-18024.3320312 -18434.7441406 -18110.4960938 -17734.2167969 -18591.2832031 -17322.4121094 -18438.9589844 -18289.1718750
-17009.2187500 -16832.7265625 -17853.9785156 -17177.2832031 -16242.2148438 -17671.2929688 -16407.9023438 -16837.5917969
-17793.2089844 -18281.0683594 -17490.2519531 -17340.2792969 -18451.6328125 -16940.7851562 -18308.4804688 -18018.9492188
-17410.6914062 -17194.9902344 -18483.1152344 -17785.8046875 -16748.2578125 -18412.1660156 -16835.3925781 -17214.4765625
-18117.5371094 -18565.1894531 -18045.1171875 -17844.9257812 -18717.8398438 -17324.9121094 -18564.6445312 -18291.9472656
-17970.1640625 -17752.8964844 -18883.5097656 -18288.6582031 -17276.0410156 -18814.3867188 -17367.8886719 -17722.6933594
-16475.4687500 -16133.6787109 -17644.1621094 -16784.3085938 -15631.7158203 -17448.3222656 -15724.9218750 -16375.8955078
-18185.4238281 -17897.9589844 -19009.9960938 -18384.4589844 -17709.5371094 -18845.3691406 -17731.8554688 -17998.8085938
-16914.3750000 -16639.7792969 -18122.3457031 -17340.9492188 -16354.4062500 -17973.7714844 -16382.6367188 -16840.5371094
-20092.0078125 -20495.5585938 -19697.6054688 -19733.9726562 -20662.0976562 -19523.3867188 -20463.6523438 -20222.4726562
-19135.7734375 -19031.4609375 -19783.2910156 -19363.2617188 -18921.6894531 -19624.5703125 -18523.3300781 -19045.0136719
-18723.5253906 -18589.0000000 -19591.8515625 -19019.3261719 -18495.9003906 -19419.9121094 -18376.8964844 -18684.8964844
-17590.9882812 -17502.9843750 -18629.9023438 -17888.4121094 -17508.6093750 -18444.3867188 -17254.3320312 -17590.7500000
-17274.7792969 -17003.2929688 -18256.8476562 -17474.0195312 -16912.3339844 -18145.1093750 -16738.6621094 -17121.0410156
-17119.0898438 -17047.7792969 -18076.0078125 -17389.3398438 -16951.1406250 -17795.2734375 -16767.7851562 -17081.2519531
-16804.9765625 -16425.1601562 -17901.1718750 -17060.1484375 -16375.0576172 -17739.7968750 -16128.4814453 -16510.0117188
-17746.7343750 -17592.7265625 -18739.0507812 -17960.6445312 -17578.0273438 -18586.3632812 -17329.1425781 -17606.0097656
-16430.1582031 -16318.6015625 -17628.1738281 -16858.8046875 -16211.2265625 -17448.5605469 -15709.6611328 -16276.1718750
-17125.8828125 -17084.2539062 -18188.5136719 -17417.8085938 -17069.4453125 -17885.7343750 -16797.7675781 -17114.2089844
-16059.7060547 -15930.4511719 -17294.0332031 -16488.4042969 -15675.9863281 -17061.2675781 -15546.5878906 -16047.8378906
-16710.1953125 -16511.4921875 -17824.9472656 -17027.3359375 -16331.3349609 -17692.0605469 -16130.6503906 -16491.7500000
-15475.8886719 -15292.6982422 -16853.8164062 -15982.6591797 -14634.4208984 -16486.3378906 -14664.7158203 -15328.8671875
-15771.3593750 -15524.0810547 -17081.3144531 -16135.9863281 -14831.0019531 -16806.2773438 -14912.9150391 -15529.5898438
-15918.2099609 -15712.2167969 -17109.7167969 -16189.5566406 -15769.2822266 -16912.0390625 -15434.8759766 -15782.9443359
-16404.9960938 -16155.5839844 -17509.7968750 -16649.6914062 -15509.2343750 -17371.1132812 -15692.8066406 -16172.3769531
-16882.9609375 -16671.0253906 -18001.2773438 -17207.3066406 -16587.2031250 -17700.3632812 -16361.8173828 -16697.2460938
-15456.3662109 -15735.0371094 -16679.0664062 -15703.8369141 -15868.0712891 -16369.5371094 -15583.6660156 -15258.2441406
-17115.5332031 -17205.0996094 -18049.2402344 -17407.3808594 -17428.5644531 -17944.4414062 -17237.6972656 -16834.6601562
-16695.0097656 -16799.8593750 -17864.4863281 -16974.1621094 -17028.9101562 -17519.2851562 -16771.2773438 -16472.2441406
-17192.5722656 -17139.1894531 -18270.2910156 -17340.2812500 -17488.4550781 -17929.7714844 -17177.7695312 -16918.7812500
-17719.9960938 -17761.5078125 -18570.3457031 -17921.8457031 -18001.1132812 -18351.0312500 -17839.2675781 -17532.3886719
-17736.3457031 -17659.1464844 -18598.1699219 -17989.7968750 -17965.2988281 -18460.5898438 -17780.5429688 -17548.5761719
-16639.9277344 -16727.6464844 -17731.6660156 -16976.7753906 -16926.8359375 -17510.9335938 -16849.1210938 -16381.9794922
-17217.3750000 -17364.5175781 -18389.5800781 -17511.5175781 -17555.8730469 -18104.8886719 -17296.9628906 -17051.4843750
-17458.8339844 -17477.2421875 -18242.2148438 -17669.3632812 -17579.1796875 -18066.8203125 -17431.4453125 -17109.0820312
-16869.7011719 -17093.4394531 -17982.9589844 -17291.0156250 -17315.1582031 -17866.6894531 -17106.9882812 -16706.8222656
-17556.2285156 -17604.7480469 -18513.5664062 -17900.0019531 -17885.9843750 -18245.7695312 -17652.5429688 -17367.4589844
-17386.1445312 -17550.2226562 -18462.4628906 -17774.4746094 -17734.5722656 -18254.8945312 -17539.5878906 -17228.3339844
-18166.4355469 -18354.9824219 -18937.5683594 -18373.0781250 -18488.1074219 -18733.2324219 -18285.6367188 -17920.3242188
-17387.2675781 -17471.7089844 -18364.3984375 -17641.0410156 -17644.4726562 -18061.4082031 -17480.7871094 -17209.7890625
-16576.7050781 -16057.2958984 -17825.5312500 -16894.0683594 -16694.0800781 -17649.2519531 -16410.1894531 -16418.8710938
-17960.6503906 -17442.6250000 -19068.0546875 -18234.0703125 -17949.4921875 -18827.6953125 -17815.4472656 -17816.7695312
-19089.0820312 -19460.4316406 -18971.5898438 -18800.3261719 -19600.5429688 -18350.7128906 -19507.5312500 -19193.4550781
-19344.3007812 -19880.0878906 -19227.8105469 -19138.7851562 -19952.0332031 -18690.1601562 -19787.9179688 -19576.3300781
-18764.9121094 -19408.7792969 -18653.0097656 -18442.1132812 -19391.7421875 -18085.5390625 -19316.2187500 -18971.0292969
-18957.2500000 -19418.8906250 -18762.1582031 -18676.4492188 -19563.9746094 -18064.2324219 -19390.9882812 -19213.4218750
-19232.1953125 -19649.5917969 -19081.1718750 -18932.9082031 -19749.0507812 -18541.4902344 -19576.6171875 -19507.4238281
-17946.0136719 -18549.0371094 -17860.6640625 -17618.8066406 -18673.8496094 -16864.8222656 -18483.6289062 -18144.9570312
-18342.8847656 -18877.3164062 -18344.0429688 -18068.1621094 -18986.7675781 -17610.4687500 -18684.5214844 -18569.6210938
-18884.5507812 -19548.6406250 -18778.4023438 -18589.5937500 -19544.7675781 -18155.1191406 -19444.3476562 -19157.8203125
-17285.1562500 -17128.8007812 -18337.3027344 -17547.6406250 -16953.1914062 -18108.1660156 -16765.7949219 -17138.7070312
-18240.5273438 -18877.5039062 -18219.9570312 -17832.4746094 -18880.3847656 -17281.9687500 -18783.2656250 -18479.3906250
-17884.9804688 -18527.6796875 -17695.7968750 -17556.2890625 -18645.0292969 -17088.9179688 -18489.9746094 -18113.1992188
-18489.0957031 -19132.8457031 -18231.3281250 -18044.9472656 -19222.8222656 -17563.5078125 -19162.0039062 -18806.7617188
-19047.9863281 -19609.0136719 -18773.8691406 -18678.3437500 -19622.4238281 -18257.1230469 -19527.0742188 -19246.7558594
-18733.8066406 -19221.3906250 -18500.0429688 -18405.5664062 -19404.9863281 -17724.4531250 -19340.6015625 -19025.6523438
-18719.3281250 -19207.6933594 -18533.6894531 -18315.7421875 -19377.4550781 -17941.6777344 -19264.4179688 -18955.2968750
-19091.4414062 -18943.2500000 -19818.8867188 -19288.9980469 -18867.0312500 -19652.0136719 -18752.5234375 -18999.1093750
-18325.7500000 -19026.7402344 -18170.5410156 -17943.7890625 -19113.6250000 -17346.3437500 -18940.4667969 -18637.0683594
-18883.2304688 -19404.7656250 -18542.1054688 -18536.4453125 -19394.2851562 -18100.8242188 -19415.5078125 -19090.4863281
-18284.3242188 -18905.4199219 -18058.1484375 -17950.5703125 -18917.9687500 -17345.7675781 -18807.1132812 -18503.6035156
-18803.4218750 -19370.0332031 -18540.8984375 -18454.9843750 -19335.7988281 -18029.6777344 -19322.4589844 -19034.9863281
