-16251.4062500 -16543.2539062 -17118.9218750 -16566.0664062 -16728.4160156 -17022.4160156 -16664.6230469 -16371.8457031
-14590.5322266 -15887.5332031 -16377.3828125 -15687.8330078 -16272.1269531 -16125.5595703 -15863.0644531 -15562.9541016
-16022.6123047 -16284.1923828 -17109.6542969 -16471.6796875 -16578.7773438 -17038.3359375 -16338.9248047 -15956.4931641
-16836.0175781 -17032.6367188 -17795.6660156 -17056.4003906 -17169.8554688 -17620.0214844 -16980.1914062 -16607.7050781
-17000.1699219 -17410.3652344 -17901.7050781 -17432.0175781 -17556.7031250 -17862.4843750 -17324.9726562 -17129.4609375
-16048.0507812 -16035.5878906 -17240.9726562 -16395.7167969 -16467.5839844 -17041.0019531 -16179.7539062 -15677.4033203
-15107.4511719 -15648.1699219 -16072.1113281 -15512.8349609 -15869.0742188 -15961.3232422 -15507.6484375 -15204.1123047
-18381.9531250 -18755.5292969 -19135.3339844 -18604.8222656 -18838.6992188 -18879.8046875 -18572.0156250 -18529.5625000
-16389.4277344 -16757.7011719 -17367.2070312 -16710.9511719 -17018.0859375 -17083.5312500 -16659.7363281 -16519.2070312
-15959.9345703 -16597.5917969 -17258.0312500 -16585.0625000 -16914.7246094 -17197.8867188 -16501.6406250 -16251.1806641
-16444.1308594 -16758.7500000 -17229.0058594 -16693.6816406 -16983.9609375 -16980.9589844 -16739.8125000 -16587.9687500
-16180.2695312 -16749.6738281 -17337.1464844 -16661.5156250 -17003.5507812 -17091.4628906 -16689.1210938 -16408.6425781
-16434.5937500 -16707.6503906 -17308.1464844 -16689.1757812 -16913.8144531 -17000.6972656 -16589.5000000 -16457.3437500
-15794.1640625 -16308.5849609 -17047.7460938 -16435.8671875 -16573.7109375 -16835.1484375 -16331.5722656 -16058.2646484
-16224.9082031 -16464.5371094 -16986.6660156 -16359.4052734 -16824.0507812 -16931.6796875 -16445.3535156 -15979.4863281
-15359.4736328 -16565.6406250 -17125.5683594 -16430.5937500 -16912.7207031 -16842.9394531 -16537.5253906 -16255.6035156
-16211.7011719 -16669.2304688 -17033.9160156 -16596.0000000 -16871.2812500 -16892.9042969 -16487.5957031 -16387.8730469
-15867.9423828 -16327.8339844 -16979.6757812 -16344.8583984 -16622.8496094 -16780.6875000 -16295.4443359 -15933.9541016
-16810.3320312 -17456.6367188 -18061.9648438 -17334.4433594 -17824.0253906 -17698.4804688 -17463.7050781 -17129.1757812
-16807.8632812 -16663.5214844 -17691.4882812 -17109.8378906 -17075.9531250 -17439.3945312 -16810.9687500 -16488.6445312
-16555.9414062 -16872.3320312 -17569.3398438 -16889.3105469 -17208.2207031 -17324.0371094 -16853.1171875 -16691.1699219
-15622.7363281 -16217.6699219 -16587.0019531 -16071.3994141 -16418.7500000 -16348.3476562 -16119.4277344 -15930.5996094
-17153.2558594 -17808.5312500 -18127.6250000 -17584.3535156 -17918.3125000 -17954.8339844 -17662.7246094 -17361.7792969
-17903.9531250 -17944.4531250 -18743.7050781 -18271.0468750 -18149.5507812 -18658.7402344 -18035.9296875 -17730.7714844
-17290.1542969 -17682.2070312 -18054.5898438 -17658.6523438 -17888.3496094 -17822.0957031 -17495.0839844 -17415.2890625
-17272.1953125 -17334.6582031 -18305.3144531 -17636.7148438 -17612.7480469 -18111.0292969 -17266.4746094 -17139.2636719
-16941.9316406 -17053.5273438 -17993.3964844 -17350.6445312 -17366.9687500 -17669.2890625 -16994.7167969 -16754.6406250
-17825.7421875 -17976.6679688 -18390.1113281 -17996.2285156 -18309.7851562 -18332.6445312 -18025.7539062 -17767.7031250
-16657.3847656 -16992.4667969 -17663.0039062 -17141.1699219 -17300.0234375 -17569.4121094 -16940.0781250 -16632.0781250
-16878.8359375 -17062.3125000 -17789.3027344 -17216.2089844 -17241.0859375 -17639.0488281 -17015.3808594 -16613.2324219
-17080.3105469 -17205.6445312 -17993.3593750 -17509.9023438 -17714.7363281 -17826.0605469 -17240.3925781 -17009.2753906
-16807.4375000 -17165.8339844 -16910.7851562 -16367.6376953 -17309.2148438 -16725.9570312 -17166.4472656 -16885.4062500
-16715.4511719 -17293.6699219 -16708.1152344 -16151.8837891 -17587.7421875 -16681.7519531 -17365.3808594 -16951.8964844
-16482.8964844 -17057.6406250 -16632.2968750 -16055.1464844 -17221.9960938 -16408.0898438 -16996.1054688 -16790.5390625
-16287.2568359 -16748.2675781 -16580.7324219 -15954.3710938 -17008.5488281 -16454.1582031 -16612.0097656 -16386.8359375
-16607.8007812 -17036.2441406 -16736.5253906 -16061.3730469 -17186.9296875 -16362.5332031 -16987.5839844 -16761.5703125
-17796.7597656 -18068.3496094 -17875.1035156 -17314.8535156 -18308.9414062 -17830.7714844 -18095.8730469 -17779.1875000
-18438.0410156 -18791.7402344 -18475.8515625 -18107.3769531 -18955.0351562 -18405.8457031 -18858.3632812 -18559.6015625
-17002.1367188 -17402.4863281 -17199.4257812 -16559.2109375 -17699.3007812 -17025.5996094 -17381.9335938 -17199.5292969
-17683.8945312 -18246.2519531 -17911.0332031 -17252.8300781 -18248.5937500 -17602.2343750 -18064.4687500 -17917.2246094
-16268.0556641 -16847.2753906 -16560.1152344 -15740.4560547 -17026.5175781 -16239.6367188 -16752.6445312 -16443.8261719
-15984.7207031 -16396.1230469 -15997.3681641 -15251.5380859 -16616.1992188 -15785.4169922 -16415.2656250 -16032.4853516
-17346.2753906 -17589.3554688 -17556.2539062 -16813.0488281 -17936.3339844 -17259.3398438 -17706.7050781 -17434.9843750
-17186.3085938 -17714.4941406 -17401.3417969 -16778.2148438 -17873.4042969 -17195.6738281 -17647.3320312 -17455.3515625
-16766.5859375 -17246.1562500 -16891.3476562 -16100.4121094 -17274.2070312 -16709.4511719 -17107.2695312 -16894.7011719
-17529.4902344 -17943.0214844 -17531.0214844 -17080.5605469 -17964.8554688 -17490.2480469 -17880.9765625 -17733.4726562
-18121.4628906 -18479.6406250 -18227.2636719 -17627.7011719 -18637.9472656 -18116.5390625 -18491.0546875 -18269.3906250
-17788.6015625 -18152.2324219 -17913.7773438 -17315.2324219 -18368.1171875 -17828.0957031 -18160.7089844 -17844.9550781
-17504.3105469 -17978.1113281 -17708.6210938 -17094.2871094 -18081.7460938 -17633.7636719 -17834.5527344 -17722.5820312
-17336.0488281 -17775.6503906 -17428.1855469 -16684.9335938 -18063.9082031 -17207.2890625 -17826.1386719 -17418.7402344
-16784.4042969 -17196.0976562 -16985.5507812 -16447.7988281 -17324.6933594 -16863.8789062 -17050.2031250 -16966.5371094
-19681.0175781 -20031.2910156 -18996.4042969 -19332.7363281 -20131.5371094 -19251.9570312 -19987.9941406 -19779.5371094
-18339.6542969 -18892.9042969 -17453.9531250 -17914.0683594 -18904.3906250 -17925.2558594 -18822.0078125 -18604.7246094
-18431.8808594 -18909.2402344 -17770.5273438 -18203.1425781 -19122.2031250 -18067.0410156 -18887.9335938 -18772.3476562
-17907.6191406 -18498.7031250 -17007.3496094 -17640.4121094 -18514.6835938 -17487.2675781 -18333.0488281 -18128.5117188
-17319.4804688 -17927.0996094 -16229.2441406 -16814.2265625 -18016.8808594 -16758.5917969 -17816.6875000 -17563.2070312
-17528.6054688 -18257.0585938 -16584.1425781 -17263.1113281 -18495.4453125 -17070.1835938 -18275.5546875 -17854.2304688
-17498.2246094 -17956.7753906 -16813.8593750 -17281.0937500 -18142.2285156 -17285.2910156 -17972.4921875 -17676.5722656
-18011.2304688 -18721.7246094 -16897.3496094 -17741.8144531 -18712.2597656 -17499.0683594 -18514.5742188 -18451.0546875
-18252.6308594 -18849.1445312 -17274.0058594 -17951.5117188 -18949.8164062 -18039.6621094 -18690.9062500 -18441.3652344
-18248.7460938 -18836.9941406 -17220.0976562 -17794.0234375 -18984.0625000 -17765.0976562 -18728.1289062 -18469.4375000
-19572.2089844 -19944.5742188 -18686.1699219 -19246.0019531 -20023.0585938 -19254.5761719 -19865.6269531 -19592.0058594
-17642.4960938 -18214.8593750 -16802.7246094 -17378.9687500 -18275.8085938 -17349.7460938 -18189.8867188 -17831.3632812
-18151.6328125 -18767.9414062 -17270.4414062 -17834.3125000 -18759.2402344 -17828.1269531 -18654.0292969 -18395.2910156
-17235.1308594 -17815.4824219 -16153.6513672 -16786.1796875 -17984.8906250 -16673.9687500 -17877.8632812 -17532.7441406
-18850.3945312 -19298.9824219 -18071.3417969 -18638.2304688 -19448.3125000 -18498.6562500 -19231.8671875 -19010.2050781
-18576.3886719 -19020.0566406 -17739.6230469 -18177.6582031 -19132.3964844 -18240.9492188 -18956.9550781 -18685.3925781
-18950.6308594 -19275.4921875 -17979.0078125 -18583.2050781 -19657.6953125 -18457.0644531 -19363.0332031 -19077.1601562
-18421.1816406 -18808.9765625 -17539.1132812 -18069.6445312 -18945.1738281 -18037.0214844 -18797.3085938 -18567.7421875
-18829.7695312 -19403.1542969 -18026.9531250 -18488.0058594 -19365.8710938 -18467.8710938 -19289.9902344 -19097.6074219
-18814.2187500 -19241.9414062 -17958.1855469 -18499.9140625 -19248.3925781 -18475.3378906 -19089.2773438 -18960.5488281
-18421.8417969 -18948.1542969 -17635.5292969 -18139.9824219 -19042.1601562 -18130.5214844 -18873.4394531 -18635.7558594
-17707.8808594 -18258.2421875 -16623.6757812 -17256.0898438 -18366.1367188 -17255.2285156 -18056.8554688 -17845.3066406
-17333.6523438 -16891.3750000 -18196.7519531 -17518.3203125 -17370.0898438 -17980.1992188 -17222.1250000 -17160.2421875
-18502.6093750 -17913.1347656 -19396.7324219 -18716.6074219 -18619.0781250 -19161.4003906 -18323.5976562 -18317.1894531
-16977.2363281 -16554.1367188 -17989.1816406 -17385.7441406 -17068.5605469 -17907.9199219 -16779.9179688 -16860.3222656
-17071.0917969 -16396.9667969 -18008.3125000 -17395.2363281 -17144.3925781 -17852.1074219 -16864.1992188 -16839.4902344
-18319.1152344 -17924.3378906 -19101.4843750 -18517.6015625 -18495.1562500 -18935.5097656 -18266.1679688 -18251.3750000
-16665.6386719 -16336.0820312 -17522.1796875 -16874.9375000 -15630.8046875 -17390.4804688 -15926.6523438 -16433.9863281
-16252.5341797 -15898.1406250 -17317.6406250 -16725.0214844 -16526.6074219 -17102.9882812 -16169.8720703 -16188.4375000
-15327.3466797 -14933.6494141 -16733.4355469 -15726.8955078 -15510.0605469 -16488.1875000 -15178.4453125 -15135.3955078
-15108.6748047 -15061.8164062 -16445.4003906 -15661.5263672 -15194.2031250 -16157.8769531 -14780.1689453 -15154.4189453
-17983.4023438 -17822.8632812 -18848.2421875 -18329.4101562 -17689.7460938 -18712.3945312 -17508.0410156 -17993.5390625
-18247.8417969 -18185.6425781 -19078.1582031 -18568.4746094 -18034.5683594 -18985.5097656 -17925.6464844 -18229.2187500
-17396.5273438 -17079.6875000 -18273.9941406 -17689.2285156 -17365.3183594 -18111.8183594 -17233.0371094 -17325.4257812
-17353.9980469 -16953.6855469 -18405.4550781 -17699.3183594 -17571.2910156 -18230.1093750 -17219.9160156 -17408.6992188
-16791.8125000 -16225.0537109 -17820.1035156 -17086.1914062 -16870.4101562 -17560.3652344 -16649.1816406 -16640.4511719
-16686.5605469 -16238.0009766 -17716.8984375 -17079.1230469 -16822.2988281 -17574.6621094 -16507.8496094 -16556.0058594
-16499.7363281 -15988.1171875 -17460.8964844 -16836.6835938 -16471.0449219 -17403.5703125 -16197.1201172 -16307.0498047
-17190.3730469 -16762.3613281 -18051.7929688 -17363.5312500 -16765.9902344 -18058.8007812 -16576.7812500 -16944.6191406
-17057.2343750 -16634.1992188 -18172.7578125 -17572.3886719 -17326.3769531 -17987.0292969 -16976.2968750 -16927.5820312
-16237.9394531 -15689.9423828 -17301.1992188 -16658.7304688 -16377.2929688 -17151.1542969 -16017.3945312 -16135.6279297
-16579.0078125 -16655.4257812 -17661.8203125 -17058.9335938 -16511.2792969 -17468.5468750 -16257.7148438 -16473.5761719
-16123.3222656 -15849.9873047 -17127.6914062 -16410.5937500 -16127.8046875 -16766.6835938 -15626.0253906 -15978.9824219
-18721.0625000 -18263.9687500 -19314.2226562 -18863.4082031 -18807.8144531 -19116.2910156 -18527.6015625 -18492.9960938
-16824.9570312 -16631.3105469 -17913.1640625 -17266.7578125 -16442.9316406 -17605.3691406 -16284.6816406 -16684.4687500
-16782.8339844 -16382.7050781 -17828.4023438 -17290.5546875 -16973.7089844 -17696.0136719 -16712.4296875 -16724.2558594
-18253.8105469 -17812.8925781 -19101.1679688 -18505.4257812 -18217.3164062 -18978.3398438 -18147.8085938 -18205.2539062
-17841.2714844 -17131.1386719 -18725.7265625 -18079.9726562 -17929.1484375 -18507.8007812 -17669.6289062 -17681.6542969
-17027.3203125 -16492.1757812 -17840.9648438 -17243.1132812 -17090.1367188 -17711.4277344 -16743.1328125 -16755.0644531
-16876.5742188 -16417.0253906 -17856.5214844 -17208.2246094 -16906.7636719 -17598.3671875 -16648.3828125 -16661.0722656
-16553.3242188 -15821.4560547 -17544.8984375 -16673.6894531 -16499.3652344 -17348.0644531 -16234.5781250 -16181.6923828
-16329.5781250 -15624.3925781 -17437.5117188 -16673.5546875 -16326.8046875 -17350.7343750 -16050.7226562 -16203.2031250
-17677.1210938 -18199.5683594 -17379.5292969 -17250.0449219 -18354.0117188 -16642.3632812 -18162.8085938 -17992.2890625
-16184.2119141 -16629.4003906 -16494.6171875 -15648.7265625 -16786.2773438 -16125.6093750 -16595.5097656 -16204.9609375
-18271.6875000 -18837.8769531 -18168.9960938 -18002.1953125 -18827.7519531 -17500.1660156 -18703.5996094 -18531.5976562
-17653.8593750 -17865.2167969 -17757.8789062 -17105.4648438 -18012.3164062 -17483.1289062 -17835.5722656 -17627.0585938
-18250.7773438 -18625.5332031 -18132.7578125 -17859.8007812 -18742.1250000 -17404.1757812 -18677.6718750 -18376.6855469
-17161.2363281 -17634.1503906 -16814.3281250 -16789.9238281 -17717.7890625 -16224.4726562 -17444.6269531 -17392.5507812
-16982.1914062 -17266.2011719 -17424.4648438 -16957.4531250 -17209.7832031 -17032.5742188 -17038.3691406 -17046.4062500
-18380.2070312 -18254.8789062 -19180.7089844 -18640.8339844 -17835.1914062 -18976.9375000 -17907.7480469 -18287.3535156
-17396.7988281 -17158.0566406 -18321.9218750 -17734.4804688 -17225.4902344 -18241.9082031 -17005.7031250 -17246.7421875
-17135.1386719 -17017.3984375 -18093.8808594 -17584.4648438 -16560.5312500 -18002.5781250 -16685.6679688 -17120.5429688
-17243.1113281 -17013.3554688 -18232.0546875 -17618.0605469 -16530.0781250 -18088.3789062 -16621.0800781 -17115.5449219
-17101.5000000 -16953.1582031 -18140.6601562 -17425.9003906 -16399.9062500 -17986.1035156 -16496.4121094 -16925.8261719
-16384.3593750 -16218.3427734 -17561.8632812 -16758.6035156 -15650.3769531 -17379.8593750 -15798.3681641 -16285.8437500
-17286.6757812 -17093.8906250 -18264.9941406 -17618.7226562 -16634.2265625 -18144.7148438 -16668.6328125 -17109.0390625
-17248.4218750 -17071.9804688 -18243.0585938 -17545.6230469 -16384.8828125 -18101.9921875 -16664.5546875 -17102.6523438
-17920.7500000 -18555.4550781 -17795.9726562 -17650.7343750 -18600.4980469 -17171.7304688 -18438.9902344 -18184.9765625
-17213.5390625 -17098.2304688 -18027.8750000 -17438.7207031 -16731.4570312 -17789.8652344 -16738.1132812 -17074.3671875
-17833.8769531 -18310.4609375 -17560.9941406 -17415.8398438 -18379.7207031 -16996.4453125 -18189.1718750 -18071.3593750
-17346.7617188 -17123.3457031 -18297.7578125 -17717.1503906 -16668.3105469 -18130.9492188 -16815.9062500 -17137.4218750
-17712.0156250 -18263.4843750 -17610.6445312 -17574.5371094 -18410.0917969 -17166.5214844 -18128.7265625 -17985.8925781
-17748.6972656 -17631.4199219 -18492.0859375 -18101.9785156 -17140.9765625 -18431.6484375 -17259.8906250 -17570.5312500
-16026.2158203 -15751.7714844 -17155.8203125 -16309.5517578 -15043.3183594 -17051.9472656 -15277.2871094 -15843.8808594
-18307.5000000 -18190.8242188 -19005.0097656 -18523.4531250 -17659.5019531 -18924.3632812 -17960.5761719 -18128.7246094
-16970.5097656 -16795.5800781 -17688.8242188 -17187.3574219 -16379.1738281 -17691.9375000 -16440.2519531 -16794.4023438
-19666.5917969 -20046.2226562 -19521.4492188 -19455.3339844 -20208.7968750 -19298.2207031 -20052.2207031 -19923.4140625
-18964.9921875 -18870.0175781 -19809.4238281 -19232.8417969 -18866.4746094 -19617.1269531 -18535.8554688 -18877.3417969
-18741.5019531 -18661.4296875 -19502.8398438 -18982.9062500 -18653.3320312 -19396.6093750 -18439.6542969 -18657.6035156
-17558.8652344 -17430.6425781 -18354.9316406 -17861.3964844 -17453.5371094 -18209.9277344 -17154.4667969 -17484.2871094
-17054.9707031 -16900.7421875 -17985.5878906 -17409.4101562 -16811.9550781 -17881.0488281 -16680.4609375 -17000.9707031
-16944.8457031 -16777.5917969 -17839.1601562 -17142.3515625 -16715.4921875 -17585.4296875 -16612.0566406 -16839.2812500
-16621.3242188 -16532.8769531 -17529.4433594 -16925.4824219 -16436.4863281 -17435.7734375 -16032.3330078 -16515.6933594
-17671.5410156 -17706.9785156 -18570.5898438 -18068.6035156 -17651.6152344 -18380.5390625 -17415.2246094 -17616.3886719
-16543.1660156 -16377.8105469 -17745.3750000 -17028.2265625 -16348.4960938 -17547.9531250 -15844.2490234 -16381.9130859
-16869.7500000 -16857.9941406 -17953.2011719 -17246.8300781 -16781.3964844 -17699.4628906 -16518.9785156 -16889.4453125
-16174.2568359 -16032.6933594 -17358.9531250 -16564.3105469 -15851.5166016 -17085.3164062 -15674.7119141 -15971.0722656
-16640.2089844 -16562.6347656 -17558.7460938 -16953.9882812 -16304.9433594 -17329.6113281 -16147.4179688 -16428.6445312
-15251.7041016 -14939.3378906 -16450.0351562 -15806.4228516 -14383.3837891 -16247.4335938 -14642.0888672 -14995.4970703
-15939.9843750 -15750.6611328 -17034.0214844 -16283.4189453 -14942.3779297 -16770.2402344 -15263.0039062 -15713.5341797
-16036.8798828 -15826.9013672 -17233.6757812 -16437.4746094 -15916.2236328 -17000.1562500 -15798.3251953 -15939.2607422
-16244.4062500 -16013.1640625 -17311.1679688 -16581.5488281 -15392.4150391 -17058.2089844 -15567.5537109 -16053.0380859
-16811.6914062 -16877.3554688 -17841.0214844 -17203.3789062 -16695.8417969 -17693.5625000 -16353.4062500 -16846.3300781
-15446.2714844 -15623.8779297 -16698.5800781 -15920.5556641 -15796.9619141 -16491.3593750 -15649.1552734 -15266.4628906
-17356.5234375 -17153.1875000 -18372.3203125 -17612.0429688 -17566.3769531 -18068.3066406 -17314.0917969 -17071.9882812
-16696.6445312 -16926.4257812 -17818.4218750 -17130.7070312 -17104.9765625 -17556.5781250 -16878.6269531 -16510.2695312
-16960.0781250 -17046.0312500 -17885.4101562 -17385.7265625 -17360.4687500 -17750.9902344 -17098.9218750 -16804.9824219
-18024.1875000 -17909.3671875 -18781.4941406 -18175.2109375 -18346.2363281 -18641.8554688 -17922.0625000 -17784.8554688
-17414.2128906 -17570.2695312 -18417.7070312 -17756.0507812 -17889.9042969 -18313.1992188 -17566.0078125 -17309.3359375
-16533.8808594 -16702.1523438 -17470.8125000 -16774.7968750 -16951.3535156 -17350.4902344 -16645.9453125 -16374.7714844
-17078.3789062 -17231.7226562 -18010.6015625 -17436.5351562 -17430.0996094 -17842.0390625 -17146.5957031 -16969.4394531
-17374.8105469 -17624.3496094 -18218.2460938 -17606.9199219 -17702.2910156 -17990.4257812 -17536.9355469 -17128.0136719
-17150.5097656 -17353.7148438 -18069.5156250 -17549.9589844 -17480.5039062 -18030.7695312 -17174.5117188 -16939.2597656
-17816.4023438 -17813.1679688 -18591.9765625 -18047.3632812 -18024.1972656 -18469.7851562 -17834.2539062 -17551.6269531
-17686.7187500 -17730.8183594 -18717.0351562 -18000.4238281 -18005.4785156 -18521.3027344 -17802.7109375 -17527.9453125
-17946.4082031 -18174.4687500 -18804.1250000 -18243.1640625 -18366.8320312 -18625.7656250 -18152.3085938 -17839.4687500
-17426.8730469 -17586.7773438 -18253.8144531 -17691.5781250 -17829.3750000 -18099.3085938 -17590.9492188 -17206.9628906
-16364.5000000 -16061.8867188 -17467.5859375 -16912.0332031 -16615.8320312 -17421.1738281 -16295.6992188 -16301.4912109
-17775.7597656 -17208.9804688 -18756.6093750 -18108.1074219 -17982.4511719 -18448.7753906 -17551.6503906 -17562.9160156
-18752.8007812 -19171.8398438 -18555.5000000 -18406.2519531 -19303.6406250 -18001.2148438 -19006.3828125 -18979.2812500
-19192.7187500 -19543.2871094 -18935.9628906 -18845.9062500 -19711.0234375 -18455.5664062 -19623.9453125 -19296.0859375
-18608.1796875 -19020.5683594 -18340.1640625 -18169.8808594 -19140.8417969 -17793.3652344 -19018.4453125 -18690.6289062
-18762.0410156 -19072.6210938 -18598.0488281 -18432.3398438 -19226.9296875 -17869.3730469 -19011.8320312 -18907.2285156
-19462.9121094 -19731.3046875 -19165.7734375 -19086.2949219 -19904.2519531 -18671.1601562 -19790.2812500 -19563.0488281
-17917.4648438 -18452.3417969 -17630.4550781 -17449.5292969 -18502.1093750 -16777.3105469 -18273.5371094 -18143.2558594
-18447.5722656 -18905.9589844 -18315.6347656 -18144.9921875 -19251.8593750 -17544.4414062 -18906.9746094 -18732.5625000
-18695.1972656 -18993.0117188 -18476.9082031 -18342.8710938 -19158.1230469 -18015.1582031 -19057.1347656 -18799.5156250
-16876.8925781 -16743.8750000 -17833.6445312 -17112.7246094 -16574.4160156 -17604.1230469 -16406.8300781 -16744.0000000
-18222.7148438 -18699.6054688 -18049.3027344 -17766.8554688 -18713.2812500 -17269.5253906 -18645.2285156 -18421.5097656
-18284.3710938 -18774.4609375 -18013.3632812 -17912.1113281 -19103.9843750 -17542.6054688 -18927.5664062 -18622.1875000
-17734.0605469 -18386.2988281 -17751.5644531 -17491.0507812 -18621.9062500 -16966.9726562 -18284.0722656 -18121.3906250
-18570.9375000 -19255.7890625 -18542.9667969 -18330.1386719 -19330.3535156 -18103.3515625 -19082.3945312 -18782.4082031
-18676.1132812 -19121.0175781 -18279.2753906 -18174.5664062 -19105.5410156 -17639.9199219 -19013.8808594 -18827.7929688
-18541.2441406 -19074.7558594 -18406.1855469 -18278.2910156 -19102.5097656 -17873.8417969 -18915.2753906 -18780.4218750
-19044.0566406 -19108.5664062 -19804.7812500 -19408.7636719 -18987.4179688 -19747.6933594 -18872.5742188 -19053.1406250
-18027.1582031 -18465.5976562 -17660.5546875 -17640.0507812 -18562.4257812 -17142.0000000 -18429.8613281 -18242.5371094
-18535.0703125 -19043.8886719 -18388.0468750 -18169.1093750 -19163.5878906 -18035.7695312 -18965.6054688 -18802.2734375
-17984.9316406 -18475.4824219 -17805.4160156 -17710.0722656 -18658.1035156 -17132.0488281 -18394.9238281 -18314.4453125
-18866.0605469 -19361.4003906 -18645.3632812 -18633.4453125 -19552.7480469 -18128.8398438 -19283.2929688 -19041.4375000
