-16356.6181641 -16843.4160156 -17284.6113281 -16721.7187500 -16935.4941406 -17134.3730469 -16736.6367188 -16343.7929688
-14894.4501953 -16193.3007812 -16812.3085938 -16003.1503906 -16511.2382812 -16579.7089844 -16171.7441406 -15781.3935547
-16241.1308594 -16552.2949219 -17411.5332031 -16702.3554688 -16947.3320312 -17053.6464844 -16602.0625000 -16075.1650391
-16862.8398438 -17312.1582031 -17913.3320312 -17229.3691406 -17438.0078125 -17634.4550781 -17145.1171875 -16639.0957031
-17458.8378906 -17769.6269531 -18243.8144531 -17575.9648438 -17979.4843750 -18086.4375000 -17793.3906250 -17637.8222656
-15924.6064453 -16165.6640625 -17064.0351562 -16443.8593750 -16372.0234375 -16905.3691406 -16056.0878906 -15707.0585938
-15431.3300781 -16217.5781250 -16650.5898438 -15818.7802734 -16359.5771484 -16503.9238281 -15920.5019531 -15576.2714844
-18693.6953125 -19085.3378906 -19359.6933594 -18882.9726562 -19271.3593750 -19258.6640625 -19042.2011719 -18726.5996094
-16348.6884766 -16757.8046875 -17309.9335938 -16579.3613281 -16889.9589844 -17047.2539062 -16623.8476562 -16375.7402344
-15977.3847656 -16552.5292969 -17164.0234375 -16311.9345703 -16849.5273438 -17016.3183594 -16541.5078125 -16249.4843750
-16567.4121094 -16918.4648438 -17696.2929688 -16862.3203125 -17260.6679688 -17340.0996094 -16869.8886719 -16788.9160156
-16525.0449219 -17068.7675781 -17562.2812500 -16961.6191406 -17319.3339844 -17206.3281250 -17002.0488281 -16641.2343750
-16610.1328125 -17086.2695312 -17631.7324219 -16988.3339844 -17481.6113281 -17204.4746094 -17099.9257812 -16622.2031250
-15910.2236328 -16596.6210938 -17149.1386719 -16511.9316406 -16899.8261719 -17159.8144531 -16392.2480469 -16203.1562500
-16234.0517578 -16523.9160156 -17320.4511719 -16661.0937500 -16904.0664062 -17129.5898438 -16539.4218750 -16204.7656250
-15433.0449219 -16626.9199219 -17095.4882812 -16459.9628906 -16945.0664062 -16938.2656250 -16554.0937500 -16177.0517578
-15960.9677734 -16350.5273438 -17175.1171875 -16337.7939453 -16699.8144531 -16973.4257812 -16283.0859375 -15974.4277344
-16150.5458984 -16502.5058594 -17046.2089844 -16356.0566406 -16677.3027344 -17001.2949219 -16524.0839844 -16193.5341797
-17043.4003906 -17743.2324219 -18171.6835938 -17355.0019531 -17943.3261719 -17927.6367188 -17673.6210938 -17380.1210938
-16976.6054688 -17152.6484375 -18111.4472656 -17300.4765625 -17512.9453125 -17926.1152344 -17058.5800781 -16833.1953125
-16942.5683594 -17410.9980469 -17767.5917969 -17106.6406250 -17745.2109375 -17466.0039062 -17535.5703125 -17230.7226562
-16050.1992188 -16331.2509766 -17045.8710938 -16284.0673828 -16562.1054688 -16847.3867188 -16163.8808594 -15979.3945312
-17598.1621094 -18006.9316406 -18268.4101562 -17772.5410156 -18088.6875000 -18158.6171875 -17905.7226562 -17809.7617188
-18200.7832031 -18397.6054688 -19033.9296875 -18318.2031250 -18569.5136719 -18814.6972656 -18385.2910156 -17963.9335938
-17829.2207031 -18024.1171875 -18716.3417969 -17990.8730469 -18259.0429688 -18481.0136719 -18081.7851562 -17903.3398438
-17810.2441406 -18013.7968750 -18639.4960938 -17996.7617188 -18379.3906250 -18292.2402344 -17982.2187500 -17519.2988281
-16986.5839844 -17201.8886719 -17843.2695312 -17160.2851562 -17382.0859375 -17540.1367188 -17124.5468750 -16662.0332031
-17996.2011719 -18494.6093750 -18449.3203125 -18185.1328125 -18638.5273438 -18337.7207031 -18336.9121094 -18221.9414062
-16742.7910156 -16871.0507812 -17727.2402344 -17028.4433594 -17242.2226562 -17475.3789062 -16838.8066406 -16630.1699219
-17209.7285156 -17426.6562500 -17956.2382812 -17563.9531250 -17955.4863281 -17753.6269531 -17475.6445312 -16950.1816406
-17516.5683594 -17718.2656250 -18267.5722656 -17857.6875000 -17923.1347656 -18265.6035156 -17716.5214844 -17367.2949219
-16914.3750000 -17399.1640625 -17409.5722656 -16609.5566406 -17690.1152344 -17200.9316406 -17449.0292969 -17122.6718750
-16981.7031250 -17561.3339844 -17334.0175781 -16429.3867188 -17683.5488281 -17122.6855469 -17487.0625000 -17286.7031250
-16478.6757812 -17017.4277344 -16654.1074219 -15975.4716797 -17211.5078125 -16599.4453125 -16922.6679688 -16668.2324219
-16205.1357422 -16646.6699219 -16529.6445312 -15832.3652344 -16882.2851562 -16276.6328125 -16565.4199219 -16432.6074219
-16645.4316406 -17125.7402344 -16775.0703125 -16187.9990234 -17328.0019531 -16903.5722656 -17033.9941406 -16855.9394531
-17730.5917969 -18233.7226562 -17883.9726562 -17483.0664062 -18281.5410156 -17834.3164062 -17960.0527344 -17858.2968750
-18373.1699219 -18755.5820312 -18688.3632812 -18193.7949219 -18897.4550781 -18557.1210938 -18713.1777344 -18446.6113281
-17395.2207031 -17982.1250000 -17642.7519531 -16961.7734375 -18068.9082031 -17387.7714844 -17840.9160156 -17554.8144531
-17873.1425781 -18456.8828125 -18104.7109375 -17304.7324219 -18495.3906250 -17887.6582031 -18294.2070312 -18092.7773438
-16948.5058594 -17463.3066406 -16925.6757812 -16338.4619141 -17678.4707031 -16898.8925781 -17477.5878906 -17107.4316406
-16206.5000000 -16665.9511719 -16438.3925781 -15631.8691406 -16897.9746094 -16276.2431641 -16627.1894531 -16385.5546875
-17311.9511719 -17818.4218750 -17521.8632812 -16989.8164062 -17994.7070312 -17326.4023438 -17735.7851562 -17588.4941406
-17617.4628906 -18123.3476562 -17745.8183594 -17030.3242188 -18301.7519531 -17689.8476562 -18034.1171875 -17827.5312500
-16795.9277344 -17381.9882812 -17167.8085938 -16420.9667969 -17498.0820312 -17078.5449219 -17394.4121094 -17011.3046875
-17895.7304688 -18273.2285156 -18174.5117188 -17574.5605469 -18465.1191406 -17983.0488281 -18136.4531250 -18041.1250000
-18231.0273438 -18627.5664062 -18416.3945312 -17923.9980469 -18788.7421875 -18164.9296875 -18619.0195312 -18457.1093750
-18062.5058594 -18646.4082031 -18137.9296875 -17682.2500000 -18801.5312500 -18007.5371094 -18510.8769531 -18334.5722656
-18093.3652344 -18725.5195312 -18188.9589844 -17608.7109375 -18852.2968750 -18118.3183594 -18682.9355469 -18289.1953125
-17192.0488281 -17706.0058594 -17594.9531250 -16849.8984375 -17848.4980469 -17452.0000000 -17729.3281250 -17436.0488281
-17142.9941406 -17735.4531250 -17101.2519531 -16552.7675781 -17932.0585938 -17047.0859375 -17552.1054688 -17339.5136719
-19951.9960938 -20396.7910156 -19152.6406250 -19695.9921875 -20226.2363281 -19695.6777344 -20181.2753906 -20068.0019531
-18753.0585938 -19471.0449219 -17798.1699219 -18349.3320312 -19491.8769531 -18245.8671875 -19231.8730469 -18883.7500000
-18715.2871094 -19174.1210938 -18032.0937500 -18417.9921875 -19287.9511719 -18293.1289062 -19107.7128906 -18894.5332031
-18437.6210938 -19063.1875000 -17526.7480469 -18095.9589844 -19170.6777344 -18093.6074219 -18904.7988281 -18707.9746094
-18098.6796875 -18831.3808594 -16794.4707031 -17486.8828125 -18944.5429688 -17495.5566406 -18642.9628906 -18442.7851562
-18134.9648438 -18945.5761719 -16992.3496094 -17559.8593750 -18903.2382812 -17609.6640625 -18649.8378906 -18405.9433594
-17707.8183594 -18398.9726562 -16721.2441406 -17345.5410156 -18414.6582031 -17268.3203125 -18197.9062500 -17896.9355469
-18002.8554688 -18628.3730469 -16991.7460938 -17659.4531250 -18664.7539062 -17514.7792969 -18480.1484375 -18217.0996094
-18456.9902344 -19076.4687500 -17548.5000000 -17978.2851562 -19147.2871094 -17948.1542969 -18847.8496094 -18617.7265625
-19005.9082031 -19597.4941406 -17952.7832031 -18578.2734375 -19766.1601562 -18604.3144531 -19450.4863281 -19198.7636719
-19851.8164062 -20344.7558594 -18984.0253906 -19509.1015625 -20505.2773438 -19524.4277344 -20258.3203125 -20084.3476562
-18042.3378906 -18536.9394531 -17036.1171875 -17615.8593750 -18660.2968750 -17457.6757812 -18385.3964844 -18208.6425781
-18486.6933594 -19087.0917969 -17781.1015625 -18167.6699219 -19187.9843750 -18370.0800781 -18999.8300781 -18680.3789062
-17476.5996094 -18283.0019531 -16382.7812500 -17001.9863281 -18296.6113281 -16992.1835938 -18016.8554688 -17709.5585938
-19303.6269531 -19782.4414062 -18459.2382812 -19038.7675781 -19864.3964844 -19189.1132812 -19611.0117188 -19491.8984375
-18947.4667969 -19427.8457031 -17996.2441406 -18572.5488281 -19630.7167969 -18599.5000000 -19362.2519531 -19206.3652344
-19246.5371094 -19831.3730469 -18296.3164062 -19000.1074219 -19886.4160156 -18834.7929688 -19717.2500000 -19498.2031250
-18651.2460938 -19238.0546875 -17887.0488281 -18374.4511719 -19400.5859375 -18470.7792969 -19163.4082031 -18777.4199219
-19292.0449219 -19789.4179688 -18491.8964844 -18932.9589844 -19831.9199219 -18939.8554688 -19726.7285156 -19449.1464844
-18714.4277344 -19148.5058594 -18014.6464844 -18474.4980469 -19366.7460938 -18341.2753906 -19049.8847656 -18924.7578125
-18768.0175781 -19357.9941406 -18076.1132812 -18455.8144531 -19383.6777344 -18589.8378906 -19183.5273438 -18873.7089844
-18012.5839844 -18752.8203125 -17061.0488281 -17751.9941406 -18804.7675781 -17852.9218750 -18551.6914062 -18303.3984375
-17132.6503906 -16696.2167969 -18044.7558594 -17402.0781250 -17230.2402344 -17970.1152344 -17009.5488281 -16964.5996094
-18473.2500000 -18009.2949219 -19304.1132812 -18695.5742188 -18435.9570312 -19232.7539062 -18214.9687500 -18326.9531250
-17084.6328125 -16768.1171875 -18184.4375000 -17613.8242188 -17318.7187500 -18061.4570312 -16958.5253906 -16984.1093750
-17175.0683594 -16580.6757812 -18298.6074219 -17529.6367188 -17073.4082031 -18115.0371094 -16853.6308594 -17041.3105469
-18117.7656250 -17648.2636719 -18961.8593750 -18415.6152344 -18149.7070312 -18840.9218750 -17875.9550781 -18071.9257812
-16101.0986328 -15906.6250000 -17403.4042969 -16503.0039062 -15432.8378906 -17241.4687500 -15569.1337891 -16134.2568359
-16197.9130859 -15601.8164062 -17397.3632812 -16544.7500000 -16295.0654297 -17209.3867188 -15973.9267578 -16119.3056641
-15578.8798828 -14857.5107422 -16724.3808594 -15876.8798828 -15617.0117188 -16444.9570312 -15090.9853516 -15403.5654297
-15393.4453125 -15062.5947266 -16737.5390625 -15803.1494141 -15221.4091797 -16500.4101562 -14816.5634766 -15176.1982422
-18086.0703125 -17947.0644531 -18889.0820312 -18362.6425781 -17806.0312500 -18804.8886719 -17658.8847656 -18042.6640625
-18364.8691406 -18179.7714844 -19158.2695312 -18664.1835938 -18148.6289062 -19050.5625000 -17861.4980469 -18236.0859375
-17927.6757812 -17461.1386719 -18887.4394531 -18265.5937500 -17965.4003906 -18787.0292969 -17765.9824219 -17883.3691406
-17735.5546875 -17264.9843750 -18573.0722656 -17885.3925781 -17762.8535156 -18334.5585938 -17483.5468750 -17620.8398438
-16534.9023438 -16030.2431641 -17743.0664062 -16883.3222656 -16656.0351562 -17518.8339844 -16357.8046875 -16390.8593750
-16301.3095703 -15755.0634766 -17614.5937500 -16750.2148438 -16506.0058594 -17292.2031250 -16183.5146484 -16271.2792969
-16331.6679688 -15935.5263672 -17593.5175781 -16740.6093750 -16683.8691406 -17460.5351562 -16453.2773438 -16209.0712891
-17114.2226562 -16957.5527344 -18137.4394531 -17322.8457031 -16968.0312500 -17968.0351562 -16700.5039062 -16881.2871094
-17053.3671875 -16451.6992188 -18082.3847656 -17353.1132812 -17157.6972656 -17927.6933594 -16866.2246094 -16995.8632812
-16419.2597656 -15982.5351562 -17650.7109375 -16754.1660156 -16659.6816406 -17432.4492188 -16243.5507812 -16352.2675781
-16584.0058594 -16440.1542969 -17544.2480469 -16906.2812500 -16091.8593750 -17336.7265625 -16030.3388672 -16426.2636719
-15984.0625000 -15759.9707031 -17147.6523438 -16410.5195312 -15675.5283203 -17080.7382812 -15418.9296875 -15924.7119141
-18808.6562500 -18429.7578125 -19487.3828125 -19033.7773438 -18934.9472656 -19474.7812500 -18644.8964844 -18755.2539062
-16677.8164062 -16536.8945312 -17746.3925781 -16972.7812500 -16401.3046875 -17555.7910156 -16269.7500000 -16585.8144531
-16722.9394531 -16193.7509766 -17979.9609375 -17063.4824219 -16717.8613281 -17661.6894531 -16521.3789062 -16572.7597656
-18602.6484375 -17990.1679688 -19385.9160156 -18793.8867188 -18493.7109375 -19231.0175781 -18321.3847656 -18407.5605469
-17650.1425781 -17220.5605469 -18663.5722656 -17925.1113281 -17769.7832031 -18464.0117188 -17528.1484375 -17572.1914062
-16797.4160156 -16283.7519531 -17891.6367188 -17068.2929688 -16934.7187500 -17671.6152344 -16531.5546875 -16704.5859375
-17001.5625000 -16413.8964844 -18087.4101562 -17407.0585938 -17186.4355469 -17855.3066406 -16797.6015625 -16875.1972656
-16464.3437500 -15847.5185547 -17642.8574219 -16843.6816406 -16657.1269531 -17419.9355469 -16355.8134766 -16363.1025391
-16815.1035156 -16277.9033203 -17969.0781250 -17170.2910156 -16926.8339844 -17704.7128906 -16653.0097656 -16663.9609375
-17792.1542969 -18422.1015625 -17553.2558594 -17447.7343750 -18644.5976562 -16942.7656250 -18342.5820312 -18000.3378906
-16438.2343750 -17062.3300781 -16847.4296875 -16181.2373047 -17181.4140625 -16645.0898438 -16916.3417969 -16632.0527344
-18869.8437500 -19387.8847656 -18574.1425781 -18397.5605469 -19544.6503906 -17682.3886719 -19304.6875000 -18902.5722656
-17444.5566406 -17974.3417969 -17706.1718750 -16929.3535156 -18143.2675781 -17449.7050781 -17864.2636719 -17584.0078125
-18775.9531250 -19250.7812500 -18491.4941406 -18414.9023438 -19324.4824219 -17930.4179688 -19187.0488281 -18763.3261719
-17278.2070312 -18032.6328125 -17267.4589844 -17136.9570312 -18015.5859375 -16564.6015625 -17752.3046875 -17490.8789062
-17256.6699219 -17603.0097656 -17635.0957031 -17197.2890625 -17456.9003906 -17327.4921875 -17242.8222656 -17365.0292969
-18524.6894531 -18300.6152344 -19321.6621094 -18827.6406250 -17756.7031250 -19142.7148438 -18022.0410156 -18583.4804688
-17186.2207031 -17000.1093750 -18236.3417969 -17592.3085938 -17009.9023438 -18169.5253906 -16850.0468750 -17240.3945312
-17346.8808594 -17154.6445312 -18367.2246094 -17625.2910156 -16629.4101562 -18297.8476562 -16848.7050781 -17273.5117188
-17500.2148438 -17235.9179688 -18458.2832031 -17685.0292969 -16624.5937500 -18263.8652344 -16712.1289062 -17422.0175781
-17034.8085938 -16823.1113281 -17962.8789062 -17242.0664062 -16323.3505859 -17782.1796875 -16399.9726562 -16941.4257812
-16640.9511719 -16359.3789062 -17860.1250000 -16987.5234375 -15655.4785156 -17562.2910156 -15834.0908203 -16613.8378906
-17604.8769531 -17327.8925781 -18579.1875000 -17958.0410156 -16840.6738281 -18415.8125000 -16983.2734375 -17440.2187500
-17386.6660156 -17160.6347656 -18315.0058594 -17606.8671875 -16601.4179688 -18124.5117188 -16731.1347656 -17286.0761719
-17974.8339844 -18505.3203125 -17890.0917969 -17763.5917969 -18510.0566406 -17199.7187500 -18408.1445312 -18048.9648438
-17122.1562500 -17169.5859375 -17755.7167969 -17389.6621094 -16825.4726562 -17646.6171875 -16952.3710938 -17208.5312500
-17846.7304688 -18325.8417969 -17726.1816406 -17631.3867188 -18413.2089844 -16961.9003906 -18170.7753906 -18029.3828125
-17254.0703125 -16928.4628906 -18119.5742188 -17542.6328125 -16401.4824219 -17935.0488281 -16593.2187500 -17154.5429688
-17990.3320312 -18678.6386719 -18016.9003906 -17839.8085938 -18637.9023438 -17380.1933594 -18389.5175781 -18214.0039062
-17737.2949219 -17553.9414062 -18660.3457031 -18028.2480469 -16950.8574219 -18488.1484375 -17059.5722656 -17673.7148438
-16448.8945312 -16267.1660156 -17789.1152344 -16897.2832031 -15665.3974609 -17478.1542969 -15849.1816406 -16439.0195312
-18351.9082031 -18237.4804688 -19131.2460938 -18597.7578125 -17664.1699219 -18973.4667969 -17834.8066406 -18333.1289062
-17339.5742188 -17232.4687500 -18232.4101562 -17574.3320312 -16776.7421875 -17995.1933594 -16708.2109375 -17227.5214844
-20166.5585938 -20570.9277344 -19734.5957031 -19779.3164062 -20735.4414062 -19673.8007812 -20555.5722656 -20301.6484375
-19099.8769531 -18940.4023438 -19896.3320312 -19347.5332031 -18861.0000000 -19735.1074219 -18517.0976562 -19110.3789062
-18842.8476562 -18726.9140625 -19561.5410156 -19052.3457031 -18753.3769531 -19525.3632812 -18457.4042969 -18751.1269531
-17514.6621094 -17450.0136719 -18420.0644531 -17725.5351562 -17376.1347656 -18293.6171875 -17045.4003906 -17516.4023438
-17372.2832031 -17266.5585938 -18209.6621094 -17602.2460938 -17087.0214844 -18045.4941406 -16835.0468750 -17188.4882812
-17225.6132812 -17184.1425781 -18291.2382812 -17631.6347656 -17105.9902344 -18182.6132812 -16913.7773438 -17199.4140625
-16749.1230469 -16609.1699219 -17617.6152344 -16964.8378906 -16519.6328125 -17497.8730469 -16291.1142578 -16685.9453125
-17979.2421875 -17839.9375000 -18851.9609375 -18208.6582031 -17700.4570312 -18635.0781250 -17469.7460938 -17893.1191406
-16701.0625000 -16451.5937500 -17866.8515625 -17038.1562500 -16290.6093750 -17680.9062500 -15966.4414062 -16668.7265625
-16855.8535156 -16794.1347656 -17863.0097656 -17154.9902344 -16711.6855469 -17615.8007812 -16515.5449219 -16750.9218750
-16428.9218750 -16236.4892578 -17648.4140625 -16713.2597656 -16043.7207031 -17295.0898438 -15801.1181641 -16150.8251953
-16803.1113281 -16658.5390625 -17866.8613281 -17102.1347656 -16436.9765625 -17707.3300781 -16254.3662109 -16771.5175781
-15371.7265625 -15067.5869141 -16836.0644531 -15781.5742188 -14317.3642578 -16480.1738281 -14623.3759766 -15341.8359375
-16199.7451172 -15915.5517578 -17390.3007812 -16549.5527344 -15345.9599609 -17345.9726562 -15509.6123047 -16246.8876953
-16510.4589844 -16240.4765625 -17589.4296875 -16898.2421875 -16377.8320312 -17414.9824219 -16147.2851562 -16412.5742188
-16199.4882812 -15955.7333984 -17352.6445312 -16459.7363281 -15206.1611328 -17074.7890625 -15407.9824219 -16026.0957031
-17026.5351562 -16962.5839844 -18077.0781250 -17389.9980469 -16861.2050781 -17943.5527344 -16470.2382812 -17009.5449219
-15311.4833984 -15458.3310547 -16617.2675781 -15866.0068359 -15860.4736328 -16491.2617188 -15532.1992188 -15273.1728516
-16944.9394531 -17021.5976562 -18029.6132812 -17275.4667969 -17405.5664062 -17704.8906250 -17057.2363281 -16740.9707031
-16824.9570312 -17077.8457031 -17868.4042969 -17118.0742188 -17392.8476562 -17515.5566406 -16989.7167969 -16718.6308594
-17197.6718750 -17524.7421875 -18352.1152344 -17746.3574219 -17895.7070312 -18193.4707031 -17571.3437500 -17153.7304688
-17971.8925781 -18189.3085938 -18775.5683594 -18144.9101562 -18397.4570312 -18530.8027344 -18109.0019531 -17817.0742188
-17620.6406250 -17609.0742188 -18636.9003906 -17926.6542969 -17932.6054688 -18508.9960938 -17662.6953125 -17579.1699219
-16870.6406250 -17096.4335938 -17899.2988281 -17320.7265625 -17447.5800781 -17598.7480469 -17068.7792969 -16806.3125000
-17287.4746094 -17422.3046875 -18441.3789062 -17705.1054688 -17697.0449219 -18253.0156250 -17452.5156250 -17070.6308594
-17834.2324219 -18094.7558594 -18779.2890625 -18159.2441406 -18295.1523438 -18596.9355469 -17973.4941406 -17720.3730469
-16708.7714844 -16968.9785156 -17868.7949219 -17234.5781250 -17348.6933594 -17734.8554688 -16948.5742188 -16657.3808594
-17770.5566406 -17833.5781250 -18619.1914062 -18154.1875000 -18092.6542969 -18596.5996094 -17809.8730469 -17661.6601562
-17853.1308594 -17969.5019531 -18612.5019531 -18179.8906250 -18232.4589844 -18561.4179688 -17999.3007812 -17573.5976562
-18122.5957031 -18386.3378906 -19193.5937500 -18583.7792969 -18635.7011719 -19034.9218750 -18394.7636719 -18041.1113281
-17768.1152344 -17911.2324219 -18709.4941406 -18088.7304688 -18204.1972656 -18385.6132812 -17870.2500000 -17512.7285156
-16596.4687500 -16001.7587891 -17634.8144531 -16939.2851562 -16637.4335938 -17460.9062500 -16449.4531250 -16418.2988281
-17951.3398438 -17498.2812500 -18888.1855469 -18265.7070312 -18026.8476562 -18734.7734375 -17838.5390625 -17936.0214844
-18950.0292969 -19425.3105469 -18869.7832031 -18634.5996094 -19443.4863281 -18354.9570312 -19282.3710938 -19190.8593750
-19270.0175781 -19935.4218750 -19227.3417969 -19073.3398438 -19961.4316406 -18672.9101562 -19801.4980469 -19497.5429688
-19020.1035156 -19656.1992188 -18873.5429688 -18754.2832031 -19747.4726562 -18189.2597656 -19580.7285156 -19226.6972656
-19045.3652344 -19565.7343750 -18978.0742188 -18788.4375000 -19711.6738281 -18282.7734375 -19450.2792969 -19149.6152344
-19621.0410156 -20040.0214844 -19490.5488281 -19301.0566406 -20188.7226562 -18759.6875000 -20027.1738281 -19707.8496094
-18608.1855469 -19153.5761719 -18365.2851562 -18126.0917969 -19250.6484375 -17349.2382812 -19142.8554688 -18758.3535156
-18948.6171875 -19640.6914062 -18743.1074219 -18648.9921875 -19698.0214844 -18065.8027344 -19492.2695312 -19091.5449219
-18989.7382812 -19561.1718750 -18838.0507812 -18670.4765625 -19634.1425781 -18164.4238281 -19467.2089844 -19206.9492188
-17183.0039062 -17068.8359375 -18152.1191406 -17442.3515625 -17043.1152344 -17962.0859375 -16699.9550781 -17113.2187500
-18318.7128906 -18956.6562500 -18183.5917969 -17884.5175781 -18868.6093750 -17472.4589844 -18784.3105469 -18503.5683594
-18230.3476562 -18860.5625000 -18070.7207031 -17750.2050781 -18874.5742188 -17392.2675781 -18716.2734375 -18472.5312500
-18345.8261719 -18862.2285156 -18154.1035156 -17905.5214844 -18874.2988281 -17342.7949219 -18734.4062500 -18527.6562500
-18930.9453125 -19598.2070312 -18627.8417969 -18641.3925781 -19546.8789062 -18146.5332031 -19487.9746094 -19081.2539062
-18839.2402344 -19265.8359375 -18527.3691406 -18426.8300781 -19378.8964844 -17870.6953125 -19258.6093750 -18892.6738281
-18807.7460938 -19227.6484375 -18531.4824219 -18452.4335938 -19393.9472656 -18060.2128906 -19234.4160156 -18987.8808594
-19518.0781250 -19478.4335938 -20144.8261719 -19746.6484375 -19380.1464844 -20069.6269531 -19245.2734375 -19444.1328125
-18295.4589844 -18801.5937500 -18147.2832031 -17914.8906250 -18948.5468750 -17202.0136719 -18798.3535156 -18473.1562500
-19047.8457031 -19564.1679688 -18713.2539062 -18660.3085938 -19606.1230469 -18199.3222656 -19443.1308594 -19129.9511719
-18233.2285156 -18791.5214844 -18101.8808594 -17889.2402344 -18828.9179688 -17415.5625000 -18551.0195312 -18435.7207031
-19062.3105469 -19604.8085938 -18873.5195312 -18686.5214844 -19753.7109375 -18204.8691406 -19556.6464844 -19208.2070312
