-16425.2519531 -16929.7753906 -17491.2304688 -16989.1425781 -17130.4023438 -17207.6386719 -16933.6738281 -16568.5664062
-14671.2246094 -15927.3154297 -16628.2421875 -15865.0332031 -16210.2070312 -16445.8281250 -15964.4804688 -15365.6787109
-16024.6806641 -16297.8291016 -17023.4843750 -16304.5097656 -16627.8750000 -16765.1621094 -16352.6005859 -15891.6640625
-16619.8593750 -16721.1582031 -17600.3574219 -17091.7246094 -17109.7714844 -17526.9414062 -16667.1093750 -16422.7402344
-17147.3554688 -17608.5078125 -18104.8320312 -17540.7363281 -17870.5039062 -17915.9609375 -17631.5957031 -17303.6035156
-16012.0751953 -16320.8359375 -17373.4003906 -16524.7246094 -16757.4707031 -17048.8652344 -16439.4589844 -15810.8593750
-15080.4052734 -15807.2021484 -16104.9667969 -15632.5585938 -16019.1083984 -15991.9326172 -15756.7167969 -15404.1630859
-18752.5683594 -19143.8437500 -19368.6250000 -18894.1425781 -19340.2304688 -19218.2832031 -19245.9628906 -18902.9355469
-16613.1132812 -17123.2285156 -17423.8085938 -16929.7148438 -17273.8144531 -17350.8710938 -17096.9335938 -16709.0625000
-15848.7158203 -16325.4990234 -17295.6347656 -16678.0742188 -16653.6054688 -17157.3535156 -16434.0800781 -15984.6289062
-16370.8447266 -16814.1210938 -17519.2675781 -16858.3183594 -17282.8183594 -17307.9199219 -17012.4746094 -16532.5312500
-16542.9492188 -17109.5644531 -17585.7636719 -17037.5898438 -17408.9609375 -17574.2050781 -17022.1054688 -16779.6972656
-16702.0644531 -16989.5351562 -17710.9941406 -17003.4511719 -17343.2500000 -17575.6210938 -17165.8828125 -16732.8476562
-16208.8818359 -16753.3808594 -17553.0078125 -16746.8769531 -17211.1015625 -17259.4160156 -16888.5410156 -16293.8515625
-16054.2978516 -16485.1289062 -17171.3925781 -16499.9687500 -17006.7949219 -16933.3984375 -16755.8066406 -16089.1611328
-15084.1523438 -16299.5283203 -17016.7675781 -16278.1582031 -16551.6484375 -16817.7187500 -16368.8222656 -15812.9335938
-16230.8886719 -16795.5156250 -17382.7500000 -16644.5351562 -16952.5117188 -17202.7871094 -16714.0253906 -16557.9589844
-15923.8037109 -16541.6054688 -16958.1210938 -16298.8964844 -16901.6777344 -16713.6972656 -16617.7226562 -16177.5087891
-16723.0625000 -17247.0703125 -17937.4394531 -17271.9765625 -17595.9921875 -17748.9843750 -17324.8847656 -16941.8710938
-16925.9609375 -17091.9003906 -18029.2890625 -17400.8750000 -17473.1601562 -17901.7636719 -17203.6953125 -16750.2246094
-16565.0859375 -16938.7539062 -17631.2421875 -16942.5683594 -17191.0351562 -17432.2128906 -17007.1093750 -16654.8105469
-16242.9248047 -16704.6640625 -17283.4804688 -16617.0703125 -17090.4042969 -17299.1250000 -16572.1503906 -16399.7968750
-17384.7910156 -17914.7167969 -18274.7578125 -17721.9550781 -18116.5332031 -18025.6015625 -17933.0585938 -17562.5468750
-18066.8144531 -18211.8066406 -19070.8574219 -18452.8808594 -18560.0664062 -18955.8593750 -18354.7734375 -17922.3574219
-17639.2656250 -18027.2402344 -18564.2031250 -17927.8417969 -18305.3554688 -18391.4062500 -18025.0957031 -17754.0859375
-17241.1015625 -17495.7675781 -18332.3046875 -17660.1718750 -17680.9296875 -18198.2363281 -17499.0839844 -17116.1562500
-17018.7285156 -17170.9082031 -17846.0800781 -17252.6796875 -17576.2226562 -17626.7675781 -17252.0488281 -16866.4570312
-17784.7890625 -18215.2539062 -18522.0097656 -17996.8593750 -18387.2089844 -18374.5332031 -18279.2519531 -18005.8515625
-16620.5058594 -16726.3691406 -17556.0996094 -17067.3222656 -17084.4707031 -17505.6894531 -16786.2929688 -16313.4599609
-16875.4160156 -17238.9648438 -17840.0351562 -17325.1718750 -17508.6992188 -17833.3828125 -17278.8476562 -16746.2597656
-17332.9433594 -17236.9042969 -18309.8925781 -17618.9277344 -17617.4667969 -18074.4335938 -17401.9843750 -17035.2246094
-17092.5019531 -17466.1269531 -17216.6484375 -16429.1835938 -17556.1210938 -17271.4140625 -17392.9882812 -17170.6972656
-17136.2617188 -17635.6191406 -17292.0664062 -16619.4179688 -17715.1191406 -17156.1035156 -17525.9316406 -17186.5019531
-17014.9042969 -17449.3339844 -17279.1406250 -16550.1289062 -17642.0644531 -16935.7988281 -17366.4121094 -17150.6113281
-16484.6621094 -16968.3222656 -16712.6992188 -16099.9648438 -17265.7675781 -16604.4707031 -17001.7402344 -16706.3750000
-17360.1425781 -17871.0371094 -17412.6289062 -16543.6230469 -17850.1289062 -17328.2246094 -17820.3378906 -17412.1796875
-17875.9804688 -18366.7207031 -18143.4257812 -17556.6074219 -18641.0878906 -18092.4160156 -18360.0449219 -18004.1250000
-18591.8144531 -18850.4082031 -18691.5703125 -18121.3222656 -19181.8808594 -18519.5410156 -18947.2285156 -18751.7246094
-17540.5234375 -18032.1875000 -17537.8203125 -16948.7441406 -18338.3632812 -17518.8144531 -18024.3593750 -17740.3476562
-17845.1875000 -18222.4863281 -17947.4550781 -17121.0566406 -18533.3457031 -17971.4902344 -18316.2363281 -17964.6074219
-16593.6718750 -17076.3359375 -16782.9941406 -16044.7861328 -17370.7695312 -16801.3496094 -17169.2363281 -16748.6347656
-16955.0449219 -17218.2070312 -16798.6640625 -16202.4707031 -17562.1386719 -16638.3164062 -17398.7832031 -16975.4648438
-17134.3085938 -17517.2421875 -17193.4414062 -16492.7695312 -17632.0683594 -16991.9707031 -17348.4179688 -17214.4765625
-17712.8925781 -18261.1855469 -17805.4824219 -17126.2089844 -18290.9843750 -17621.4179688 -18151.2109375 -17932.4355469
-16801.0761719 -17114.5156250 -17124.4296875 -16032.8671875 -17421.1289062 -16832.3808594 -17217.4394531 -16812.6816406
-17953.7871094 -18382.6953125 -18086.2441406 -17487.9941406 -18537.2792969 -17958.5136719 -18294.2070312 -18091.1386719
-18098.7050781 -18493.3203125 -18309.6054688 -17628.1035156 -18648.9785156 -18149.0097656 -18466.4648438 -18308.2890625
-17754.1835938 -18334.5312500 -18052.8515625 -17413.4179688 -18470.6640625 -17984.5195312 -18307.5488281 -18042.0527344
-17987.7285156 -18264.0664062 -18025.0585938 -17349.8007812 -18478.0449219 -17910.5742188 -18328.5019531 -18082.6562500
-17596.6562500 -18209.6464844 -17836.5410156 -17107.1738281 -18311.2460938 -17583.8554688 -18157.2304688 -17841.6972656
-17007.9726562 -17400.5488281 -17122.4726562 -16430.3886719 -17461.4414062 -17033.7890625 -17381.8535156 -17101.3574219
-19900.5156250 -20246.8105469 -19189.6210938 -19541.9726562 -20426.7968750 -19548.8242188 -20238.9023438 -20000.7773438
-18369.7988281 -18885.5253906 -17452.5917969 -18011.0898438 -19114.6562500 -17888.2089844 -18882.6054688 -18658.2988281
-18452.7558594 -19065.6386719 -17624.0175781 -18188.8300781 -19092.7460938 -18066.0957031 -18934.1894531 -18695.1210938
-18091.5996094 -18561.2031250 -17261.7089844 -17751.3808594 -18723.2441406 -17540.7949219 -18511.4609375 -18241.6933594
-17797.9804688 -18284.9257812 -16553.7285156 -17315.4941406 -18522.2207031 -17236.3085938 -18345.4667969 -18035.1269531
-17901.8613281 -18380.9707031 -16657.8750000 -17417.2500000 -18570.9824219 -17277.8417969 -18361.6582031 -18025.7578125
-18164.4179688 -18617.0019531 -16888.8496094 -17619.4179688 -18823.7031250 -17698.3457031 -18520.7597656 -18340.8574219
-18042.4882812 -18589.3203125 -16877.4179688 -17599.4628906 -18797.2558594 -17612.1152344 -18590.7851562 -18353.0058594
-18352.2460938 -18948.7949219 -17156.9218750 -17998.1777344 -19146.6855469 -18022.4453125 -18929.2480469 -18556.3554688
-18583.8105469 -19159.4746094 -17508.3691406 -18033.5527344 -19240.7207031 -17882.7714844 -19022.9863281 -18742.8378906
-19694.3496094 -20279.8652344 -18860.9414062 -19321.7539062 -20360.8339844 -19283.7597656 -20140.0410156 -19896.5937500
-18092.7734375 -18778.0898438 -16917.5156250 -17731.3691406 -18950.1445312 -17676.0917969 -18744.1210938 -18454.2714844
-18657.9785156 -19341.2636719 -17733.8027344 -18159.3769531 -19441.9199219 -18316.7265625 -19308.7421875 -18898.7929688
-17186.3593750 -17741.1054688 -15920.8076172 -16623.9375000 -17987.5214844 -16471.7617188 -17699.8339844 -17455.7343750
-19167.5410156 -19608.8457031 -18456.2011719 -18886.9550781 -19647.1679688 -18898.5390625 -19560.2675781 -19310.1875000
-18846.0585938 -19361.9609375 -17918.3769531 -18451.8671875 -19532.6132812 -18384.2949219 -19314.4316406 -19010.0312500
-18842.2480469 -19336.3027344 -17936.1757812 -18533.1289062 -19497.9160156 -18597.4257812 -19255.8476562 -19079.9375000
-18752.9296875 -19395.1601562 -17686.6738281 -18206.1464844 -19460.3320312 -18270.5566406 -19297.4843750 -18940.2011719
-19111.6699219 -19633.5156250 -17990.0156250 -18645.2832031 -19805.3105469 -18732.6367188 -19651.8906250 -19244.6914062
-19041.5566406 -19496.2773438 -18120.9667969 -18713.2187500 -19635.1640625 -18701.7265625 -19482.2187500 -19202.4433594
-18823.2929688 -19246.0683594 -18071.2968750 -18491.4843750 -19440.7558594 -18445.4531250 -19279.7460938 -19047.5175781
-17984.2988281 -18642.9648438 -16963.5449219 -17680.7265625 -18786.7558594 -17353.9628906 -18617.2050781 -18259.9062500
-17222.2949219 -16681.8925781 -18326.7363281 -17631.5917969 -17374.3417969 -18291.6074219 -17166.6054688 -17077.6250000
-18340.0234375 -18071.8398438 -19158.2656250 -18522.9101562 -18382.6875000 -19116.6855469 -18087.4199219 -18207.8574219
-17065.7128906 -16640.5488281 -18120.2343750 -17465.0234375 -17145.2753906 -17943.5312500 -16907.7968750 -16915.4472656
-16973.7148438 -16490.4277344 -18008.3125000 -17357.6738281 -17092.7539062 -17856.3632812 -16895.1035156 -16864.4863281
-18073.8671875 -17617.6074219 -18867.0957031 -18359.0019531 -18052.7089844 -18830.3144531 -17866.5761719 -17951.3339844
-16392.3730469 -15976.6435547 -17451.4628906 -16649.2675781 -15343.2226562 -17358.1601562 -15608.1425781 -16186.4150391
-16517.9863281 -15801.6875000 -17363.9570312 -16689.0996094 -16633.8847656 -17308.9472656 -16265.1279297 -16254.8066406
-15615.1425781 -14834.2910156 -16955.1152344 -15934.9755859 -15502.7021484 -16794.0957031 -15155.1406250 -15466.0800781
-15389.1308594 -14853.4101562 -16470.2871094 -15500.9091797 -14717.5771484 -16425.4121094 -14416.0703125 -15080.7500000
-18161.8808594 -17986.0390625 -19064.9707031 -18422.4394531 -17810.3593750 -18916.6933594 -17664.3437500 -18130.6132812
-18710.4453125 -18574.0273438 -19572.4296875 -18965.8691406 -18520.8769531 -19469.6367188 -18338.1777344 -18563.2929688
-17934.1230469 -17452.0664062 -18904.1406250 -18275.6425781 -17904.9980469 -18844.3652344 -17826.1015625 -17914.3066406
-17542.7656250 -16924.0000000 -18357.0390625 -17979.6113281 -17631.5390625 -18260.5117188 -17333.2285156 -17312.5703125
-16697.4296875 -16183.8847656 -17835.1250000 -17106.9355469 -16925.8945312 -17679.5664062 -16634.4160156 -16511.6621094
-16434.8867188 -15835.0156250 -17619.6367188 -16888.3320312 -16525.4726562 -17567.5332031 -16189.3320312 -16235.6835938
-16465.4863281 -15824.8671875 -17647.9492188 -16762.4277344 -16483.5937500 -17488.4023438 -16274.7041016 -16280.9941406
-16796.8183594 -16568.8398438 -17911.8964844 -17155.2421875 -16467.4921875 -17751.8925781 -16285.8398438 -16713.5937500
-17087.2812500 -16536.6601562 -17893.5156250 -17345.6972656 -17230.2832031 -17764.9160156 -16861.0585938 -16829.5800781
-16402.9550781 -15654.8759766 -17379.0761719 -16520.2675781 -16339.3886719 -17178.9707031 -16078.2207031 -16098.6484375
-16745.7148438 -16434.3222656 -17681.7402344 -17003.3769531 -16227.4082031 -17670.1328125 -16039.8544922 -16655.1894531
-16048.4941406 -16040.1220703 -17278.5683594 -16514.5136719 -15775.3857422 -17075.7285156 -15414.6884766 -16017.5253906
-18560.7480469 -18210.3750000 -19363.7714844 -18842.1933594 -18666.8984375 -19298.0214844 -18570.2363281 -18467.1875000
-17222.5722656 -17042.0253906 -18076.0156250 -17355.0019531 -16791.8574219 -17877.8417969 -16666.8496094 -17138.1093750
-16582.0996094 -16108.7841797 -17700.6582031 -17044.2753906 -16836.8125000 -17595.4277344 -16464.5449219 -16463.8164062
-18386.4824219 -17963.9726562 -19103.0039062 -18550.2519531 -18423.4980469 -19035.4375000 -18214.6933594 -18233.0546875
-17482.2988281 -16981.4414062 -18494.3085938 -17898.0976562 -17493.9316406 -18372.5175781 -17198.1816406 -17283.3730469
-16994.6777344 -16494.7578125 -18151.6054688 -17424.8925781 -17079.2578125 -17993.2519531 -16873.5214844 -16833.8300781
-16826.2851562 -16335.6533203 -17940.2812500 -17166.3085938 -17000.9511719 -17885.8847656 -16670.6992188 -16636.3476562
-16322.4990234 -15681.8896484 -17448.0546875 -16751.5214844 -16456.4023438 -17356.2265625 -16086.1835938 -16161.2031250
-16493.7753906 -15929.8769531 -17469.2460938 -16848.6347656 -16703.4042969 -17436.9902344 -16321.3242188 -16445.2187500
-17668.9687500 -18378.5234375 -17493.0878906 -17307.6386719 -18480.7695312 -16775.7851562 -18371.4589844 -17912.2558594
-16503.5488281 -17081.9726562 -16766.3769531 -16024.1806641 -17308.6132812 -16591.2324219 -16947.9824219 -16762.0078125
-18648.0117188 -19147.8906250 -18438.3066406 -18299.7421875 -19326.9082031 -17661.8945312 -19145.0136719 -18775.8437500
-17608.8730469 -18071.5683594 -17667.0214844 -17161.5351562 -18216.1269531 -17577.7929688 -18093.1777344 -17834.3574219
-18598.3906250 -19271.4277344 -18305.7031250 -18288.7148438 -19469.8789062 -17708.0234375 -19355.2500000 -18865.6601562
-17306.5605469 -17881.4199219 -17291.9472656 -17153.2597656 -18154.9472656 -16484.3945312 -17894.2050781 -17404.6367188
-17239.3398438 -17430.9960938 -17741.5527344 -17235.8476562 -17509.2246094 -17338.5996094 -17345.7011719 -17357.4941406
-18552.7656250 -18319.5136719 -19319.0410156 -18817.0214844 -17813.2949219 -19241.7109375 -17973.9375000 -18362.1992188
-17496.4726562 -17353.8632812 -18397.5507812 -17788.8867188 -17177.3828125 -18187.7109375 -16846.5683594 -17325.0566406
-17340.6972656 -17125.0878906 -18403.5996094 -17761.8164062 -16451.5546875 -18373.9921875 -16696.3593750 -17240.1640625
-17217.8359375 -17003.6972656 -18225.6542969 -17424.2265625 -16363.9287109 -18151.1269531 -16554.5703125 -17070.5273438
-17050.2285156 -16729.3535156 -17988.3593750 -17330.1250000 -16234.3535156 -17851.0253906 -16316.0087891 -16946.1972656
-16386.3984375 -16080.3525391 -17554.0800781 -16632.0546875 -15525.6328125 -17377.2519531 -15687.9277344 -16192.5009766
-17499.2968750 -17310.5195312 -18490.6074219 -17799.8183594 -16779.0175781 -18303.6953125 -16755.1074219 -17425.9121094
-17492.0097656 -17288.4609375 -18460.5742188 -17861.0644531 -16683.3710938 -18440.9082031 -16876.8613281 -17364.3730469
-18289.9843750 -18909.1367188 -18062.7265625 -18007.0449219 -18867.2324219 -17272.2890625 -18731.1640625 -18424.6132812
-17106.8046875 -16885.5000000 -18042.8125000 -17400.5332031 -16331.7568359 -17926.7187500 -16538.8847656 -17039.9433594
-17928.6484375 -18575.6601562 -17746.1757812 -17787.1933594 -18607.8378906 -16965.1191406 -18593.1210938 -18129.0839844
-17485.7792969 -17244.5195312 -18422.8437500 -17620.5351562 -16570.9453125 -18157.1328125 -16837.4394531 -17252.1621094
-18148.2265625 -18821.1855469 -18209.2402344 -18074.5527344 -18910.0371094 -17496.9140625 -18813.3710938 -18413.0664062
-17779.8613281 -17545.4042969 -18704.6230469 -18090.8769531 -16970.1210938 -18658.8242188 -17092.1328125 -17644.9140625
-16123.4326172 -15943.4658203 -17280.7871094 -16528.0878906 -15239.2373047 -17149.2617188 -15402.9794922 -15977.3164062
-18364.9472656 -18152.5253906 -19191.0605469 -18650.0996094 -17658.0039062 -19208.1269531 -17770.5703125 -18190.9589844
-17258.6054688 -16968.7871094 -18361.7812500 -17611.2617188 -16589.6621094 -18155.0683594 -16525.4160156 -17122.5761719
-20059.3378906 -20495.2089844 -19644.8320312 -19798.7167969 -20695.0917969 -19554.4394531 -20527.0957031 -20153.8730469
-19088.5507812 -18943.5253906 -19904.3671875 -19351.7265625 -18958.6328125 -19766.8320312 -18555.4355469 -19055.6972656
-18897.1679688 -18766.2070312 -19704.2597656 -19213.9765625 -18781.8007812 -19619.0878906 -18542.1679688 -18817.3242188
-17642.0429688 -17238.2968750 -18499.8320312 -17857.2441406 -17255.6367188 -18392.5292969 -16926.5175781 -17391.2792969
-17310.6894531 -17162.2441406 -18247.8339844 -17600.9492188 -17024.6640625 -18210.1875000 -16688.9589844 -17119.0390625
-17152.8652344 -16934.5253906 -18009.9824219 -17411.4101562 -16887.4824219 -17933.4726562 -16637.5664062 -17004.4550781
-16615.6347656 -16348.4667969 -17762.0175781 -16991.1718750 -16148.3085938 -17625.8085938 -15949.6259766 -16460.2636719
-17902.0625000 -17631.4140625 -18801.5722656 -18241.5273438 -17628.7480469 -18724.4843750 -17340.9453125 -17708.4296875
-16759.4921875 -16498.6074219 -18056.0410156 -17109.8125000 -16389.8750000 -17804.3398438 -15945.0673828 -16537.2753906
-16926.6679688 -16910.0371094 -17961.3066406 -17312.7792969 -16794.6679688 -17883.5644531 -16575.8593750 -16803.2539062
-16191.5683594 -15912.3115234 -17347.4863281 -16604.6152344 -15886.1494141 -17245.7792969 -15498.6230469 -16047.8281250
-16584.6406250 -16274.1269531 -17732.4160156 -16867.0976562 -16046.2724609 -17597.1445312 -15803.8242188 -16341.9111328
-15277.1328125 -14947.9082031 -16659.9003906 -15696.7666016 -14339.0751953 -16454.0546875 -14549.9824219 -15014.3955078
-15780.2431641 -15407.6123047 -16973.5019531 -16095.2802734 -14829.4599609 -16923.2441406 -14813.2656250 -15562.7490234
-16227.1582031 -16035.4179688 -17235.2656250 -16480.9921875 -15760.7861328 -17210.0449219 -15666.0166016 -16106.0732422
-16289.8437500 -16060.8945312 -17510.0742188 -16788.7519531 -15374.0390625 -17456.5605469 -15519.6376953 -16167.0927734
-16932.4550781 -16670.6406250 -17743.4980469 -17241.0214844 -16795.3984375 -17742.4179688 -16381.3291016 -16733.2460938
-15095.7236328 -15363.0507812 -16593.5429688 -15707.5947266 -15574.2548828 -16381.0429688 -15420.1064453 -14894.2607422
-16995.2109375 -17150.3906250 -17996.2421875 -17307.1093750 -17494.9472656 -17749.7363281 -17248.5800781 -16774.3183594
-16689.8339844 -16844.6953125 -17919.8359375 -17193.5488281 -17368.0488281 -17585.3671875 -17026.1542969 -16632.0058594
-17184.7089844 -17316.5781250 -18282.6757812 -17615.7226562 -17639.2011719 -18153.8281250 -17378.1308594 -16999.6757812
-17875.8632812 -17884.7890625 -18871.1933594 -18210.7714844 -18116.5703125 -18642.8613281 -17933.1523438 -17723.2773438
-17713.4707031 -17859.0468750 -18605.3730469 -18083.5820312 -18039.8535156 -18457.5468750 -17868.8906250 -17541.4238281
-16825.8242188 -17050.5546875 -17902.7343750 -17203.3632812 -17212.9492188 -17698.7050781 -16988.8535156 -16520.6562500
-17292.1601562 -17511.1933594 -18235.6777344 -17622.6582031 -17821.8652344 -18007.5820312 -17586.5664062 -17045.2265625
-17573.5468750 -17642.5703125 -18655.5234375 -17983.4277344 -18065.0292969 -18401.1132812 -17814.6542969 -17449.9121094
-16768.0996094 -17023.8535156 -18128.4199219 -17295.4589844 -17143.4941406 -17750.4375000 -17088.3261719 -16697.3613281
-17761.7187500 -17831.2968750 -18851.7128906 -18147.4355469 -18092.4042969 -18761.0996094 -17930.8671875 -17717.0527344
-17635.3613281 -17709.0917969 -18567.9160156 -17991.4160156 -18074.0859375 -18392.4375000 -17920.3515625 -17522.7109375
-18104.0898438 -18167.9570312 -18924.0800781 -18480.4082031 -18476.2812500 -18835.9179688 -18184.9277344 -17882.4804688
-17549.1699219 -17714.1230469 -18559.1542969 -17999.0234375 -17919.9902344 -18497.6093750 -17677.5058594 -17405.7128906
-16562.2734375 -15993.8486328 -17739.8867188 -16947.1132812 -16714.8632812 -17512.0292969 -16534.7148438 -16325.0820312
-17843.7539062 -17445.0332031 -18726.1152344 -18141.8007812 -18013.6796875 -18617.4707031 -17770.0117188 -17666.6367188
-18813.2226562 -19186.4453125 -18501.0078125 -18445.6054688 -19346.6796875 -18086.2148438 -19151.0781250 -18957.9687500
-19485.1210938 -19934.6757812 -19100.9863281 -19091.9824219 -19993.9511719 -18724.0097656 -19856.3066406 -19648.6562500
-18882.0410156 -19538.7968750 -18754.3906250 -18696.6855469 -19647.9375000 -18026.9375000 -19530.1542969 -19124.9941406
-18726.4335938 -19256.0468750 -18742.3378906 -18481.9003906 -19386.6718750 -17876.3476562 -19269.7187500 -18897.6367188
-19668.7753906 -20045.8359375 -19433.4648438 -19287.8398438 -20114.3203125 -18817.2246094 -20040.5390625 -19742.2949219
-18409.8222656 -18967.0546875 -18111.7988281 -17903.3808594 -19093.1171875 -17103.1152344 -18829.4726562 -18577.0957031
-18987.3203125 -19421.4277344 -18706.0937500 -18549.9843750 -19432.3144531 -17966.9687500 -19327.0253906 -19082.6269531
-18994.0195312 -19469.0800781 -18671.7890625 -18622.1699219 -19555.1953125 -18185.5585938 -19454.0566406 -19115.2675781
-17119.9628906 -16921.8769531 -17985.8632812 -17365.7988281 -16898.9980469 -17819.9472656 -16752.6914062 -16967.0742188
-18428.7695312 -18863.8867188 -18075.8203125 -17938.3417969 -19111.5488281 -17410.9062500 -18861.5683594 -18592.9003906
-18052.3144531 -18654.6328125 -17765.2246094 -17680.6093750 -18944.7402344 -17173.8945312 -18698.9667969 -18311.7480469
-18505.4414062 -19007.9316406 -17943.1679688 -17980.4277344 -19139.4628906 -17341.2558594 -18903.5039062 -18700.6230469
-18844.7031250 -19341.0937500 -18530.4531250 -18490.1601562 -19386.3242188 -17903.1796875 -19323.7421875 -18900.5566406
-18881.1542969 -19412.2988281 -18583.7226562 -18449.9765625 -19480.5351562 -17871.0019531 -19402.2519531 -19069.6445312
-19049.4414062 -19671.4277344 -18715.2441406 -18691.1914062 -19825.1386719 -18180.5644531 -19731.3496094 -19423.0917969
-19320.2050781 -19155.1250000 -19785.4882812 -19362.5253906 -19068.0371094 -19584.2265625 -19014.7753906 -19200.7812500
-18172.7128906 -18657.1992188 -17809.6308594 -17710.1816406 -18817.0292969 -17007.2675781 -18724.3398438 -18280.5078125
-19036.2890625 -19564.7050781 -18808.2558594 -18895.1699219 -19729.1308594 -18421.6015625 -19558.2890625 -19201.3925781
-18223.3593750 -18873.6152344 -17957.2011719 -17762.6992188 -18930.9511719 -17293.4218750 -18828.2617188 -18432.2167969
-19026.2773438 -19551.0117188 -18869.4355469 -18676.0253906 -19810.3417969 -18214.9082031 -19597.4726562 -19160.0800781
