-16345.9716797 -16781.1621094 -17247.1757812 -16540.1660156 -16916.0312500 -17016.5761719 -16658.7812500 -16422.6777344
-14902.7011719 -16333.2822266 -16691.3632812 -15930.8085938 -16589.2207031 -16292.9003906 -16303.8212891 -15917.9765625
-16376.6240234 -16587.7597656 -17400.6269531 -16794.2695312 -16850.7382812 -17095.7265625 -16611.1367188 -16255.3867188
-16711.3789062 -16898.9863281 -17674.4433594 -17076.0058594 -17288.0292969 -17488.2675781 -16905.1582031 -16582.9863281
-17185.9179688 -17842.2871094 -17936.9863281 -17432.1699219 -18008.5195312 -17861.1406250 -17794.0859375 -17433.3632812
-16225.5996094 -16419.6523438 -17141.5761719 -16516.3164062 -16752.9707031 -16887.9863281 -16469.5429688 -16048.5693359
-15647.3554688 -16277.7431641 -16610.2167969 -15951.1826172 -16585.6347656 -16265.0048828 -16406.3183594 -15891.5146484
-18576.7617188 -18773.0253906 -19171.3847656 -18731.0585938 -19063.6464844 -18977.4863281 -18849.3671875 -18711.0605469
-16431.9726562 -16839.1875000 -17251.0781250 -16674.9335938 -17168.0429688 -17126.0800781 -16872.7890625 -16486.1171875
-16012.9023438 -16723.5878906 -17283.4414062 -16530.9238281 -16901.8632812 -17071.1718750 -16671.6894531 -16298.1396484
-16686.8085938 -17074.5703125 -17451.0234375 -16873.0800781 -17433.9531250 -17192.7929688 -17224.1738281 -16938.4062500
-16612.6289062 -17122.3710938 -17427.1484375 -16858.6484375 -17267.0996094 -17262.3574219 -17056.1523438 -16655.3398438
-16820.7988281 -17342.0976562 -17630.3183594 -17050.3515625 -17472.2343750 -17412.1523438 -17293.4726562 -17052.7890625
-16046.0742188 -16563.5527344 -17185.9941406 -16615.2226562 -16956.0292969 -16879.9511719 -16609.8730469 -16206.5195312
-16443.6562500 -16742.7207031 -17444.0546875 -16790.1660156 -16982.3730469 -17186.2773438 -16755.0546875 -16291.4980469
-15642.7128906 -16913.7792969 -17372.7304688 -16600.1718750 -17197.0898438 -17023.4492188 -16870.5371094 -16547.4882812
-16138.3798828 -16469.1015625 -17139.4492188 -16424.1542969 -16666.0058594 -16832.5488281 -16439.8398438 -16080.2187500
-16052.1064453 -16661.8027344 -17135.1210938 -16390.6503906 -16800.9082031 -16752.6953125 -16576.9492188 -16277.5400391
-16834.5136719 -17434.2031250 -17969.7871094 -17308.3007812 -17652.1679688 -17609.4433594 -17498.7382812 -17165.4296875
-17090.3007812 -17261.4296875 -18106.3359375 -17388.2812500 -17504.0722656 -17854.9960938 -17152.4296875 -17035.5859375
-16706.5058594 -16957.2050781 -17643.5644531 -16903.5488281 -17220.1992188 -17326.9550781 -16930.3398438 -16773.0664062
-16283.8281250 -16627.6757812 -17229.0117188 -16725.9570312 -16879.6074219 -17088.0351562 -16642.0117188 -16529.4667969
-17399.3476562 -17815.9121094 -18142.6347656 -17715.0253906 -18113.3398438 -18023.7187500 -17864.6933594 -17597.2324219
-18017.2402344 -18085.4824219 -18839.0957031 -18347.5800781 -18405.1914062 -18679.4843750 -18292.6445312 -17903.6679688
-17574.5664062 -17990.0195312 -18425.2324219 -17860.1093750 -18152.7480469 -18167.8339844 -17884.2187500 -17661.8007812
-17237.2656250 -17329.1386719 -18186.4980469 -17549.1386719 -17597.8925781 -17956.2382812 -17333.7285156 -16992.6679688
-16854.6386719 -17041.3652344 -17882.3789062 -17166.2460938 -17187.3027344 -17630.0996094 -17025.5097656 -16613.5585938
-17718.4414062 -18009.1582031 -18612.9921875 -17937.4824219 -18217.9433594 -18308.4863281 -18034.1367188 -17744.1113281
-16842.0117188 -16935.6054688 -17720.9277344 -17163.2949219 -17176.9199219 -17515.3339844 -17050.7324219 -16606.0664062
-16834.4980469 -16994.3945312 -17668.2968750 -17187.8535156 -17276.8593750 -17600.8867188 -17032.1074219 -16721.2207031
-17125.6093750 -17286.0859375 -18121.4511719 -17454.3867188 -17462.4238281 -17873.4707031 -17317.2265625 -16929.1796875
-16946.2500000 -17477.6093750 -17237.5957031 -16599.2128906 -17732.6933594 -17094.7441406 -17528.9179688 -17230.5195312
-17008.2363281 -17682.5410156 -17267.0546875 -16531.5234375 -17824.0976562 -16994.6171875 -17558.0156250 -17333.2128906
-16610.7343750 -17115.4824219 -17010.9472656 -16199.9931641 -17308.5000000 -16804.0585938 -17157.3261719 -16842.0253906
-16395.1035156 -17017.2929688 -16805.6406250 -16041.6347656 -17294.6054688 -16568.4980469 -17113.0273438 -16703.0878906
-16646.2109375 -17200.4570312 -16968.9570312 -16249.5537109 -17532.0078125 -16813.8671875 -17275.1230469 -16825.7773438
-17786.1601562 -18417.0156250 -17946.8242188 -17519.7675781 -18451.0585938 -17787.6406250 -18428.4824219 -18085.5683594
-18445.7812500 -18913.8437500 -18678.2128906 -18168.7304688 -19055.3906250 -18478.3750000 -18846.5078125 -18615.1367188
-17378.0332031 -17969.2187500 -17670.2812500 -16991.0019531 -18192.4472656 -17483.0800781 -17957.5566406 -17594.6582031
-17509.6425781 -17900.2675781 -17677.2773438 -16945.4843750 -18028.9589844 -17466.6933594 -17877.4140625 -17667.5996094
-16585.7968750 -17130.0136719 -16939.4902344 -16225.8085938 -17302.7441406 -16602.3242188 -17106.4394531 -16712.8359375
-16280.4013672 -16775.7382812 -16576.7519531 -15827.5849609 -16923.0996094 -16314.7783203 -16717.8144531 -16452.1210938
-17250.7539062 -17763.4355469 -17605.8300781 -16944.0859375 -17921.7734375 -17415.0820312 -17633.7832031 -17339.4257812
-17372.8378906 -17759.6152344 -17830.4453125 -17161.3261719 -18043.5664062 -17569.4335938 -17819.3613281 -17475.5175781
-17019.3144531 -17692.2851562 -17207.5878906 -16522.1621094 -17838.8945312 -17095.6484375 -17684.8261719 -17294.5429688
-17983.6328125 -18455.7832031 -18427.8359375 -17727.5292969 -18630.5390625 -18124.7343750 -18561.6445312 -18205.2890625
-18318.3515625 -18787.2890625 -18511.9589844 -18048.9531250 -18948.1718750 -18392.4238281 -18741.5117188 -18466.7734375
-17826.0507812 -18271.8457031 -18050.6562500 -17464.2636719 -18616.3222656 -17888.6386719 -18369.1777344 -18072.4941406
-17725.5996094 -18218.7968750 -17915.8457031 -17179.1835938 -18409.1640625 -17662.8457031 -18190.8046875 -17925.7617188
-17550.9199219 -17961.7988281 -17615.9238281 -16952.9921875 -18063.5742188 -17671.2402344 -17856.4667969 -17692.9433594
-17131.0996094 -17678.4101562 -17485.5781250 -16704.9023438 -17825.5644531 -17106.2226562 -17597.7089844 -17300.7167969
-19753.0546875 -20161.5234375 -18984.4062500 -19490.0800781 -20261.4550781 -19374.9746094 -20178.2910156 -19886.4667969
-18585.7500000 -19194.1855469 -17753.3613281 -18217.5117188 -19285.6582031 -17974.4160156 -19092.2558594 -18739.7285156
-18584.6953125 -19130.1308594 -17661.3789062 -18246.1523438 -19291.4570312 -18192.7695312 -19166.7949219 -18848.3535156
-18264.0820312 -18834.0078125 -17331.5195312 -18007.0898438 -18958.7675781 -17878.4785156 -18875.8320312 -18558.3847656
-17601.4257812 -18013.2070312 -16305.1669922 -16984.8242188 -18229.8046875 -17043.1972656 -18065.7988281 -17741.1132812
-17605.3984375 -18234.0312500 -16614.9375000 -17221.6289062 -18381.0839844 -16903.2324219 -18177.7636719 -17868.8515625
-17945.5781250 -18601.8320312 -17152.9531250 -17512.5175781 -18757.5742188 -17457.3085938 -18579.6660156 -18250.0390625
-17838.3066406 -18434.1015625 -17014.0683594 -17477.6523438 -18560.1093750 -17559.4101562 -18358.9492188 -18082.0156250
-18405.2988281 -18988.6894531 -17471.7070312 -18062.0156250 -19062.7226562 -18170.8046875 -18988.5898438 -18610.9492188
-18170.3691406 -18764.9726562 -17245.4003906 -17957.4726562 -18895.4414062 -17830.5000000 -18797.4589844 -18464.0722656
-19548.1835938 -20007.7207031 -18844.9316406 -19263.6230469 -20113.5683594 -19278.1386719 -19975.9843750 -19766.8066406
-17989.9785156 -18555.7714844 -16993.0175781 -17617.6621094 -18641.2207031 -17525.5800781 -18507.7148438 -18152.6152344
-18814.1035156 -19293.6230469 -17802.3691406 -18486.0937500 -19530.7539062 -18399.2226562 -19306.2714844 -18955.8867188
-17288.2382812 -17941.6269531 -16374.6787109 -16967.4531250 -18189.5703125 -16826.5507812 -17906.6933594 -17558.1894531
-19188.7246094 -19442.9882812 -18522.6777344 -18968.4355469 -19722.8867188 -18936.1328125 -19659.0468750 -19290.6445312
-18720.5156250 -19317.2480469 -17968.9843750 -18515.0039062 -19397.9726562 -18532.8730469 -19292.2695312 -19032.2714844
-18992.8085938 -19540.2304688 -17969.8378906 -18694.9785156 -19674.1562500 -18576.4179688 -19621.0371094 -19181.7539062
-18632.6972656 -19113.7636719 -17753.3613281 -18200.3964844 -19219.5976562 -18232.9863281 -19062.3417969 -18713.4257812
-18949.4492188 -19440.6425781 -18169.4628906 -18757.1171875 -19611.2421875 -18587.9023438 -19463.8515625 -19180.8886719
-19037.3242188 -19554.1718750 -18250.8359375 -18796.3144531 -19693.2910156 -18723.5761719 -19515.3242188 -19295.6777344
-18677.2929688 -19404.0468750 -18081.9238281 -18429.6230469 -19482.4863281 -18429.1718750 -19357.9980469 -18994.4765625
-17687.8027344 -18391.9765625 -16702.9257812 -17343.6386719 -18477.1660156 -17466.4707031 -18278.2871094 -17983.7109375
-17315.8535156 -16971.2734375 -18110.9863281 -17539.7031250 -17384.3691406 -17994.9941406 -17248.3242188 -17155.5859375
-18126.0234375 -17857.5000000 -18980.7988281 -18351.5117188 -18158.2382812 -18891.4453125 -17966.2597656 -18053.9335938
-17554.6250000 -16956.9394531 -18441.3535156 -17821.2675781 -17557.6484375 -18194.3906250 -17312.3222656 -17420.6738281
-17033.4531250 -16497.7402344 -17984.4199219 -17259.9667969 -16900.1113281 -17850.2636719 -16673.9589844 -16865.2812500
-18254.3554688 -17803.2734375 -19013.4843750 -18480.3574219 -18140.6152344 -18840.3320312 -17996.4824219 -18045.6347656
-16511.6640625 -16305.3320312 -17508.9453125 -16867.1367188 -15596.0156250 -17361.2148438 -15805.9394531 -16365.0781250
-16675.9824219 -16082.9140625 -17773.6386719 -17014.5527344 -16585.4765625 -17675.1289062 -16377.0410156 -16431.3007812
-15629.1347656 -15143.0507812 -16808.5664062 -16087.6230469 -15754.7626953 -16768.4765625 -15455.2832031 -15491.9189453
-15366.9648438 -15236.1191406 -16583.0429688 -15777.9775391 -14915.1132812 -16328.8710938 -14762.3095703 -15239.9863281
-18088.2226562 -17894.0527344 -19002.4082031 -18417.1015625 -17820.3593750 -18824.9062500 -17656.1953125 -17939.8183594
-18689.4472656 -18590.6582031 -19459.4199219 -18857.5703125 -18516.7460938 -19322.9335938 -18288.7812500 -18570.7578125
-18110.0742188 -17532.3339844 -19001.8554688 -18373.9394531 -18133.7480469 -18816.3066406 -17919.0429688 -17967.0000000
-17353.5605469 -16934.7500000 -18305.6406250 -17726.4589844 -17488.1484375 -18209.5078125 -17260.6367188 -17237.9609375
-16969.6816406 -16483.8828125 -18144.9199219 -17338.1601562 -17246.6484375 -17892.0937500 -16931.1132812 -16814.1777344
-16711.8027344 -16192.1308594 -17586.9062500 -17020.6816406 -16789.4746094 -17359.0488281 -16502.7167969 -16502.5429688
-16407.1738281 -15898.5566406 -17435.1308594 -16761.3652344 -16512.5937500 -17258.3359375 -16133.6132812 -16153.1357422
-16927.0839844 -16720.5371094 -17915.7324219 -17127.6464844 -16680.6308594 -17849.3085938 -16421.9023438 -16770.5917969
-17199.1445312 -16620.3417969 -18204.8378906 -17443.7773438 -17149.4414062 -18094.1445312 -16955.8828125 -16978.2851562
-16232.5097656 -15756.3935547 -17291.3710938 -16592.9628906 -16269.0722656 -17045.3437500 -16093.1884766 -16108.5429688
-16661.4179688 -16547.0566406 -17613.2988281 -16965.2363281 -16365.7978516 -17527.6542969 -16293.3173828 -16573.0917969
-15814.0664062 -15549.5146484 -17048.3847656 -16392.1582031 -15500.9667969 -16878.6484375 -15102.5742188 -15671.9521484
-18806.6777344 -18312.5605469 -19536.1464844 -19006.2421875 -18751.3378906 -19525.8691406 -18671.1308594 -18674.2480469
-16964.9042969 -16758.9003906 -17875.9453125 -17295.6523438 -16670.4101562 -17703.8027344 -16531.3144531 -16803.4531250
-17030.6601562 -16557.1972656 -18079.8535156 -17387.4863281 -17037.1152344 -17871.9785156 -16868.0117188 -16842.4257812
-18453.9492188 -18031.8906250 -19186.6289062 -18636.9746094 -18487.8828125 -19020.0957031 -18257.2363281 -18341.6425781
-17797.4960938 -17285.1796875 -18621.1035156 -18104.9882812 -17804.1621094 -18611.9628906 -17697.8710938 -17626.2832031
-17022.7480469 -16505.4765625 -17978.0175781 -17397.3789062 -17073.5878906 -17931.6621094 -16893.7460938 -16827.4082031
-17311.7988281 -16691.7656250 -18319.9511719 -17541.6386719 -17309.2714844 -18080.8007812 -17090.3222656 -17041.9570312
-16605.9843750 -16015.6064453 -17647.4785156 -16927.3046875 -16563.1679688 -17546.1914062 -16367.9707031 -16374.6083984
-16804.7402344 -16260.6494141 -17996.3281250 -17282.7187500 -16869.8964844 -17823.4042969 -16775.4687500 -16576.1621094
-17857.2949219 -18486.1875000 -17612.8164062 -17491.4902344 -18764.1601562 -17118.1484375 -18462.9160156 -18189.4199219
-16867.1640625 -17304.8281250 -16834.1972656 -16242.7734375 -17551.1406250 -16675.6894531 -17348.2070312 -17166.7773438
-18730.2265625 -19277.4199219 -18473.5019531 -18359.4687500 -19484.0429688 -17843.2597656 -19300.5976562 -19017.2539062
-17620.4570312 -18063.3437500 -17669.3867188 -17164.8476562 -18156.8281250 -17633.1601562 -18080.3281250 -17840.5664062
-18608.0253906 -19256.7324219 -18449.4414062 -18372.5644531 -19267.5371094 -17896.9531250 -19205.1093750 -18887.0546875
-17183.4765625 -17900.1230469 -17253.5214844 -17108.1699219 -18107.4179688 -16492.5253906 -17848.1250000 -17487.6679688
-17294.7070312 -17400.7128906 -17770.3085938 -17374.8613281 -17583.0761719 -17334.6308594 -17311.2128906 -17326.2988281
-18579.5234375 -18414.9863281 -19426.0488281 -18854.6406250 -17931.2343750 -19310.2402344 -18018.1269531 -18487.9550781
-17724.7519531 -17355.0058594 -18388.9941406 -17973.9296875 -17332.7929688 -18296.4726562 -17145.4140625 -17503.0996094
-17359.2070312 -17094.5605469 -18268.2031250 -17577.4082031 -16556.6621094 -18127.3398438 -16696.2246094 -17222.4238281
-17394.2226562 -17135.9394531 -18354.1230469 -17686.2910156 -16608.8769531 -18182.8671875 -16776.4902344 -17241.8320312
-17154.4902344 -16831.0996094 -18103.0644531 -17502.9121094 -16427.6113281 -17908.1152344 -16526.7187500 -17023.3457031
-16652.3789062 -16281.6835938 -17756.3398438 -16989.8085938 -15573.9921875 -17633.1992188 -15881.3828125 -16487.8378906
-17464.7558594 -17253.5078125 -18476.4941406 -17782.1347656 -16727.2539062 -18249.0722656 -16873.1679688 -17378.6542969
-17282.4296875 -17022.8808594 -18266.3691406 -17585.6269531 -16511.6562500 -18069.5664062 -16701.2734375 -17087.3691406
-18081.9199219 -18503.9941406 -17986.3007812 -17852.3144531 -18668.9863281 -17350.1875000 -18593.7246094 -18214.5527344
-17325.2519531 -17165.9453125 -17962.0136719 -17486.4062500 -16741.1328125 -17985.5742188 -16884.6015625 -17225.2402344
-17968.6503906 -18329.9296875 -17922.3652344 -17722.2265625 -18467.0585938 -17186.3925781 -18259.4335938 -18136.5664062
-17595.7382812 -17493.6679688 -18610.0761719 -17929.4863281 -16970.2031250 -18502.4882812 -17149.8476562 -17364.8984375
-18205.1210938 -18742.8886719 -18247.6835938 -18151.7226562 -18850.9667969 -17625.9472656 -18737.2343750 -18528.7089844
-17605.0839844 -17465.9746094 -18568.0898438 -18017.8261719 -16971.5859375 -18383.8769531 -17152.2246094 -17482.0527344
-16051.0927734 -15867.4287109 -17165.5097656 -16472.4648438 -15512.6474609 -17099.4082031 -15553.7050781 -15912.6269531
-18524.1542969 -18263.6855469 -19306.0175781 -18818.9609375 -17928.9589844 -19263.1113281 -18026.3554688 -18386.5390625
-17239.5937500 -17052.1132812 -18101.5058594 -17489.6250000 -16722.6777344 -17955.3222656 -16674.4101562 -17037.2597656
-20024.5781250 -20445.9726562 -19632.6953125 -19800.6835938 -20590.7832031 -19505.7128906 -20449.4316406 -20168.6289062
-19106.9042969 -18971.2988281 -19793.3496094 -19434.7675781 -18825.6640625 -19733.3027344 -18455.9902344 -19056.4941406
-18953.7636719 -18774.5546875 -19655.8222656 -19178.5156250 -18741.7285156 -19667.3046875 -18561.3378906 -18761.7363281
-17587.3027344 -17480.1933594 -18511.3085938 -17917.8281250 -17421.6894531 -18347.0664062 -17193.5664062 -17475.6367188
-17388.7792969 -17197.0351562 -18325.2480469 -17684.5039062 -17216.1914062 -18168.0195312 -16866.9433594 -17248.1679688
-17017.7734375 -16850.5488281 -17996.9941406 -17296.6464844 -16909.7207031 -17693.7519531 -16619.5078125 -16859.9472656
-17078.9140625 -16873.3906250 -17995.9003906 -17406.7871094 -16853.6445312 -17855.6718750 -16582.6914062 -16987.8007812
-17787.7617188 -17657.3906250 -18684.2539062 -18097.7402344 -17560.4628906 -18537.3378906 -17349.3906250 -17692.8457031
-16631.6542969 -16420.0273438 -17829.1933594 -17120.2695312 -16296.4287109 -17644.1113281 -15847.7734375 -16486.8945312
-16930.3261719 -16670.0976562 -17973.2031250 -17263.5000000 -16680.7031250 -17754.1972656 -16354.6484375 -16786.8242188
-16560.4882812 -16170.2158203 -17661.9550781 -16866.8183594 -16099.2978516 -17474.5546875 -15843.1699219 -16277.3330078
-16578.0683594 -16361.9013672 -17684.8613281 -16936.2558594 -16357.2871094 -17411.0781250 -16131.7031250 -16453.7910156
-15714.9921875 -15437.9677734 -17092.4121094 -16268.2470703 -14739.7089844 -16895.1210938 -14885.7382812 -15641.7373047
-16004.2353516 -15613.3310547 -17254.7167969 -16341.1406250 -15051.3339844 -16944.3828125 -15113.9052734 -15755.5576172
-16455.3769531 -16233.0117188 -17762.7695312 -16950.2187500 -16017.8076172 -17506.0625000 -15951.2861328 -16210.9589844
-16228.1025391 -15855.2783203 -17358.2871094 -16579.7246094 -15416.1962891 -17275.4296875 -15474.0009766 -16085.1494141
-17123.1015625 -16920.6250000 -18119.3066406 -17547.9687500 -16871.8554688 -17884.8554688 -16615.9941406 -16969.8164062
-15488.0292969 -15482.7851562 -16746.5410156 -15892.6298828 -15895.4433594 -16523.2187500 -15542.5947266 -15134.3115234
-17237.2421875 -17330.6386719 -18194.1640625 -17589.4609375 -17574.0781250 -18089.6660156 -17330.7617188 -17145.8046875
-16620.2656250 -16631.5585938 -17614.5898438 -16997.8710938 -16768.6347656 -17375.3632812 -16621.3085938 -16298.3222656
-17079.0761719 -17132.1503906 -17953.8164062 -17285.3125000 -17278.2773438 -17771.2734375 -17123.7050781 -16790.2382812
-17772.9960938 -17925.6894531 -18657.6640625 -18021.3496094 -18155.0859375 -18544.1386719 -17926.2050781 -17639.4140625
-17368.5000000 -17329.1562500 -18340.4472656 -17678.8339844 -17660.1269531 -18223.3867188 -17420.2500000 -17156.5878906
-16880.1738281 -17081.8984375 -17671.3730469 -17157.6660156 -17533.6621094 -17586.0722656 -17187.7890625 -16786.8183594
-17544.2207031 -17670.1113281 -18525.2792969 -17826.9082031 -17963.1621094 -18410.2402344 -17725.9375000 -17326.9179688
-17868.2363281 -18149.2734375 -18586.9453125 -18181.7285156 -18355.4492188 -18564.8554688 -18087.0292969 -17646.5605469
-17214.3437500 -17298.5585938 -18146.8476562 -17595.6972656 -17559.8554688 -18146.3359375 -17241.1113281 -16896.3203125
-17622.8769531 -17660.1914062 -18546.8085938 -17829.5742188 -17940.5859375 -18371.5449219 -17636.5078125 -17427.5546875
-17706.4277344 -17798.8007812 -18593.7421875 -18024.4648438 -17876.8613281 -18396.0058594 -17631.8691406 -17501.7871094
-17737.9355469 -17807.5058594 -18607.8710938 -18044.4511719 -18114.3476562 -18433.8007812 -17911.9707031 -17570.3574219
-17306.1367188 -17396.3828125 -18269.6054688 -17626.5351562 -17725.2636719 -18161.4609375 -17496.9355469 -17121.8808594
-16604.1679688 -15962.7490234 -17668.8066406 -16934.6914062 -16777.5468750 -17590.2285156 -16364.1435547 -16509.6308594
-17741.4375000 -17398.8417969 -18592.0039062 -18059.6601562 -17936.1894531 -18461.9277344 -17661.1640625 -17658.3183594
-18677.0917969 -19288.5937500 -18515.9589844 -18525.5957031 -19373.0351562 -18037.9609375 -19303.1093750 -19081.7714844
-19257.5253906 -19828.5585938 -19273.4179688 -19078.7089844 -19916.5195312 -18816.5332031 -19789.7070312 -19529.4960938
-19001.6503906 -19558.9746094 -18952.0683594 -18713.7070312 -19630.4785156 -18142.6289062 -19568.1425781 -19267.4082031
-18967.5761719 -19566.5996094 -18772.6894531 -18711.8105469 -19539.3359375 -18179.6289062 -19525.8906250 -19115.5761719
-19409.5175781 -19885.3710938 -19279.6894531 -19164.7148438 -20010.7773438 -18706.0683594 -19876.6425781 -19672.7675781
-18095.4394531 -18863.1191406 -18053.2285156 -17873.0273438 -19026.6660156 -17156.9843750 -18881.7167969 -18435.0917969
-18965.3164062 -19554.2031250 -18755.2343750 -18620.1152344 -19711.8398438 -18045.6191406 -19487.1328125 -19143.5156250
-19036.3164062 -19489.0527344 -18837.5839844 -18711.3105469 -19620.6132812 -18457.2949219 -19501.2226562 -19188.2167969
-17315.9277344 -17200.1054688 -18338.0351562 -17528.5000000 -17017.0214844 -18160.9863281 -16856.3886719 -17188.8945312
-18444.3437500 -19120.7148438 -18217.6855469 -18146.0332031 -19267.8476562 -17463.2226562 -19155.7753906 -18701.9433594
-17998.5898438 -18729.8281250 -17921.6035156 -17764.3027344 -18721.1054688 -17369.0332031 -18690.4824219 -18277.2558594
-18038.9316406 -18720.5781250 -17957.0058594 -17825.4316406 -18832.1640625 -17201.3222656 -18657.4238281 -18416.3769531
-18721.1406250 -19210.2050781 -18535.4257812 -18438.7929688 -19390.0371094 -17984.9921875 -19216.1015625 -18954.8085938
-18662.5820312 -19228.8281250 -18462.9316406 -18430.7050781 -19294.4277344 -17991.9511719 -19291.6015625 -18887.1796875
-18898.2695312 -19481.0039062 -18633.1347656 -18659.6777344 -19603.7519531 -18193.5742188 -19473.1523438 -19150.4003906
-19484.2226562 -19468.9628906 -20156.9296875 -19663.6914062 -19291.0117188 -19937.3730469 -19191.7558594 -19388.1660156
-18070.0664062 -18745.8808594 -18069.3417969 -17810.8925781 -18871.5917969 -17147.6738281 -18777.3359375 -18339.6933594
-18848.1582031 -19432.6464844 -18803.8886719 -18581.8886719 -19587.5273438 -18262.6562500 -19430.8652344 -19191.1308594
-18377.3613281 -19035.5859375 -18156.4921875 -18097.1835938 -19064.4628906 -17579.8359375 -18986.2207031 -18603.8144531
-18939.7968750 -19482.3085938 -18761.4941406 -18719.4511719 -19503.3339844 -18311.9394531 -19473.8164062 -19247.5507812
