-16368.2031250 -16714.5058594 -17251.5039062 -16633.5917969 -17038.4667969 -16953.9394531 -16640.0429688 -16402.1523438
-14976.6132812 -16155.5527344 -16590.7578125 -15920.4482422 -16381.6582031 -16435.8984375 -16251.6308594 -15759.6806641
-16105.0273438 -16639.6835938 -17301.2519531 -16619.3222656 -16726.3613281 -17235.2441406 -16415.9746094 -16061.3212891
-16711.6738281 -16842.8867188 -17813.5000000 -17099.9570312 -17072.3691406 -17573.8828125 -16799.7675781 -16402.6738281
-17151.3085938 -17557.7246094 -17962.2382812 -17458.4238281 -17608.5253906 -17853.9179688 -17426.6035156 -17225.6542969
-16429.7500000 -16542.0097656 -17425.4531250 -16764.6738281 -16869.7480469 -17229.4433594 -16605.4960938 -16128.7490234
-15415.6230469 -15946.5634766 -16588.4277344 -15797.0556641 -16196.4082031 -16241.2421875 -15962.6953125 -15670.4355469
-18825.3320312 -19125.2929688 -19518.6835938 -19004.4980469 -19289.2187500 -19226.3457031 -19115.4707031 -18968.1894531
-16941.4609375 -17504.3593750 -17767.9863281 -17275.3964844 -17691.4550781 -17595.7226562 -17346.6035156 -17077.3144531
-15981.5175781 -16649.1308594 -17317.0371094 -16593.2460938 -16804.5292969 -17059.7480469 -16608.6601562 -16348.5126953
-16277.4638672 -16663.7656250 -17371.1718750 -16751.0507812 -16913.2089844 -17200.4355469 -16741.7285156 -16421.6210938
-16432.5957031 -16869.7539062 -17363.3808594 -16801.0878906 -17117.9414062 -17178.4765625 -16821.6074219 -16549.0742188
-16821.7949219 -17120.6367188 -17784.3613281 -17092.0488281 -17225.6093750 -17540.7207031 -16996.1757812 -16823.2832031
-16209.5449219 -16666.6757812 -17418.4824219 -16719.0820312 -16978.6191406 -17230.1835938 -16820.7617188 -16357.7167969
-16526.9570312 -16703.3496094 -17324.4199219 -16664.0644531 -16860.4589844 -17125.0117188 -16563.1035156 -16319.9277344
-15529.1279297 -16674.0488281 -17149.3183594 -16520.9511719 -16967.8359375 -16988.0273438 -16861.0273438 -16386.5078125
-15850.1406250 -16488.5019531 -17035.7968750 -16295.8056641 -16576.6269531 -16635.3945312 -16311.6484375 -16159.0332031
-16090.1806641 -16960.7558594 -17301.3085938 -16538.0292969 -17059.6816406 -16885.2304688 -16820.0859375 -16477.5351562
-16907.8984375 -17487.4726562 -17965.6210938 -17362.7773438 -17665.8828125 -17831.5136719 -17394.8925781 -17203.7812500
-16928.0820312 -16982.1757812 -17958.2382812 -17131.6523438 -17354.9980469 -17743.9355469 -17156.5585938 -16667.3222656
-16458.5800781 -16951.6308594 -17377.5058594 -16761.7812500 -17049.1542969 -17149.4160156 -16808.4687500 -16562.9316406
-15804.7666016 -16098.5019531 -16872.1445312 -16124.5595703 -16278.5390625 -16612.4433594 -16018.3242188 -15823.8193359
-17569.8593750 -17997.2812500 -18504.7812500 -17876.9687500 -18139.5156250 -18199.4082031 -17890.0957031 -17613.5234375
-17886.8886719 -17885.6250000 -18703.9824219 -18137.4082031 -18130.3496094 -18506.7519531 -17954.3027344 -17616.5019531
-17527.7832031 -17907.7695312 -18445.6894531 -17880.9902344 -18101.7949219 -18223.7500000 -17748.8339844 -17526.0937500
-17237.5410156 -17353.5351562 -18294.7480469 -17620.1679688 -17522.7343750 -18038.8046875 -17419.2343750 -17071.7656250
-17021.5703125 -17166.4550781 -18065.9082031 -17362.0000000 -17391.3535156 -17701.5292969 -17105.2968750 -16854.2890625
-17889.4472656 -18482.3281250 -18673.3417969 -18152.7089844 -18632.7695312 -18438.5722656 -18453.1796875 -18154.1289062
-16770.6015625 -17049.7753906 -17752.4101562 -17134.4843750 -17268.6660156 -17672.0957031 -17072.8183594 -16615.6191406
-16978.1132812 -17189.5878906 -17854.6992188 -17184.7324219 -17344.7500000 -17774.0332031 -17165.3964844 -16739.5546875
-17042.8789062 -17265.7929688 -18010.3867188 -17332.7285156 -17426.2441406 -17719.4765625 -17303.6816406 -16974.2910156
-17229.9121094 -17803.2500000 -17506.2089844 -16905.6640625 -17889.2773438 -17237.2617188 -17737.2910156 -17410.1582031
-16882.1738281 -17378.9355469 -17322.2207031 -16577.9003906 -17569.9941406 -17173.1542969 -17328.7949219 -17086.0722656
-16770.4511719 -17157.7109375 -17051.4531250 -16441.6757812 -17454.6972656 -16605.1074219 -17221.5781250 -16962.6347656
-16492.4140625 -16869.2285156 -16583.6660156 -15935.9863281 -17030.8476562 -16467.2773438 -16907.3242188 -16768.9023438
-17027.1816406 -17429.0156250 -17086.2929688 -16365.8535156 -17505.8945312 -16870.8867188 -17306.0156250 -17134.1250000
-17859.9843750 -18290.6386719 -18040.3085938 -17429.4746094 -18486.1269531 -17899.9394531 -18267.1347656 -18077.4179688
-18689.7714844 -18982.7187500 -18815.6816406 -18352.7207031 -19151.3613281 -18659.6386719 -18961.3320312 -18784.4179688
-17297.0292969 -17820.3242188 -17457.1640625 -16912.6601562 -17864.5957031 -17313.3808594 -17721.3027344 -17569.2597656
-17738.1464844 -18037.4746094 -17814.3164062 -17113.9472656 -18139.5859375 -17725.1464844 -17942.3554688 -17846.0312500
-16638.5605469 -17200.3183594 -16763.9414062 -16072.1474609 -17302.5898438 -16502.3945312 -17110.1953125 -16766.5195312
-16511.2050781 -16946.3457031 -16748.0507812 -16070.3222656 -17326.5488281 -16502.8984375 -17058.8554688 -16690.4726562
-17291.0820312 -17638.5605469 -17478.1816406 -16865.8300781 -17677.9667969 -17270.6484375 -17578.5234375 -17418.7343750
-17645.0019531 -18098.5742188 -18015.2382812 -17198.8710938 -18068.5781250 -17740.3867188 -17899.5683594 -17694.1894531
-16944.0214844 -17367.0957031 -17157.5957031 -16348.9931641 -17525.3671875 -16936.5625000 -17326.8945312 -17102.6640625
-17609.0117188 -18096.4375000 -17781.1933594 -17241.2812500 -18258.7050781 -17515.6738281 -18025.4453125 -17780.8417969
-18076.0878906 -18387.2695312 -18208.4414062 -17649.0507812 -18625.7714844 -18017.5390625 -18457.6269531 -18255.7207031
-17918.0605469 -18205.4589844 -18075.6464844 -17581.0878906 -18234.1250000 -17969.4726562 -18142.1777344 -18088.3261719
-17774.5722656 -18201.2167969 -17996.6875000 -17419.7675781 -18399.8515625 -17817.1855469 -18131.7363281 -17845.2050781
-17601.3144531 -18051.9433594 -17768.3691406 -16986.9921875 -18268.8125000 -17537.7910156 -18065.8476562 -17738.6406250
-17199.7539062 -17605.0742188 -17345.9316406 -16706.9121094 -17730.7460938 -16966.9570312 -17448.3671875 -17331.0410156
-19531.9882812 -19941.4609375 -18832.1992188 -19251.4667969 -20050.0761719 -19132.7968750 -19898.0605469 -19710.4472656
-18416.9902344 -18868.5898438 -17597.5683594 -18147.7792969 -18966.5820312 -17954.9511719 -18872.5566406 -18603.8027344
-18709.4980469 -19185.6562500 -17936.0000000 -18333.0429688 -19312.8750000 -18204.9648438 -19177.3789062 -18997.6425781
-18300.1777344 -18857.8339844 -17187.0800781 -17878.3437500 -19006.6230469 -17786.6308594 -18832.8984375 -18606.8671875
-17746.5390625 -18253.4902344 -16682.6054688 -17169.1875000 -18345.8046875 -17037.7812500 -18187.1093750 -17876.6953125
-17824.7988281 -18461.1562500 -16880.2500000 -17445.5917969 -18545.1464844 -17415.5468750 -18268.7714844 -18070.5976562
-17861.2890625 -18498.2441406 -17084.6347656 -17509.8945312 -18588.4023438 -17497.1523438 -18528.4179688 -18152.5234375
-17650.2324219 -18242.1660156 -16744.6230469 -17331.2421875 -18334.2304688 -17253.3476562 -18132.9160156 -17869.2773438
-18072.7128906 -18653.5839844 -17181.3554688 -17673.0039062 -18692.3593750 -17739.0195312 -18547.3164062 -18277.7910156
-18344.5332031 -18843.6660156 -17552.3437500 -17962.6640625 -18924.3691406 -17919.2968750 -18842.2363281 -18564.3691406
-19945.6113281 -20310.0507812 -19048.4667969 -19517.2968750 -20371.1308594 -19523.4375000 -20237.7246094 -19984.3320312
-17901.9960938 -18490.9589844 -16875.5312500 -17440.8066406 -18739.8417969 -17450.1757812 -18475.1679688 -18109.6503906
-18788.2070312 -19310.5527344 -17729.2128906 -18402.2812500 -19517.9414062 -18401.6933594 -19274.7460938 -19009.1230469
-17503.5605469 -18059.7382812 -16371.7353516 -16993.8281250 -18049.7773438 -16850.7500000 -17989.8554688 -17796.8496094
-19179.2226562 -19468.0292969 -18342.7636719 -18882.3125000 -19624.9902344 -18754.2402344 -19491.7578125 -19329.8750000
-18932.4570312 -19407.6582031 -18075.1933594 -18673.3710938 -19641.8007812 -18644.2480469 -19485.0917969 -19176.0878906
-19298.5585938 -19699.0234375 -18255.1601562 -18921.1386719 -19913.1308594 -18791.3378906 -19749.5488281 -19399.0878906
-18808.4121094 -19260.9082031 -17770.1757812 -18313.9863281 -19450.1816406 -18430.0410156 -19320.6191406 -18905.4726562
-19105.0058594 -19574.9316406 -18251.0175781 -18767.5097656 -19665.7324219 -18684.7773438 -19515.5546875 -19292.1601562
-19003.6933594 -19420.8105469 -18076.8652344 -18659.7324219 -19554.0859375 -18606.9843750 -19454.3593750 -19201.8945312
-18601.6816406 -19096.6738281 -17761.0214844 -18239.2421875 -19167.7890625 -18301.1816406 -19030.4570312 -18854.4824219
-18159.0312500 -18859.0722656 -16998.8398438 -17687.4238281 -18991.7324219 -17638.7871094 -18827.2460938 -18534.0429688
-17217.8378906 -16719.2460938 -18195.1074219 -17478.6816406 -17356.4433594 -18078.7910156 -17081.3925781 -17110.6230469
-18427.4101562 -18009.0820312 -19147.1054688 -18674.0175781 -18504.0410156 -19018.8105469 -18296.1875000 -18291.0585938
-17278.6855469 -16855.8945312 -18230.7050781 -17518.5097656 -17435.3417969 -18036.4296875 -17139.5039062 -17161.9824219
-17122.0703125 -16622.1406250 -18081.8398438 -17379.7656250 -17138.7558594 -17891.9492188 -16960.5585938 -16905.3222656
-18275.5000000 -17844.4921875 -19020.8437500 -18534.2089844 -18387.9472656 -18881.1289062 -18171.6074219 -18113.0527344
-16521.9843750 -16367.6777344 -17620.3339844 -16887.6113281 -15782.2451172 -17485.2265625 -15916.0390625 -16526.7187500
-16617.8359375 -15848.0947266 -17612.3574219 -16819.7265625 -16718.0605469 -17385.0488281 -16413.2167969 -16494.7734375
-15298.2314453 -14726.1416016 -16469.0761719 -15692.0830078 -15412.1767578 -16229.0585938 -15145.0078125 -15201.3193359
-15409.7333984 -15185.0976562 -16528.9082031 -15773.0771484 -15051.6376953 -16356.5107422 -14716.0468750 -15344.2958984
-18294.2480469 -18150.3769531 -19109.4218750 -18457.9941406 -18084.5351562 -18905.4394531 -17882.5722656 -18230.6523438
-18558.0566406 -18401.6933594 -19261.9355469 -18731.0937500 -18250.7519531 -19174.0156250 -18201.8613281 -18552.0351562
-17928.7324219 -17312.5859375 -18838.0214844 -18204.5371094 -17929.4355469 -18688.3242188 -17755.4921875 -17791.5390625
-17616.4804688 -17095.7792969 -18557.9335938 -17881.6855469 -17760.0234375 -18432.9355469 -17462.2304688 -17470.1269531
-16522.1445312 -15904.6748047 -17507.1601562 -16871.2148438 -16576.4355469 -17412.7421875 -16396.8574219 -16270.3593750
-16353.6298828 -15828.7773438 -17494.4179688 -16756.9238281 -16538.2324219 -17323.4726562 -16322.8164062 -16056.1035156
-16577.1601562 -15945.4052734 -17569.6328125 -16782.8789062 -16816.0292969 -17289.1562500 -16377.4111328 -16368.0156250
-17037.8007812 -16907.4843750 -18029.5859375 -17239.9511719 -16790.9140625 -17840.6152344 -16638.0820312 -16854.6953125
-17118.6484375 -16625.3574219 -18072.1953125 -17398.2753906 -17188.8691406 -17887.9277344 -17001.2734375 -16967.1914062
-16407.9042969 -15894.9326172 -17559.7246094 -16780.9003906 -16495.6386719 -17446.7695312 -16214.2880859 -16128.0625000
-16696.1582031 -16554.6562500 -17755.7304688 -17022.5136719 -16365.6337891 -17548.7636719 -16050.1953125 -16529.3847656
-15827.3183594 -15747.4042969 -16980.3027344 -16247.9736328 -15420.0683594 -16838.8671875 -15263.0664062 -15717.5537109
-18646.7890625 -18186.6972656 -19267.9433594 -18829.7207031 -18638.8281250 -19243.3085938 -18555.6542969 -18525.5058594
-16926.5371094 -16765.6464844 -18012.4296875 -17286.8164062 -16651.2714844 -17711.2187500 -16566.5644531 -16815.6777344
-16833.0898438 -16354.8603516 -17800.8359375 -17122.6679688 -16807.3867188 -17636.5917969 -16628.8789062 -16726.5859375
-18549.6464844 -18112.7617188 -19272.0605469 -18719.4941406 -18630.3554688 -19118.3554688 -18408.9570312 -18419.1601562
-17399.5097656 -17143.8789062 -18357.3945312 -17767.8144531 -17536.1972656 -18242.3808594 -17337.8632812 -17443.1523438
-16902.8417969 -16454.4160156 -17826.8359375 -17210.8496094 -17124.9687500 -17641.4394531 -16851.6796875 -16839.9296875
-16903.8906250 -16617.6035156 -17930.8066406 -17292.5957031 -17020.7714844 -17723.5058594 -16764.5683594 -16845.2597656
-16423.1484375 -15861.0966797 -17689.0859375 -16851.6445312 -16465.1250000 -17427.8007812 -16397.5605469 -16344.4140625
-16718.3789062 -16129.3642578 -17678.8769531 -16963.8222656 -16821.7539062 -17517.9980469 -16529.3906250 -16535.2949219
-17434.7460938 -18078.0585938 -17187.1816406 -17117.7285156 -18282.9199219 -16572.0253906 -17987.8964844 -17778.3066406
-16626.1171875 -17159.0957031 -16731.6562500 -16290.1162109 -17242.7011719 -16626.5117188 -17062.7382812 -16782.4179688
-18960.0273438 -19591.3300781 -18590.2773438 -18498.7656250 -19538.3574219 -17917.7675781 -19393.4628906 -19069.3144531
-17668.9003906 -18172.7734375 -17811.4394531 -17180.6796875 -18260.0625000 -17647.9257812 -18113.4238281 -17797.7695312
-18571.2851562 -19043.6171875 -18341.1875000 -18194.1210938 -19141.3847656 -17800.7617188 -19066.3007812 -18843.6933594
-17734.0917969 -18275.0683594 -17617.6406250 -17295.9335938 -18411.7773438 -16938.7089844 -18159.9375000 -17945.3652344
-17280.0312500 -17423.8710938 -17864.2187500 -17299.2363281 -17521.9433594 -17448.2519531 -17188.8789062 -17357.5078125
-18563.9960938 -18420.6542969 -19404.8730469 -18753.3691406 -17923.3652344 -19196.3437500 -17973.7753906 -18346.9707031
-17565.4746094 -17490.8632812 -18471.6074219 -17886.7109375 -17286.2890625 -18347.2890625 -17080.8398438 -17438.6562500
-17335.4667969 -17185.2968750 -18318.5664062 -17537.0253906 -16668.8925781 -18031.3359375 -16828.3457031 -17168.1777344
-17343.6738281 -17226.2988281 -18311.2578125 -17633.1250000 -16733.2832031 -18085.0273438 -16856.9609375 -17363.8574219
-16837.5136719 -16793.2363281 -17819.2480469 -17230.9218750 -16270.3144531 -17712.6074219 -16433.0312500 -16726.7460938
-16707.9042969 -16475.1777344 -17948.7519531 -17107.1191406 -15941.0185547 -17718.3144531 -16093.1298828 -16649.1933594
-17504.5703125 -17306.7519531 -18523.1503906 -17870.0839844 -16685.2851562 -18360.9667969 -16899.0859375 -17455.8808594
-17354.3359375 -17089.2324219 -18334.3242188 -17643.2500000 -16594.9628906 -18142.1054688 -16731.7871094 -17254.0839844
-18364.7109375 -18714.9101562 -18255.1933594 -18040.4511719 -18860.9101562 -17715.1835938 -18624.3183594 -18574.4921875
-17023.3769531 -16895.0722656 -17931.6484375 -17263.4707031 -16374.7109375 -17674.9101562 -16557.5410156 -16908.2050781
-18006.3691406 -18610.8027344 -18058.1425781 -17810.4394531 -18678.0019531 -17323.6621094 -18516.0156250 -18386.0156250
-17311.4375000 -17198.6074219 -18355.8359375 -17553.5742188 -16726.5898438 -18158.2500000 -16844.8652344 -17054.0468750
-18455.5820312 -18858.0957031 -18367.1054688 -18088.1113281 -18976.7636719 -17674.0117188 -18741.8222656 -18593.1738281
-17842.2988281 -17805.5937500 -18886.3281250 -18183.0996094 -17263.8242188 -18617.4394531 -17375.7187500 -17835.5468750
-16294.5751953 -16105.9423828 -17538.3515625 -16687.5332031 -15599.5166016 -17288.4863281 -15595.8115234 -16185.3925781
-18264.3398438 -18145.6640625 -18994.8027344 -18473.3847656 -17762.6269531 -18872.5156250 -17864.1777344 -18171.1757812
-17162.7402344 -17018.5859375 -18070.8398438 -17391.0644531 -16799.3496094 -17891.4355469 -16759.6171875 -17181.3750000
-20069.1289062 -20487.7773438 -19801.2714844 -19750.3847656 -20546.2851562 -19609.5820312 -20433.0000000 -20178.4492188
-19074.1289062 -18954.0507812 -19760.2363281 -19273.6894531 -18893.5234375 -19610.6835938 -18484.1679688 -18971.9375000
-18768.2753906 -18700.1621094 -19493.9414062 -18985.8730469 -18707.2988281 -19373.5429688 -18507.0058594 -18773.0390625
-17473.5449219 -17456.0410156 -18425.9921875 -17838.0175781 -17274.5312500 -18255.1406250 -17158.5546875 -17519.4238281
-17031.4707031 -16914.8046875 -18102.1113281 -17345.3515625 -16897.9824219 -17845.2968750 -16723.5117188 -16976.8671875
-16904.8632812 -16795.1992188 -17839.0546875 -17178.5761719 -16774.9707031 -17688.7050781 -16472.6113281 -16879.1914062
-16814.0332031 -16723.1855469 -17998.0996094 -17128.9648438 -16613.1582031 -17758.8593750 -16486.7753906 -16754.7480469
-17948.6406250 -18033.4824219 -18867.0371094 -18300.4335938 -17697.6542969 -18633.8105469 -17575.2226562 -17925.2011719
-16698.3398438 -16621.7617188 -17856.3574219 -17115.7246094 -16432.1308594 -17540.2792969 -15997.1240234 -16700.9394531
-17237.8359375 -17205.6289062 -18224.1132812 -17458.3476562 -17013.5351562 -17894.3906250 -16820.3496094 -17171.6816406
-16281.9677734 -16113.8496094 -17597.9023438 -16568.2402344 -15899.4453125 -17257.2500000 -15792.8193359 -16282.4365234
-16866.6972656 -16796.1035156 -18009.6914062 -17154.0625000 -16579.1562500 -17659.1269531 -16224.8427734 -16779.7597656
-15565.3222656 -15390.4667969 -16814.1015625 -15942.0263672 -14476.5820312 -16589.1347656 -14591.1953125 -15405.1054688
-15975.2910156 -15894.7539062 -17202.3789062 -16403.5761719 -15085.9267578 -17055.8632812 -15202.0029297 -15893.1425781
-16403.5468750 -16232.2812500 -17697.4238281 -16844.9433594 -16054.5576172 -17345.9570312 -15849.6347656 -16358.1074219
-16278.9970703 -16288.8789062 -17434.4277344 -16603.3730469 -15682.3662109 -17358.6972656 -15729.7578125 -16285.5263672
-17019.8984375 -17016.7148438 -17987.1367188 -17290.2226562 -16960.9433594 -17674.9628906 -16723.1367188 -17063.0332031
-15298.8642578 -15565.1289062 -16621.0117188 -15894.8984375 -16068.4433594 -16343.3076172 -15680.2021484 -15226.4482422
-17296.3886719 -17336.9589844 -18231.1308594 -17624.6113281 -17736.4355469 -18135.4492188 -17470.8320312 -17045.6972656
-16811.2812500 -17053.5625000 -17806.1875000 -17130.1777344 -17195.8632812 -17543.9921875 -17073.9882812 -16696.9921875
-17233.0449219 -17497.7324219 -18244.2753906 -17588.2089844 -17603.6132812 -18029.6425781 -17368.0605469 -17216.4765625
-18000.7929688 -18077.4433594 -18782.5839844 -18277.4414062 -18392.8320312 -18579.1835938 -18234.4453125 -17869.4746094
-17695.1660156 -17843.3144531 -18721.5957031 -17988.9707031 -18034.0742188 -18377.5625000 -17907.8144531 -17475.1289062
-16798.9765625 -17142.1679688 -17720.1718750 -17180.0566406 -17290.2578125 -17543.8476562 -17059.6582031 -16758.9707031
-17167.4218750 -17287.6406250 -18202.4003906 -17502.8691406 -17502.1699219 -17929.9902344 -17315.4062500 -17024.5566406
-17787.3144531 -17917.9394531 -18750.9687500 -18120.7148438 -18143.5800781 -18525.7109375 -17886.0058594 -17476.8085938
-16795.0625000 -16808.1621094 -17883.6953125 -17064.5390625 -17266.6269531 -17635.4785156 -16920.5839844 -16703.0390625
-17911.7539062 -17972.5058594 -18820.0429688 -18282.3105469 -18226.3593750 -18720.4589844 -18086.5820312 -17753.6171875
-17659.8183594 -17845.0781250 -18575.4941406 -17944.3808594 -17968.1035156 -18305.9960938 -17870.2636719 -17518.4785156
-18060.9609375 -18021.8574219 -18825.7714844 -18348.0058594 -18235.0625000 -18744.6269531 -18047.0429688 -17796.1406250
-17569.2363281 -17604.5878906 -18405.4687500 -17677.3867188 -17840.5820312 -18096.1406250 -17634.4316406 -17314.2285156
-16631.3222656 -16170.4775391 -17674.4746094 -16836.9882812 -16673.8222656 -17417.8964844 -16413.9804688 -16512.0039062
-17868.9296875 -17417.3164062 -18861.2968750 -18081.3554688 -17940.8359375 -18668.9785156 -17794.4121094 -17641.3808594
-18954.3066406 -19354.9023438 -18974.7265625 -18751.6523438 -19522.4843750 -18297.0781250 -19326.8378906 -19230.6113281
-19685.6210938 -20013.8496094 -19287.6367188 -19248.3730469 -20089.0273438 -18963.3242188 -19977.5253906 -19800.3183594
-19208.4316406 -19737.8417969 -18931.9765625 -18680.6035156 -19794.9199219 -18290.9550781 -19667.5800781 -19301.8457031
-18831.2421875 -19331.7812500 -18705.3730469 -18587.0507812 -19448.7558594 -18119.5449219 -19278.3652344 -19057.0156250
-19391.2910156 -19808.8046875 -19297.4726562 -19118.7753906 -19975.0742188 -18688.6523438 -19860.1679688 -19601.2285156
-18147.0332031 -18789.8593750 -17867.6230469 -17877.9179688 -18881.6718750 -17216.2089844 -18691.0761719 -18416.5566406
-18705.2500000 -19130.5683594 -18544.1171875 -18357.7597656 -19272.6523438 -17816.6445312 -19197.0800781 -18880.4453125
-19002.5117188 -19505.3320312 -18720.0820312 -18638.8359375 -19466.6699219 -18199.4667969 -19350.2480469 -19074.3437500
-17264.5253906 -17256.6972656 -18228.3457031 -17516.8769531 -17038.7421875 -17921.5761719 -16888.2187500 -17284.5703125
-18448.8222656 -18878.2968750 -18291.9121094 -18017.2304688 -19005.8535156 -17545.1679688 -18942.7402344 -18602.2597656
-18367.6230469 -18855.2500000 -18017.0429688 -17919.7382812 -18959.4648438 -17484.2871094 -18745.9726562 -18574.6972656
-18164.0917969 -18662.9609375 -17811.2871094 -17734.9648438 -18706.9257812 -17372.5996094 -18514.5957031 -18315.6738281
-18636.3828125 -18942.1542969 -18359.6269531 -18183.9785156 -19143.7089844 -17831.4472656 -19096.3183594 -18855.8222656
-18617.1914062 -19067.7929688 -18464.8925781 -18303.9375000 -19157.8496094 -17798.3105469 -19031.9726562 -18748.5429688
-18629.6406250 -19141.1230469 -18492.5449219 -18382.4609375 -19211.0839844 -17927.8906250 -19034.5429688 -18875.6542969
-19128.8203125 -19067.0351562 -19866.9218750 -19442.8730469 -18952.3691406 -19645.9707031 -18853.1289062 -19082.0449219
-18708.8105469 -19377.2753906 -18447.8593750 -18400.6601562 -19552.8906250 -17735.3398438 -19383.4804688 -19009.0800781
-19026.5117188 -19414.7265625 -18981.0292969 -18662.7167969 -19580.2714844 -18454.6464844 -19444.9296875 -19323.7773438
-18298.2285156 -18954.6093750 -18101.2734375 -18000.1835938 -18983.5390625 -17473.1953125 -18772.1855469 -18662.4179688
-19382.6738281 -19902.3398438 -19110.6113281 -18915.9921875 -19963.7402344 -18542.0546875 -19748.4316406 -19597.4062500
