-16304.9570312 -16572.5136719 -17086.0097656 -16471.5312500 -16935.4550781 -16893.8242188 -16573.5507812 -16318.5810547
-14924.9658203 -16304.0869141 -16796.6328125 -16134.3310547 -16510.6992188 -16370.5673828 -16283.6796875 -15787.2773438
-15901.3339844 -16142.4619141 -16913.4023438 -16311.6064453 -16421.7402344 -16692.1894531 -16148.3701172 -15681.4384766
-16654.6171875 -16902.1875000 -17655.1523438 -17031.7265625 -17069.0078125 -17445.0410156 -16905.0761719 -16384.0566406
-16856.1035156 -17295.7421875 -17567.5468750 -17184.2500000 -17345.8164062 -17348.1582031 -17200.7128906 -16913.6406250
-16263.1386719 -16225.8691406 -17375.2695312 -16668.1113281 -16563.6035156 -17163.3261719 -16220.7226562 -16023.1552734
-15244.5078125 -15985.0664062 -16424.9980469 -15740.6611328 -16165.4638672 -16039.5585938 -15909.7392578 -15541.9218750
-18637.7753906 -19050.7167969 -19215.2343750 -18833.2031250 -19258.0507812 -19003.0937500 -19065.6542969 -18799.8750000
-16386.6679688 -16833.6289062 -17543.3496094 -16775.6601562 -17011.0214844 -17160.9609375 -16776.7363281 -16540.7500000
-15996.3046875 -16499.4765625 -17137.8203125 -16442.7988281 -16760.3730469 -17013.2558594 -16578.6953125 -16231.9257812
-16324.1269531 -16575.6582031 -17296.2910156 -16681.6191406 -16849.8652344 -17194.4492188 -16576.1757812 -16554.4492188
-16239.1718750 -16577.9199219 -17221.7050781 -16550.1074219 -16965.7871094 -16958.7773438 -16544.5878906 -16362.2656250
-16343.1318359 -16750.9414062 -17336.1914062 -16666.9863281 -16998.6093750 -17078.4140625 -16701.1406250 -16482.3867188
-15818.2382812 -16315.8974609 -17055.5078125 -16309.0585938 -16619.4335938 -16762.3691406 -16388.2441406 -16134.9667969
-16534.1835938 -16750.5742188 -17466.9863281 -16893.9257812 -16948.4902344 -17373.4648438 -16739.5683594 -16385.9570312
-15436.8486328 -16678.6933594 -17156.5390625 -16570.6445312 -16881.3710938 -16796.0664062 -16772.7558594 -16247.7656250
-16272.0712891 -16964.5781250 -17041.5898438 -16589.3886719 -17122.1054688 -17028.3027344 -17013.1289062 -16602.6875000
-15783.6162109 -16332.9404297 -17034.9609375 -16211.4687500 -16487.0664062 -16599.8632812 -16206.3798828 -16057.5615234
-16757.0683594 -17379.5664062 -17877.3828125 -17291.8808594 -17562.8007812 -17685.5019531 -17347.2148438 -17146.1445312
-16799.8300781 -16926.7910156 -17800.3925781 -17109.5253906 -17208.2265625 -17696.4160156 -16943.8105469 -16681.8789062
-16521.5625000 -16930.8750000 -17363.1503906 -16827.1484375 -17342.8144531 -17176.8125000 -16999.7343750 -16749.6914062
-15824.5566406 -16166.1093750 -16857.1777344 -16224.6025391 -16400.1972656 -16536.6093750 -16224.4951172 -15946.3427734
-17474.6914062 -17908.2460938 -18134.8828125 -17601.4101562 -18207.6074219 -18028.6933594 -17875.3984375 -17534.2773438
-18036.0800781 -18195.1542969 -18747.1171875 -18222.5507812 -18240.6738281 -18583.7617188 -18180.1875000 -17836.3457031
-17417.1054688 -17582.8476562 -18279.7128906 -17763.1250000 -17889.6796875 -18122.1777344 -17676.6445312 -17397.0156250
-17396.2597656 -17544.0351562 -18167.8222656 -17645.6015625 -17793.0722656 -18032.6308594 -17520.5800781 -17166.4199219
-16787.8535156 -16906.4687500 -17610.6230469 -16993.6601562 -17344.9277344 -17414.4453125 -17032.4042969 -16462.4785156
-17737.0507812 -18171.1484375 -18555.6347656 -17938.6796875 -18368.6132812 -18294.8222656 -18070.1972656 -17879.7460938
-16653.6933594 -16677.8144531 -17619.3203125 -16849.0722656 -17132.0019531 -17382.6113281 -16874.9570312 -16399.0546875
-17222.2949219 -17278.9609375 -17989.0058594 -17329.0253906 -17599.9023438 -17814.5957031 -17307.0996094 -17049.1269531
-17289.0214844 -17388.2871094 -17951.9882812 -17509.9277344 -17762.1074219 -17701.0566406 -17521.7304688 -17045.4980469
-17373.6503906 -17758.8417969 -17565.2500000 -16813.9667969 -18011.6035156 -17262.5605469 -17853.2421875 -17585.0703125
-16482.8730469 -16901.7460938 -16886.4687500 -15924.1757812 -17108.3808594 -16732.2617188 -16959.8417969 -16587.7519531
-16453.6464844 -16805.9296875 -16470.3007812 -15959.8291016 -17109.8281250 -16267.4287109 -16878.4414062 -16379.2207031
-15922.0937500 -16401.4531250 -16460.5097656 -15576.0527344 -16505.6953125 -16232.1630859 -16387.5761719 -16133.2607422
-16611.8144531 -17029.3457031 -16807.8476562 -16157.2802734 -17143.5742188 -16516.6171875 -17054.0351562 -16734.3886719
-17692.1484375 -17940.6386719 -17986.1835938 -17446.1796875 -18139.9296875 -17709.3593750 -17936.5625000 -17724.4902344
-18675.3339844 -19144.3847656 -18560.7851562 -18112.1796875 -19238.0273438 -18523.8886719 -19105.6035156 -18840.8750000
-17292.1464844 -17611.0312500 -17363.7617188 -16887.0468750 -17949.2031250 -17235.8535156 -17696.3066406 -17407.0253906
-17255.9160156 -17676.0800781 -17513.8183594 -16899.9707031 -17664.6406250 -17395.8007812 -17574.3320312 -17336.3691406
-15997.2949219 -16534.6289062 -16186.5654297 -15470.3457031 -16781.3925781 -16052.1728516 -16601.7421875 -16084.0781250
-16149.8271484 -16897.1445312 -16403.7187500 -15627.5937500 -16954.7910156 -16269.6054688 -16793.9785156 -16313.4169922
-17066.7265625 -17461.8613281 -17322.6367188 -16734.3593750 -17730.6074219 -17135.2421875 -17457.9335938 -17221.8750000
-17443.3046875 -17743.2226562 -17463.6464844 -16840.7109375 -17966.8964844 -17280.5683594 -17863.9843750 -17611.7890625
-16867.3984375 -17251.5097656 -17116.6386719 -16116.2724609 -17283.9062500 -16923.5332031 -17179.5292969 -16976.6503906
-17819.5585938 -17936.6972656 -18020.5175781 -17480.0449219 -18081.6601562 -17641.6035156 -17973.4179688 -17799.1660156
-17952.3906250 -18359.4179688 -17935.9316406 -17634.6445312 -18642.5878906 -17951.0742188 -18477.8867188 -18068.1542969
-17508.9023438 -17907.2402344 -17638.2539062 -17185.8554688 -18108.6269531 -17512.6796875 -17757.1914062 -17762.6953125
-17540.6777344 -17971.2539062 -17853.9511719 -17179.7929688 -18194.2128906 -17635.8320312 -17944.7617188 -17656.6855469
-17487.0156250 -17877.2089844 -17723.3691406 -16956.3808594 -18133.2695312 -17500.0703125 -17963.9160156 -17644.2246094
-16617.6796875 -17141.4707031 -16811.1914062 -16256.5068359 -17288.3320312 -16628.3339844 -17113.3613281 -16840.8066406
-19470.4375000 -19864.2734375 -18767.4824219 -19239.2363281 -19990.6289062 -19055.9140625 -19868.0351562 -19664.2617188
-18236.6113281 -18733.2285156 -17415.3164062 -17972.3691406 -18792.9843750 -17868.0957031 -18673.4843750 -18423.3281250
-18403.4921875 -18759.4355469 -17652.9257812 -18100.1542969 -18888.4882812 -18037.1425781 -18668.3750000 -18596.5527344
-17625.1152344 -18155.2949219 -16827.5449219 -17283.9062500 -18419.0996094 -17229.4863281 -18174.0000000 -17828.5703125
-17537.5195312 -18095.6152344 -16328.6855469 -17068.9453125 -18388.4863281 -16920.6406250 -18190.6347656 -17727.7597656
-17530.8007812 -17906.0273438 -16562.3691406 -17123.3281250 -18222.8007812 -16929.1953125 -17984.4863281 -17683.6875000
-17298.5527344 -17926.1347656 -16394.0449219 -16931.3789062 -18089.2382812 -16922.0937500 -17826.3652344 -17522.2421875
-17442.3691406 -18037.5410156 -16571.6679688 -17119.2070312 -18256.6445312 -17006.0527344 -18074.2968750 -17708.6269531
-18041.1250000 -18520.3613281 -17063.0644531 -17749.4042969 -18764.0175781 -17597.5410156 -18508.0625000 -18108.1660156
-18097.5332031 -18532.8222656 -17220.6328125 -17771.4882812 -18727.4785156 -17566.9531250 -18506.5625000 -18232.3066406
-19429.8964844 -19871.1582031 -18736.3808594 -19154.6054688 -19932.9863281 -19105.9511719 -19687.3984375 -19557.5859375
-17750.8261719 -18539.2675781 -16803.7656250 -17453.0273438 -18455.5839844 -17422.2089844 -18293.8476562 -17961.6445312
-18148.7773438 -18503.6933594 -17294.4765625 -17766.7792969 -18767.8066406 -17764.0683594 -18517.1328125 -18307.2089844
-17546.7265625 -18131.2539062 -16293.3798828 -17016.6503906 -18410.3261719 -16936.7011719 -18176.8144531 -17765.3847656
-18830.2851562 -19251.3398438 -18159.3808594 -18501.8339844 -19351.3007812 -18589.0449219 -19237.7675781 -18977.9921875
-18581.0468750 -19029.4042969 -17810.1875000 -18206.8925781 -19241.8242188 -18030.4687500 -18960.5566406 -18685.3515625
-18861.9667969 -19235.4160156 -17867.6972656 -18467.1640625 -19498.7832031 -18390.9238281 -19338.2265625 -18991.1933594
-18489.2988281 -19026.6210938 -17581.5722656 -18197.6015625 -19094.1035156 -18117.0527344 -19045.9160156 -18692.5898438
-18869.1582031 -19435.0761719 -17852.8574219 -18603.6289062 -19432.4414062 -18482.9902344 -19373.5175781 -19037.9511719
-18867.2714844 -19389.7519531 -18008.3808594 -18699.4628906 -19390.1269531 -18730.2539062 -19322.8007812 -19079.5527344
-18433.2343750 -18836.5312500 -17472.7949219 -18052.6562500 -18990.7343750 -18062.9101562 -18834.5976562 -18555.6289062
-17906.9960938 -18362.7910156 -16705.6289062 -17614.0429688 -18655.3613281 -17397.0156250 -18505.0410156 -18086.1523438
-16986.3984375 -16613.1093750 -17962.0800781 -17333.2070312 -16992.8554688 -17736.2636719 -16899.7089844 -16891.2460938
-18591.7949219 -18140.9023438 -19277.2519531 -18743.6191406 -18648.3398438 -19146.0898438 -18412.9199219 -18378.7207031
-17129.8125000 -16627.6933594 -17965.3671875 -17461.2441406 -17301.5292969 -17858.2460938 -16884.0644531 -16971.1640625
-17246.0937500 -16687.2851562 -18174.1972656 -17354.7617188 -17417.6152344 -17873.2695312 -17090.9648438 -17035.0781250
-18260.3046875 -17792.1230469 -19230.6640625 -18609.0136719 -18354.4414062 -19022.9707031 -18088.6308594 -18120.7910156
-16703.5683594 -16387.1640625 -17759.4316406 -17010.8515625 -15842.5468750 -17526.8183594 -16043.9277344 -16578.4433594
-16493.0078125 -16196.2539062 -17438.7890625 -16714.8476562 -16729.9472656 -17114.8164062 -16478.7089844 -16405.6875000
-15546.7705078 -15056.3867188 -16744.6230469 -15899.6152344 -15763.2197266 -16337.9199219 -15445.0478516 -15431.9023438
-15328.2880859 -15116.9843750 -16277.1435547 -15504.4941406 -15205.6035156 -15893.1298828 -14879.8535156 -15302.6767578
-18210.2265625 -18085.9804688 -19042.0097656 -18609.9511719 -18151.8203125 -18986.5039062 -17822.9335938 -18215.2031250
-18461.0058594 -18333.8691406 -19141.5468750 -18698.4589844 -18198.0703125 -19077.6289062 -18090.3281250 -18355.3769531
-17943.6855469 -17455.4355469 -18681.1425781 -18223.9511719 -18003.3945312 -18741.2988281 -17700.3085938 -17836.9453125
-17529.0332031 -17082.4941406 -18291.4082031 -17741.9824219 -17703.7617188 -18144.4765625 -17384.8535156 -17372.3261719
-16647.9882812 -15929.5136719 -17642.5175781 -16976.7500000 -16602.6738281 -17543.2031250 -16367.5576172 -16365.5585938
-16480.6523438 -16042.6953125 -17355.2285156 -16711.3652344 -16747.3769531 -17165.9414062 -16474.2890625 -16318.3085938
-16302.6396484 -15769.3779297 -17579.6445312 -16763.1445312 -16445.9960938 -17407.2480469 -16103.8691406 -16206.5927734
-17090.2226562 -16827.6386719 -17979.1855469 -17278.7324219 -16941.7910156 -17749.8886719 -16594.0058594 -16815.1601562
-17178.8339844 -16709.7812500 -18085.7753906 -17614.0390625 -17273.4648438 -17999.7890625 -16946.3593750 -17119.8320312
-16173.9287109 -15821.8095703 -17276.3339844 -16628.5546875 -16361.6015625 -17120.2636719 -16057.3691406 -16047.4414062
-16551.0781250 -16431.8222656 -17511.7832031 -17000.7968750 -16216.0537109 -17307.8027344 -16035.6025391 -16456.5839844
-15534.8330078 -15160.5869141 -16595.1601562 -15904.1992188 -15260.4648438 -16416.6054688 -14845.9833984 -15304.5644531
-18914.3554688 -18481.6992188 -19641.8886719 -19114.6894531 -18969.2675781 -19484.3164062 -18742.4492188 -18739.6250000
-16726.8789062 -16691.7734375 -17648.1699219 -16980.3242188 -16650.1347656 -17359.8925781 -16403.5996094 -16674.9160156
-16749.0097656 -16313.7841797 -17703.8593750 -17126.3437500 -16987.6875000 -17529.2441406 -16629.3945312 -16722.3613281
-18305.8242188 -17922.2070312 -19152.1855469 -18617.9160156 -18435.2207031 -19098.8535156 -18231.9101562 -18232.0097656
-17603.1562500 -17063.2460938 -18546.6933594 -17846.1992188 -17717.2714844 -18296.8281250 -17417.1875000 -17286.6035156
-16837.7441406 -16127.9121094 -17821.5625000 -17139.6816406 -16819.4746094 -17776.0019531 -16569.7832031 -16563.8710938
-17017.6953125 -16564.2402344 -18052.2011719 -17375.1328125 -17053.0527344 -17913.2304688 -16853.8222656 -16842.9082031
-16569.8164062 -15833.1982422 -17597.2050781 -16755.2265625 -16671.5097656 -17266.8164062 -16279.8271484 -16304.8593750
-16275.2304688 -15872.8691406 -17348.2753906 -16636.1171875 -16628.6445312 -17233.2285156 -16365.4716797 -16210.4716797
-16917.2656250 -17578.4804688 -16791.8730469 -16773.6640625 -17730.1210938 -16289.6445312 -17462.1835938 -17220.7363281
-16440.7031250 -16868.1855469 -16789.2128906 -15935.3818359 -17053.5117188 -16523.1230469 -17003.4140625 -16682.1230469
-18133.3398438 -18615.0371094 -17870.7675781 -17738.8906250 -18661.6171875 -17276.3535156 -18526.9101562 -18262.6621094
-17451.6074219 -17778.2851562 -17509.7675781 -16933.8964844 -17993.6093750 -17392.8222656 -17793.1230469 -17572.2031250
-17889.3496094 -18336.9765625 -17739.4023438 -17745.6894531 -18583.8515625 -17258.2851562 -18433.9375000 -18085.7128906
-17218.3769531 -17840.5683594 -17128.4101562 -16891.6699219 -17924.3437500 -16460.8007812 -17845.5214844 -17518.1523438
-17128.9394531 -17408.1640625 -17432.2890625 -17161.8027344 -17421.2187500 -17119.9648438 -17265.0234375 -17085.6679688
-18208.7519531 -18049.0195312 -19036.0898438 -18465.0761719 -17609.4296875 -18822.4628906 -17799.2597656 -18099.6953125
-17294.3398438 -17091.9023438 -18156.4375000 -17583.9042969 -17023.2929688 -18089.1445312 -16684.4824219 -17181.6679688
-17334.3222656 -17011.3417969 -18291.3144531 -17592.2929688 -16561.6933594 -18223.1445312 -16667.6562500 -17195.6425781
-17348.5898438 -17199.6367188 -18536.5566406 -17827.5488281 -16725.0859375 -18318.7050781 -16823.2695312 -17330.8417969
-17197.0078125 -17115.6757812 -18182.7226562 -17486.8945312 -16553.3945312 -17935.9863281 -16774.5507812 -17073.7187500
-16591.2070312 -16235.4599609 -17534.3847656 -16800.4765625 -15637.6191406 -17405.7109375 -15829.0625000 -16404.4550781
-17332.1406250 -17180.2109375 -18188.1425781 -17611.1464844 -16767.0058594 -18072.2636719 -16893.5976562 -17214.1035156
-17210.4746094 -16954.3593750 -18069.7382812 -17369.5742188 -16221.3544922 -17956.9023438 -16503.7832031 -16988.9746094
-17774.8242188 -18182.4238281 -17814.7070312 -17656.6875000 -18305.3867188 -17232.7675781 -18203.3554688 -17978.0996094
-17294.0878906 -17233.3906250 -17909.5253906 -17357.9414062 -17002.4023438 -17651.3457031 -16980.5195312 -17145.8105469
-17759.0058594 -18335.2441406 -17694.3710938 -17530.8867188 -18386.9570312 -16971.3027344 -18291.9023438 -18027.4199219
-17196.0703125 -17131.1582031 -18170.3164062 -17520.6582031 -16578.9667969 -17836.8222656 -16726.9101562 -17084.6289062
-18073.3828125 -18407.8750000 -17905.9980469 -17759.4843750 -18590.9179688 -17160.6933594 -18482.4765625 -18232.5625000
-17657.9667969 -17642.0703125 -18527.0292969 -17989.5605469 -17123.5410156 -18342.9980469 -17220.4843750 -17577.3906250
-16140.8349609 -15874.7373047 -17398.7949219 -16550.8710938 -15301.0380859 -17163.6347656 -15515.6816406 -16085.2871094
-18320.9101562 -18343.6152344 -19065.0019531 -18595.5917969 -17812.2636719 -18939.3261719 -18032.2285156 -18301.3808594
-16968.1269531 -16715.5156250 -17963.0839844 -17336.0117188 -16473.7832031 -17761.6152344 -16415.3515625 -16907.5683594
-19499.3652344 -19913.1269531 -19148.0488281 -19248.5449219 -20083.1699219 -19031.3554688 -19940.5292969 -19723.4082031
-18933.9843750 -18769.5332031 -19654.3125000 -19173.8554688 -18658.2617188 -19468.7968750 -18309.2226562 -18861.1855469
-18970.1757812 -18712.4824219 -19730.2539062 -19133.2207031 -18739.3691406 -19608.4824219 -18485.7343750 -18845.5351562
-17512.7480469 -17220.9843750 -18452.0703125 -17885.2519531 -17037.5371094 -18362.0058594 -17009.8164062 -17364.2792969
-17286.9394531 -17147.3593750 -18346.0664062 -17761.2695312 -17107.1601562 -18240.0429688 -16843.2500000 -17234.8925781
-17316.4199219 -17072.3398438 -18320.9707031 -17666.1269531 -17070.0781250 -18079.3046875 -16760.1445312 -17167.5625000
-16757.5976562 -16409.9804688 -17864.7949219 -17178.0742188 -16493.4160156 -17666.2988281 -16242.0039062 -16777.2734375
-17719.0820312 -17628.6699219 -18559.6074219 -18031.5703125 -17447.1191406 -18448.7031250 -17291.6992188 -17623.5507812
-16435.2304688 -16240.0732422 -17639.8027344 -16832.8300781 -16122.6230469 -17357.5898438 -15689.2451172 -16384.0117188
-17007.1308594 -16938.6152344 -17904.4238281 -17347.0898438 -16773.5234375 -17798.8847656 -16691.4609375 -17006.8222656
-16070.1572266 -15740.6923828 -17213.4863281 -16426.6972656 -15784.7353516 -16991.8183594 -15262.6474609 -15922.9892578
-16622.6054688 -16387.2734375 -17628.2617188 -16991.4433594 -16352.6582031 -17413.0859375 -16161.1044922 -16410.3593750
-15260.4296875 -15134.5292969 -16563.7617188 -15646.5302734 -14299.4931641 -16274.1914062 -14581.3574219 -15160.8027344
-15973.7148438 -15793.0195312 -17295.9472656 -16410.5800781 -14929.9697266 -17041.5957031 -15254.4384766 -15906.6816406
-16078.2910156 -15838.1787109 -17187.5136719 -16503.0332031 -15784.8232422 -17016.0625000 -15574.1689453 -15872.2148438
-16266.5849609 -16062.3056641 -17294.3867188 -16534.2578125 -15414.8593750 -17048.3222656 -15544.6025391 -16116.9755859
-16784.6406250 -16546.9980469 -17954.7109375 -17188.1875000 -16616.8339844 -17827.0039062 -16222.4960938 -16754.5390625
-15081.9628906 -15319.7060547 -16349.4121094 -15632.8945312 -15582.5771484 -16211.8583984 -15368.4638672 -14897.0068359
-16966.6425781 -17082.8457031 -17918.5722656 -17286.7343750 -17397.8457031 -17671.8945312 -17123.5937500 -16707.6015625
-16594.0937500 -16728.0292969 -17445.7578125 -16973.7812500 -17044.7968750 -17282.2695312 -16798.3710938 -16331.7978516
-17206.1582031 -17476.9140625 -18250.7070312 -17528.5234375 -17556.7324219 -17962.0839844 -17495.1132812 -17200.4980469
-17791.1699219 -17702.1933594 -18609.7363281 -17982.9160156 -18096.0859375 -18417.8652344 -17852.0546875 -17637.4238281
-17574.6972656 -17680.5527344 -18371.6953125 -17834.2753906 -17892.7617188 -18272.1796875 -17656.9785156 -17332.2343750
-16608.8320312 -16767.5273438 -17531.2519531 -16892.3339844 -17269.9882812 -17260.9550781 -16988.4902344 -16442.7382812
-17216.8691406 -17194.9980469 -18118.7285156 -17578.6621094 -17447.7656250 -18011.0722656 -17364.9121094 -17009.4687500
-17577.3632812 -17669.4570312 -18272.6621094 -17856.6503906 -17893.6289062 -18240.8437500 -17684.0117188 -17422.2714844
-16859.0156250 -16911.0722656 -17896.6171875 -17152.8808594 -17266.5156250 -17675.8066406 -16962.4218750 -16767.6191406
-17688.4570312 -17597.6289062 -18642.6386719 -17969.7578125 -18078.0410156 -18414.1406250 -17822.2382812 -17496.0722656
-17392.6503906 -17539.7695312 -18255.0761719 -17772.0996094 -17688.8574219 -18050.5332031 -17549.6152344 -17251.0859375
-18035.9550781 -18093.1933594 -18893.9960938 -18348.2812500 -18239.5195312 -18685.7890625 -17988.6289062 -17883.8242188
-17616.8066406 -17788.6074219 -18233.1308594 -17774.2207031 -17892.1875000 -18114.9140625 -17745.8730469 -17413.0351562
-16445.9667969 -16005.7509766 -17461.6191406 -16737.7968750 -16562.9082031 -17264.7656250 -16289.7412109 -16294.6406250
-18075.4218750 -17465.1542969 -19008.3710938 -18296.3203125 -18005.5625000 -18739.3378906 -17717.7519531 -17816.0781250
-18655.3378906 -19115.4082031 -18418.6699219 -18401.9570312 -19252.5683594 -18026.7070312 -19083.6503906 -18877.9316406
-18946.2871094 -19314.4394531 -18825.0019531 -18700.0800781 -19333.0546875 -18463.9550781 -19351.7968750 -19219.2519531
-18625.7500000 -19040.8867188 -18344.6992188 -18323.3730469 -19229.0917969 -17958.2968750 -19102.6972656 -18846.6074219
-18662.1699219 -19077.7675781 -18512.6191406 -18389.6113281 -19337.5019531 -17819.5644531 -19136.0097656 -18826.1953125
-19142.4042969 -19469.1796875 -18899.7890625 -18961.3359375 -19555.2167969 -18391.6074219 -19451.0566406 -19208.0253906
-18092.8984375 -18709.8808594 -17909.0175781 -17722.0585938 -18779.6113281 -17121.5000000 -18608.9062500 -18213.3417969
-18693.3203125 -19189.3710938 -18513.5156250 -18274.3691406 -19349.3476562 -17816.7675781 -19206.5996094 -18928.4394531
-18812.6503906 -19145.1835938 -18578.2597656 -18490.4218750 -19366.5742188 -18084.2968750 -19143.5273438 -18980.8886719
-17132.0292969 -16988.9277344 -18128.1757812 -17457.7949219 -16881.5664062 -18016.0000000 -16650.4082031 -17119.1425781
-17792.3554688 -18377.4335938 -17597.0566406 -17599.6953125 -18455.1308594 -16951.8671875 -18308.5898438 -17996.1835938
-18011.7968750 -18575.9042969 -17726.4101562 -17688.6015625 -18820.9628906 -17305.0429688 -18593.0488281 -18309.4023438
-18039.9550781 -18651.3281250 -17954.3828125 -17821.5917969 -18814.8417969 -17247.4785156 -18689.2617188 -18343.7871094
-18326.5058594 -18770.8867188 -18149.5371094 -18021.8164062 -18892.8730469 -17655.7148438 -18785.5996094 -18497.2343750
-18661.5976562 -19023.3496094 -18469.0253906 -18287.4394531 -19263.5390625 -17780.0429688 -19113.8183594 -18717.7265625
-18731.7285156 -19255.8945312 -18509.3593750 -18396.5898438 -19321.3359375 -18007.9570312 -19161.2304688 -18944.9238281
-19323.8789062 -19333.3710938 -19927.6699219 -19542.8847656 -19190.1757812 -19846.2636719 -19098.7500000 -19257.0351562
-17800.8691406 -18363.7167969 -17749.7558594 -17497.9062500 -18343.3535156 -16973.3242188 -18309.6855469 -18004.8867188
-18756.8574219 -19213.9589844 -18620.7246094 -18574.0703125 -19272.0175781 -18159.2988281 -19142.5878906 -18990.9238281
-18071.9042969 -18503.3828125 -17875.6523438 -17813.0253906 -18668.5722656 -17278.5058594 -18417.3476562 -18390.6699219
-18748.6855469 -19305.3867188 -18534.2656250 -18515.3808594 -19431.1152344 -18106.9921875 -19321.2343750 -19022.3710938
