-8340.8466797 -8418.8125000 -8438.2685547 -8512.8183594 -8191.1650391 -8237.9853516 -8503.2490234 -8417.9472656 -8018.2587891 -8262.3300781
-8112.2807617 -8288.1337891 -8263.6845703 -8392.2226562 -8034.0927734 -8126.6450195 -8276.9365234 -8185.0043945 -7873.5283203 -8102.4672852
-8229.5302734 -8390.6308594 -8363.3359375 -8503.5498047 -8205.1601562 -8270.6445312 -8373.2919922 -8358.3046875 -8215.9550781 -8079.8183594
-7763.7377930 -8019.9199219 -8082.1250000 -8284.7363281 -7936.2211914 -8063.3666992 -8050.0981445 -7995.1572266 -7954.9008789 -7847.5717773
-7688.6850586 -7889.8652344 -7925.1308594 -7873.1279297 -7500.3364258 -7566.0483398 -7844.8613281 -7790.3447266 -7550.3232422 -7661.2812500
-8438.8681641 -8589.4023438 -8543.1894531 -8638.3134766 -8131.5781250 -7991.1582031 -8568.3271484 -8545.0000000 -8238.4013672 -8408.5166016
-7513.1889648 -7775.8549805 -7735.9775391 -8069.0942383 -7658.8701172 -7772.1098633 -7784.8325195 -7703.7607422 -7657.5429688 -7404.5649414
-8296.0136719 -8593.2490234 -8390.0917969 -8553.8789062 -8138.0615234 -8226.7402344 -8457.1640625 -8358.3183594 -8037.3139648 -8333.2519531
-8059.8090820 -8219.8632812 -8156.1699219 -8402.4511719 -8073.4609375 -8163.3393555 -8274.3173828 -8256.1826172 -8179.7563477 -7842.8681641
-8766.4873047 -8324.2480469 -8910.5009766 -9103.8945312 -8908.2304688 -9005.2255859 -8815.3115234 -8915.3369141 -8875.7529297 -8761.1650391
-7686.1000977 -7905.1459961 -7834.3007812 -7997.9536133 -7509.9130859 -7671.2846680 -7895.1049805 -7894.5488281 -7487.6801758 -7637.8632812
-7583.6879883 -7271.8808594 -7698.3041992 -8128.9047852 -7799.8344727 -7888.5449219 -7766.3066406 -7760.2412109 -7735.8837891 -7547.4077148
-7903.8862305 -8099.1279297 -8121.9072266 -8433.2480469 -8158.3876953 -8264.5205078 -8055.4985352 -8128.3320312 -8173.3344727 -8005.0981445
-8185.6562500 -8275.1533203 -8315.1562500 -8402.6416016 -8098.9897461 -8192.1083984 -8296.1718750 -8305.8759766 -8256.3281250 -8009.9799805
-8020.7148438 -7609.5083008 -8233.2128906 -8429.0224609 -8188.7260742 -8234.2041016 -8130.8725586 -8220.2792969 -8157.4946289 -8104.1005859
-7745.3310547 -7328.8779297 -7991.5961914 -8145.5424805 -7883.0131836 -7912.4790039 -7833.3325195 -7920.7094727 -7824.5385742 -7774.9492188
-8053.1494141 -8206.6962891 -8135.6264648 -8235.6113281 -7871.6655273 -7995.9589844 -8224.2753906 -8095.7636719 -7804.8041992 -7932.3408203
-7676.4550781 -7289.7783203 -7869.3808594 -8101.3437500 -7831.7329102 -7909.9804688 -7752.5756836 -7886.4995117 -7814.9960938 -7690.3891602
-8335.7490234 -7816.4287109 -8585.4306641 -8788.8066406 -8530.3906250 -8634.1962891 -8526.7832031 -8519.9853516 -8511.2675781 -8404.8437500
-8205.3564453 -8382.7480469 -8347.4697266 -8420.4082031 -8203.4931641 -8263.6816406 -8240.7548828 -8336.7070312 -8172.4633789 -7986.0410156
-8482.1962891 -8584.7216797 -8646.9833984 -8779.4599609 -8566.9443359 -8644.2548828 -8651.6699219 -8634.4257812 -8501.2255859 -8340.6201172
-8262.0039062 -8445.4111328 -8357.5468750 -8344.4990234 -8110.4340820 -8202.3945312 -8412.9648438 -8267.5693359 -8145.9423828 -8257.8457031
-8252.9365234 -8430.2353516 -8395.6689453 -8670.6513672 -8225.7128906 -8316.0800781 -8366.0263672 -8343.4375000 -8268.5390625 -8074.6772461
-8290.7011719 -8387.5068359 -8474.2773438 -8720.1347656 -8349.3896484 -8399.9960938 -8444.9150391 -8395.1103516 -8316.5546875 -8131.8334961
-8132.5332031 -8316.7675781 -8156.3525391 -8387.9658203 -8041.2500000 -8084.3740234 -8271.6914062 -8215.2148438 -7957.4672852 -8133.7036133
-8305.5566406 -8531.4404297 -8539.9941406 -8666.4863281 -8397.1416016 -8511.6279297 -8440.9072266 -8489.0322266 -8442.4765625 -8231.5273438
-7905.1982422 -7793.7636719 -8088.5810547 -8263.9160156 -7989.8984375 -8090.3203125 -8078.2094727 -8100.4355469 -7907.8823242 -7771.0395508
-8380.0693359 -8547.2714844 -8547.1396484 -8787.2753906 -8425.4199219 -8582.0146484 -8516.2666016 -8510.8447266 -8421.4189453 -8319.6660156
-8145.0317383 -8292.4384766 -8283.7285156 -8390.5136719 -8038.4267578 -8212.5429688 -8303.5742188 -8338.8818359 -7908.0195312 -8151.0507812
-8145.3994141 -8314.8740234 -8308.5830078 -8418.2900391 -8018.4877930 -8156.7705078 -8340.4843750 -8276.6220703 -7922.2709961 -8101.9584961
-8023.4013672 -8261.7167969 -8106.9599609 -8371.0068359 -8072.8530273 -8237.8554688 -8215.8339844 -8101.0581055 -8127.9218750 -7983.3632812
-8534.2753906 -8721.0126953 -8561.9580078 -8928.5048828 -8661.4707031 -8812.2773438 -8583.2998047 -8604.8916016 -8730.3154297 -8651.9208984
-8031.3608398 -8261.3261719 -7978.8969727 -8448.1425781 -8175.8261719 -8295.9775391 -8118.1191406 -8031.5825195 -8220.1298828 -8104.6948242
-8841.9101562 -8953.6523438 -8848.7421875 -9174.0019531 -8902.2451172 -9030.2070312 -8934.8779297 -8832.4199219 -8946.3378906 -8916.8437500
-8162.1977539 -8457.7851562 -8230.2597656 -8617.8916016 -8335.7978516 -8344.8574219 -8132.5502930 -8202.3281250 -8281.5000000 -8304.7490234
-7725.7192383 -7960.8217773 -7712.2597656 -8162.7377930 -7964.7500000 -8012.6621094 -7857.3461914 -7837.2695312 -7865.6577148 -7870.2836914
-8307.2509766 -8452.6718750 -8268.8378906 -8675.1865234 -8482.2148438 -8476.3544922 -8390.3613281 -8308.7207031 -8447.3564453 -8398.4980469
-8238.2197266 -8527.8447266 -8158.0678711 -8651.5869141 -8371.8222656 -8454.0605469 -8331.7402344 -8394.3349609 -8410.7177734 -8248.8466797
-7787.9506836 -8005.3750000 -7781.5292969 -8269.4013672 -7960.7900391 -7984.3710938 -7827.8369141 -7859.2133789 -7948.7905273 -7924.3833008
-8052.6254883 -8287.9394531 -7986.1459961 -8544.5605469 -8193.1777344 -8267.4794922 -8148.1845703 -8128.3535156 -8231.0703125 -8113.1191406
-8277.7734375 -8525.1621094 -8301.3359375 -8743.8789062 -8535.9248047 -8623.4013672 -8417.8388672 -8362.2988281 -8460.3632812 -8385.3798828
-8079.1064453 -8345.9794922 -8054.1420898 -8465.9003906 -8217.7421875 -8265.9326172 -8206.0107422 -8181.2900391 -8224.2705078 -8154.8149414
-7712.5458984 -8038.4599609 -7752.3715820 -8197.5917969 -7937.7773438 -8021.8037109 -7833.4262695 -7846.3627930 -7895.0346680 -7882.3212891
-7798.5576172 -8104.2480469 -7809.9609375 -8265.4013672 -7966.5190430 -8074.6679688 -7947.4936523 -7855.4931641 -7923.2749023 -7980.6938477
-7993.1059570 -8205.5966797 -8262.5068359 -8564.5615234 -8219.5000000 -8331.9384766 -8201.1914062 -8119.2353516 -8216.5878906 -8149.5820312
-7875.8979492 -8049.5234375 -7728.3305664 -8350.6660156 -8043.6655273 -8140.6962891 -7861.3793945 -7871.3925781 -8037.8447266 -7919.5517578
-7502.0844727 -7725.0029297 -7368.1425781 -7969.2836914 -7687.8105469 -7666.2783203 -7529.1420898 -7434.9951172 -7656.2011719 -7568.2143555
-7982.0224609 -8246.9921875 -7949.9956055 -8328.2832031 -8091.0190430 -8136.9511719 -8128.8549805 -7973.4316406 -8138.4462891 -8056.7495117
-8243.3779297 -8533.4492188 -8286.4365234 -8760.3789062 -8504.3476562 -8548.8212891 -8384.0869141 -8296.8798828 -8461.9033203 -8411.4218750
-7720.9873047 -7913.0678711 -7722.6645508 -8185.7617188 -7930.4912109 -8052.6181641 -7824.1376953 -7816.8349609 -8003.4941406 -7927.4233398
-7784.1997070 -7970.0361328 -7633.5668945 -8215.5068359 -7904.5678711 -7955.3935547 -7752.0766602 -7764.4790039 -7841.0449219 -7895.1831055
-7475.6635742 -7774.8041992 -7453.7465820 -7825.4428711 -7627.1274414 -7672.0419922 -7577.3427734 -7531.8959961 -7600.7265625 -7636.3276367
-7719.4580078 -7384.7421875 -7931.4877930 -8194.9833984 -7937.3598633 -8050.9970703 -7924.4423828 -7965.0649414 -7912.4472656 -7784.1308594
-8397.8320312 -8564.2519531 -8568.7773438 -8654.9599609 -8264.1181641 -8269.0888672 -8510.6025391 -8501.7773438 -8160.8212891 -8363.9951172
-8825.3583984 -8952.1474609 -8815.7968750 -9161.5361328 -8928.3203125 -9007.7285156 -8737.8652344 -8869.0595703 -8964.5566406 -8858.9570312
-8184.7797852 -8374.0146484 -8397.7011719 -8582.5556641 -8196.4707031 -8331.9560547 -8311.1621094 -8296.5273438 -8218.8212891 -8153.3666992
-8348.2343750 -7909.0483398 -8493.0957031 -8676.5097656 -8451.0791016 -8527.6689453 -8420.9677734 -8409.7851562 -8490.2734375 -8389.8300781
-8500.6757812 -8561.8437500 -8630.2294922 -8698.7226562 -8329.5205078 -8442.0683594 -8633.5458984 -8621.0195312 -8241.0507812 -8438.2236328
-8934.5322266 -9048.0732422 -9109.6708984 -9272.6279297 -9012.3925781 -9068.8505859 -9095.9062500 -9035.6035156 -8909.8583984 -8785.1123047
-8035.4536133 -8232.4843750 -8051.4902344 -8171.7651367 -7683.5263672 -7735.5976562 -8242.6650391 -8072.7807617 -7967.9560547 -8008.4052734
-8262.1035156 -7828.6611328 -8453.7294922 -8665.2470703 -8411.3564453 -8460.3574219 -8370.7265625 -8492.6113281 -8407.8115234 -8361.7246094
-8350.9501953 -8447.8564453 -8437.5634766 -8481.7304688 -8105.6474609 -8276.8886719 -8412.6542969 -8430.6123047 -8026.3608398 -8293.1455078
-8023.8671875 -8146.4877930 -8326.1972656 -8453.2968750 -8140.2514648 -8232.4746094 -8229.2109375 -8184.8657227 -8086.3823242 -8037.6860352
-8579.5957031 -8765.0869141 -8573.1562500 -8950.2080078 -8678.4003906 -8797.3388672 -8522.4462891 -8621.3867188 -8717.4960938 -8645.3691406
-8558.8828125 -8816.3369141 -8453.6953125 -8942.9726562 -8716.1923828 -8764.2548828 -8615.6093750 -8718.9287109 -8735.5166016 -8690.8730469
-8017.2597656 -8201.8974609 -8213.6787109 -8492.3818359 -8238.2734375 -8286.0000000 -8134.9770508 -8283.9033203 -8174.3164062 -8127.7036133
-8535.2792969 -8760.9531250 -8692.0908203 -8760.6074219 -8422.2148438 -8431.1738281 -8717.3261719 -8595.7509766 -8290.0253906 -8581.7246094
-8369.6054688 -8570.4941406 -8481.8769531 -8678.7578125 -8497.6630859 -8531.9902344 -8326.7587891 -8377.6845703 -8483.9033203 -8453.3232422
-8073.6855469 -7827.1069336 -8264.5449219 -8576.6474609 -8272.9687500 -8334.8476562 -8216.5800781 -8271.8037109 -8206.9628906 -8100.8911133
-8520.9589844 -8724.6015625 -8570.7871094 -8899.7001953 -8682.8046875 -8713.3417969 -8463.4404297 -8604.0332031 -8670.1904297 -8548.8984375
-8582.4746094 -8773.6718750 -8604.2343750 -8996.2373047 -8613.0634766 -8719.0966797 -8571.7695312 -8581.4326172 -8702.6904297 -8634.7841797
-8404.2470703 -8548.3535156 -8441.0097656 -8766.5537109 -8520.4736328 -8611.6679688 -8404.4072266 -8520.2333984 -8587.1953125 -8473.2871094
-7909.2714844 -8099.8632812 -8084.8076172 -8210.2001953 -7784.8725586 -7862.7036133 -8119.7924805 -8034.7958984 -7733.6337891 -7907.1108398
-8463.7177734 -8670.5781250 -8654.8740234 -8644.0322266 -8274.9804688 -8352.4814453 -8638.6533203 -8603.2441406 -8165.3330078 -8436.3906250
-7668.4082031 -7989.4638672 -7723.6010742 -8117.3535156 -7843.3461914 -8030.1406250 -7699.0502930 -7689.8012695 -7789.6518555 -7722.1928711
-8012.5058594 -8168.4101562 -8224.4423828 -8273.3134766 -7884.8925781 -7955.4863281 -8166.3007812 -8217.8183594 -7860.7226562 -7997.9746094
-7931.6254883 -8283.2070312 -7977.0942383 -8492.4677734 -8211.6982422 -8285.6923828 -7968.7231445 -8071.4169922 -8205.4824219 -8124.6562500
-7859.1435547 -7978.2333984 -7975.7617188 -8180.9252930 -7929.8862305 -7973.7705078 -7956.4711914 -7966.4687500 -7860.6752930 -7766.0146484
-7648.8930664 -7854.2500000 -7694.5957031 -8186.8359375 -7854.3212891 -7966.9467773 -7578.7114258 -7751.4658203 -7848.2944336 -7717.4135742
-7372.7338867 -7712.6694336 -7496.5195312 -7955.8906250 -7669.5869141 -7761.1582031 -7224.4311523 -7484.7548828 -7543.2031250 -7541.2436523
-8496.3710938 -8693.8632812 -8570.7177734 -8905.8906250 -8677.2949219 -8735.6943359 -8301.8681641 -8581.9726562 -8645.2050781 -8562.5830078
-7660.8735352 -7891.8710938 -7696.5273438 -8102.0190430 -7787.2768555 -7951.2177734 -7602.5507812 -7698.4101562 -7809.2895508 -7671.5976562
-8755.7783203 -9013.7988281 -8802.1884766 -9151.2255859 -8920.7070312 -9042.3740234 -8433.8339844 -8871.5068359 -8916.1162109 -8873.7109375
-8118.8222656 -8384.3339844 -8212.6816406 -8569.2851562 -8260.8710938 -8389.4472656 -7874.4394531 -8267.5488281 -8233.9414062 -8111.1586914
-8496.3798828 -8633.9785156 -8619.1757812 -8710.0546875 -8365.0751953 -8471.4287109 -8642.6406250 -8646.0478516 -8326.4257812 -8508.6708984
-8413.8007812 -8650.5556641 -8517.2412109 -8629.2861328 -8186.2763672 -8081.9599609 -8538.3378906 -8564.1376953 -8295.1162109 -8384.3740234
-8915.7724609 -9019.0966797 -9153.3740234 -9303.9892578 -9032.1738281 -9113.3896484 -9100.7216797 -9043.1513672 -9096.3769531 -8915.8359375
-8747.5087891 -9012.6152344 -8762.6513672 -8852.5615234 -8533.9003906 -8553.6552734 -8849.2275391 -8719.2353516 -8675.1123047 -8748.9306641
-8326.2841797 -8620.0527344 -8517.6406250 -8778.1894531 -8473.9970703 -8545.9414062 -8531.2041016 -8404.0117188 -8512.7998047 -8427.4296875
-8502.1064453 -8651.6259766 -8653.0048828 -8817.2587891 -8516.5673828 -8641.7246094 -8570.4199219 -8557.2324219 -8529.2509766 -8423.2353516
-8930.1650391 -9139.0263672 -8996.4833984 -9111.8339844 -8592.6298828 -8705.8525391 -9062.3994141 -9030.4541016 -8816.2001953 -8902.9736328
-8496.8427734 -8743.4189453 -8693.4404297 -8818.4501953 -8561.2587891 -8677.9218750 -8621.5732422 -8571.1503906 -8544.8447266 -8472.2988281
-8309.8984375 -8483.4375000 -8458.2519531 -8416.1435547 -7990.7690430 -8156.9423828 -8422.0546875 -8377.0859375 -8164.9677734 -8177.2714844
-8215.5742188 -8459.4355469 -8406.3251953 -8428.4140625 -8046.6035156 -7987.4956055 -8384.2636719 -8341.8251953 -8129.6953125 -8223.2353516
-8523.5214844 -8752.2255859 -8729.6113281 -8887.7333984 -8567.4101562 -8618.0791016 -8679.0986328 -8669.0898438 -8597.6279297 -8471.8457031
-8251.4238281 -8463.0292969 -8361.8535156 -8483.6445312 -7934.6928711 -7891.2407227 -8366.9638672 -8341.9462891 -8132.4428711 -8208.7558594
-8134.3364258 -8330.0175781 -8294.6542969 -8521.1708984 -8170.3564453 -8329.9384766 -8297.6630859 -8318.1074219 -8165.7153320 -7979.0649414
-7640.9365234 -7926.2509766 -7745.2475586 -7770.3691406 -7464.3798828 -7550.0097656 -7780.7612305 -7764.3662109 -7522.0219727 -7587.2431641
-8362.3281250 -8555.0820312 -8564.9833984 -8515.2998047 -8144.1298828 -8146.0693359 -8517.4423828 -8477.4140625 -8233.7666016 -8365.9121094
-8633.6083984 -8795.9716797 -8864.6210938 -8837.4335938 -8445.8652344 -8486.4970703 -8802.5214844 -8756.1269531 -8524.3330078 -8672.0917969
-8085.4697266 -8180.4951172 -8186.4858398 -8467.7529297 -8139.0761719 -8239.1582031 -8218.2275391 -8164.2221680 -8147.3286133 -8014.9907227
-7936.9492188 -8127.5400391 -8098.7724609 -8078.6718750 -7557.6225586 -7576.9941406 -8089.3393555 -8122.2968750 -7799.5839844 -7894.4790039
-8220.3593750 -8486.4072266 -8286.3203125 -8262.8769531 -7914.3237305 -7889.0410156 -8377.4775391 -8252.7148438 -7994.8857422 -8108.1762695
-7924.7749023 -8086.3481445 -8042.1728516 -8046.2680664 -7721.5947266 -7805.9443359 -8070.3916016 -7975.7045898 -7701.8554688 -7838.6137695
-8624.5605469 -8784.2578125 -8691.0468750 -8770.1845703 -8359.5156250 -8510.0097656 -8760.6738281 -8697.4101562 -8412.8271484 -8540.7587891
-8543.4433594 -8793.1552734 -8743.8515625 -8895.2148438 -8607.8398438 -8648.9746094 -8766.4150391 -8719.1582031 -8587.8378906 -8447.7812500
-8251.9521484 -8423.6142578 -8369.7333984 -8366.1103516 -8100.6977539 -8229.4052734 -8377.3222656 -8366.5732422 -8129.6225586 -8224.9238281
-7643.2915039 -7821.0141602 -7847.5805664 -7980.8857422 -7657.2021484 -7780.0556641 -7792.8164062 -7768.8911133 -7644.7055664 -7656.5859375
