-8230.0585938 -8251.3769531 -8404.8339844 -8622.9355469 -8062.2089844 -8114.6596680 -8494.8144531 -8388.6005859 -7961.0429688 -8175.9291992
-8486.7490234 -8583.0595703 -8660.5556641 -8659.5791016 -8197.2148438 -8309.7412109 -8574.6269531 -8564.9267578 -8132.9570312 -8265.3916016
-8408.7900391 -8521.6865234 -8539.7695312 -8808.5781250 -8422.5878906 -8477.0937500 -8507.3037109 -8554.2519531 -8304.7343750 -8044.3046875
-7826.9287109 -8133.0693359 -8037.6264648 -8498.7392578 -8201.8789062 -8291.0019531 -7999.4331055 -8137.3681641 -8161.1538086 -8077.1591797
-7800.1440430 -7985.7241211 -8047.2905273 -8139.4594727 -7582.5913086 -7634.3530273 -7963.0346680 -7990.8149414 -7571.2905273 -7754.9321289
-8563.7919922 -8656.2978516 -8674.6142578 -8773.6562500 -8287.7441406 -8109.8764648 -8713.4091797 -8668.0556641 -8271.2841797 -8436.6054688
-7757.1958008 -7796.0932617 -7960.5073242 -8197.2626953 -7795.4736328 -7969.3637695 -7851.3310547 -7907.0556641 -7753.2124023 -7501.7714844
-8360.3769531 -8490.7773438 -8597.0468750 -8537.7275391 -8157.0561523 -8293.1298828 -8516.2285156 -8531.3984375 -8021.7426758 -8316.7763672
-8215.3623047 -8320.4257812 -8262.9003906 -8556.4677734 -8205.3486328 -8315.2744141 -8285.3925781 -8338.3945312 -8249.2626953 -7932.0239258
-8814.3515625 -8403.4697266 -8962.7070312 -9115.2998047 -8895.2656250 -8982.1416016 -8986.9873047 -8949.0957031 -8953.0312500 -8850.6435547
-8113.5703125 -8182.1284180 -8241.6474609 -8311.5478516 -7819.4487305 -7928.1718750 -8199.4287109 -8096.6669922 -7735.5986328 -8004.3979492
-7880.0649414 -7358.4394531 -8065.0317383 -8418.4511719 -8080.8916016 -8183.2973633 -8114.4580078 -8056.1738281 -8092.7978516 -7913.4541016
-7907.3159180 -8028.8476562 -8184.0751953 -8597.5341797 -8255.5507812 -8328.0888672 -8215.1650391 -8220.4404297 -8207.1513672 -8076.5986328
-7931.6958008 -8120.5332031 -8094.6914062 -8378.9453125 -8011.0263672 -8091.7670898 -8182.9282227 -8115.7343750 -8032.9492188 -7744.7412109
-7935.1591797 -7586.1914062 -8111.3691406 -8369.5156250 -8098.7182617 -8088.4960938 -8145.0654297 -8136.8627930 -8047.0351562 -7905.4550781
-7891.4111328 -7428.4057617 -8119.5673828 -8269.6142578 -7987.3823242 -8039.0322266 -8107.9702148 -8124.9116211 -7998.2675781 -7837.8129883
-8138.5820312 -8380.2304688 -8259.6132812 -8365.4638672 -7981.4467773 -8090.9272461 -8304.3515625 -8219.9580078 -7813.6865234 -8062.4184570
-7785.0263672 -7389.6196289 -7998.8154297 -8250.8789062 -7974.9233398 -8101.1586914 -8015.1484375 -7994.0444336 -7953.7089844 -7876.7158203
-8382.0488281 -7943.1557617 -8515.3320312 -8809.8281250 -8483.2265625 -8613.7070312 -8592.1591797 -8571.1103516 -8505.5986328 -8405.3466797
-8495.4375000 -8631.6835938 -8693.2246094 -8860.4541016 -8597.7851562 -8663.9228516 -8670.1601562 -8653.9052734 -8523.6171875 -8263.2988281
-8672.3964844 -8803.8916016 -8833.2841797 -9056.3144531 -8759.1367188 -8876.6953125 -8889.0703125 -8818.8251953 -8702.5966797 -8576.9492188
-8457.5292969 -8511.4306641 -8503.1894531 -8535.2333984 -8243.9785156 -8358.0712891 -8440.9316406 -8451.8056641 -8210.9472656 -8357.4775391
-8485.8046875 -8652.3085938 -8698.4072266 -8886.1132812 -8570.8886719 -8644.6923828 -8731.5000000 -8620.4003906 -8551.0957031 -8332.2177734
-8329.4541016 -8488.4423828 -8590.7783203 -8743.1416016 -8318.4384766 -8452.8847656 -8494.7431641 -8464.8701172 -8279.8330078 -8114.2934570
-8477.1855469 -8710.8476562 -8650.8027344 -8738.6679688 -8321.9101562 -8448.3769531 -8557.5966797 -8574.6826172 -8170.8398438 -8453.3427734
-8415.6982422 -8566.5009766 -8595.0302734 -8705.0800781 -8519.4082031 -8532.6621094 -8618.9589844 -8649.9775391 -8576.5380859 -8306.3339844
-8121.6728516 -8000.7841797 -8317.3740234 -8523.9599609 -8201.3095703 -8189.5175781 -8318.6083984 -8261.4179688 -8142.6914062 -7979.8544922
-8431.4658203 -8532.7216797 -8557.5537109 -8794.4443359 -8430.1328125 -8563.9013672 -8540.0781250 -8537.0468750 -8467.2578125 -8330.8828125
-8335.9365234 -8483.6230469 -8555.9277344 -8639.6542969 -8268.1572266 -8323.9638672 -8505.0087891 -8489.4384766 -8070.9155273 -8223.3369141
-8246.3574219 -8427.4501953 -8417.3144531 -8531.4414062 -8084.6992188 -8220.1484375 -8422.5000000 -8356.6191406 -7944.8134766 -8215.0761719
-8249.9472656 -8505.9111328 -8465.0283203 -8608.8583984 -8316.9326172 -8405.5664062 -8480.1591797 -8460.9228516 -8292.1523438 -8240.5644531
-8660.8691406 -8910.8623047 -8684.9804688 -9146.1250000 -8840.2871094 -8985.1542969 -8769.9736328 -8757.6318359 -8927.9355469 -8815.2861328
-7978.0107422 -8310.7636719 -8013.5800781 -8457.9238281 -8198.7265625 -8321.5136719 -8103.9111328 -8110.2412109 -8185.8574219 -8189.8593750
-8694.0195312 -8912.2607422 -8662.1962891 -9061.4062500 -8839.6494141 -8913.9882812 -8704.8134766 -8722.8281250 -8803.6943359 -8769.0966797
-8218.1708984 -8548.8457031 -8328.5683594 -8740.4306641 -8348.8251953 -8462.9208984 -8214.2070312 -8324.2060547 -8416.9628906 -8411.1220703
-7885.8164062 -8359.7265625 -7953.8642578 -8509.2441406 -8200.6962891 -8322.1826172 -8026.4965820 -8031.1972656 -8220.4267578 -8133.3769531
-8343.3261719 -8546.5839844 -8284.2353516 -8810.6748047 -8593.6123047 -8647.9277344 -8404.2724609 -8378.2519531 -8536.8417969 -8509.2929688
-8364.7041016 -8669.5712891 -8201.0556641 -8781.7265625 -8518.5576172 -8594.2578125 -8368.5800781 -8367.1962891 -8494.6152344 -8443.0371094
-7990.8403320 -8421.5927734 -8066.9775391 -8546.5976562 -8309.5419922 -8376.8271484 -8135.9682617 -8162.2690430 -8335.3886719 -8287.9169922
-8167.7753906 -8433.5820312 -8075.9555664 -8702.5302734 -8391.9208984 -8469.5234375 -8241.3583984 -8305.2294922 -8384.3857422 -8352.5000000
-8308.6279297 -8536.0087891 -8290.8554688 -8814.2216797 -8459.4824219 -8608.3056641 -8400.5292969 -8316.4365234 -8477.8710938 -8407.7080078
-8044.8466797 -8399.8212891 -8084.9863281 -8543.0849609 -8266.6816406 -8319.8789062 -8155.7495117 -8087.6840820 -8359.6074219 -8218.1679688
-7790.8310547 -8145.1943359 -7823.7441406 -8384.7001953 -8061.8740234 -8076.8261719 -8024.1049805 -7936.2148438 -8060.0839844 -8012.4912109
-8070.3291016 -8592.7822266 -8107.7158203 -8684.5625000 -8454.3974609 -8538.9394531 -8180.2617188 -8235.5585938 -8438.9472656 -8342.9482422
-8219.8710938 -8578.0302734 -8445.6982422 -8784.6767578 -8554.0722656 -8664.1425781 -8394.0498047 -8474.5917969 -8497.0869141 -8478.7646484
-8147.4282227 -8528.0234375 -8046.9418945 -8752.0722656 -8512.9160156 -8546.0332031 -8141.8720703 -8344.7187500 -8492.6748047 -8405.1767578
-7726.5625000 -8164.0336914 -7605.1435547 -8233.3652344 -7871.8847656 -8046.3989258 -7719.6210938 -7723.0693359 -8074.2265625 -7906.3735352
-7750.9023438 -8049.8740234 -7714.3046875 -8327.3955078 -7935.2377930 -7982.4428711 -7833.6479492 -7805.3686523 -8018.6909180 -7872.7866211
-8228.0947266 -8513.5283203 -8200.6513672 -8731.5761719 -8489.2910156 -8546.6562500 -8259.6406250 -8393.6044922 -8474.0429688 -8469.7675781
-7973.6660156 -8253.4091797 -7904.5244141 -8481.7441406 -8218.4101562 -8285.7031250 -7984.4409180 -7953.1621094 -8111.8793945 -8093.7846680
-7718.1982422 -8041.6572266 -7696.4536133 -8330.7148438 -8093.0507812 -8232.4208984 -7804.2504883 -7901.3603516 -8103.5786133 -8004.2504883
-7406.2446289 -7917.4360352 -7439.6406250 -8048.0068359 -7853.5214844 -7978.0795898 -7503.8901367 -7587.0034180 -7823.2802734 -7726.2128906
-7894.4980469 -7502.9941406 -8080.4853516 -8430.9960938 -8117.6015625 -8191.1674805 -8147.6103516 -8131.8344727 -8096.8154297 -7948.8535156
-8549.1464844 -8672.8964844 -8689.1328125 -8805.1650391 -8359.8398438 -8458.0673828 -8736.1953125 -8674.1406250 -8323.6816406 -8483.3515625
-8809.2636719 -9132.5761719 -8855.1289062 -9263.6308594 -8994.2294922 -9064.3906250 -8798.9316406 -8882.3437500 -8962.6904297 -8953.2402344
-8136.5913086 -8320.4697266 -8298.7392578 -8629.4208984 -8233.5019531 -8285.9980469 -8314.4628906 -8319.7070312 -8198.6230469 -8099.0947266
-8386.3896484 -7942.7651367 -8547.7705078 -8767.7314453 -8537.5488281 -8638.3261719 -8589.4970703 -8555.3505859 -8570.1171875 -8393.7714844
-8484.5751953 -8603.2070312 -8623.5029297 -8785.1376953 -8410.7011719 -8489.3398438 -8672.6113281 -8596.7304688 -8298.5888672 -8487.4931641
-8934.5830078 -9053.1513672 -9100.4794922 -9397.1435547 -8998.5048828 -9066.0175781 -9116.7011719 -9091.8847656 -8978.4912109 -8850.1337891
-8426.0380859 -8562.7421875 -8503.5937500 -8421.8183594 -7827.2885742 -8097.0703125 -8578.1699219 -8435.4726562 -8206.8837891 -8219.3681641
-8251.6904297 -7840.1928711 -8480.6279297 -8668.0957031 -8430.6025391 -8535.3291016 -8408.2675781 -8453.6806641 -8412.2197266 -8336.0439453
-8706.2744141 -8795.2167969 -8756.3339844 -8888.6748047 -8558.3125000 -8630.0263672 -8786.7666016 -8751.7158203 -8293.8691406 -8649.7001953
-7988.2573242 -8128.1010742 -8158.7622070 -8356.1445312 -7928.7949219 -8089.6894531 -8207.5117188 -8159.3217773 -7968.7949219 -7905.6499023
-8560.2236328 -8753.4980469 -8703.6562500 -8955.6328125 -8653.3730469 -8710.6269531 -8508.4648438 -8643.0146484 -8726.8212891 -8604.7968750
-8571.9033203 -8751.8691406 -8393.2314453 -9037.3671875 -8716.3251953 -8831.4335938 -8588.9531250 -8589.9619141 -8759.0849609 -8761.4414062
-8177.4189453 -8295.9609375 -8354.4257812 -8786.2998047 -8389.6445312 -8469.4707031 -8341.6416016 -8418.7500000 -8373.1464844 -8354.1503906
-8748.2724609 -8819.0039062 -8897.8437500 -9035.8271484 -8630.1933594 -8702.8408203 -8862.2324219 -8854.5556641 -8498.4228516 -8753.7861328
-8635.2871094 -8838.1054688 -8669.8593750 -9051.1787109 -8819.0205078 -8940.0058594 -8578.7304688 -8686.6201172 -8780.3085938 -8762.4101562
-7937.5966797 -7645.6225586 -8064.8559570 -8398.8085938 -8129.8813477 -8160.2875977 -8137.9746094 -8175.1313477 -8116.6015625 -7952.3774414
-8438.1298828 -8662.7431641 -8453.9169922 -8851.3007812 -8641.7343750 -8672.1611328 -8419.0039062 -8600.6250000 -8598.5166016 -8528.9033203
-8814.0996094 -9077.5175781 -8859.2373047 -9161.6699219 -8997.3867188 -8994.2646484 -8780.2119141 -8880.1025391 -8934.1220703 -8913.1005859
-8484.7050781 -8744.1318359 -8580.7578125 -8966.7695312 -8668.5380859 -8804.6630859 -8521.5292969 -8550.8603516 -8646.9755859 -8596.2451172
-8227.0634766 -8383.2812500 -8399.9306641 -8407.1660156 -7975.1328125 -8067.5029297 -8379.2500000 -8318.4550781 -7858.2128906 -8065.4023438
-8389.1328125 -8513.0292969 -8560.0703125 -8706.6992188 -8176.5214844 -8234.5595703 -8541.6835938 -8513.2099609 -8059.6953125 -8283.2763672
-7829.9536133 -8063.1186523 -8001.9130859 -8430.2509766 -7968.9189453 -8136.2470703 -7816.3432617 -8043.9790039 -7996.3837891 -8017.8339844
-8491.6269531 -8692.2431641 -8582.0908203 -8712.8056641 -8238.7812500 -8370.3144531 -8622.5156250 -8612.1826172 -8114.8740234 -8377.7470703
-8037.8466797 -8318.9863281 -8107.1762695 -8561.0224609 -8246.5917969 -8364.1601562 -8004.1333008 -8244.4541016 -8215.7441406 -8186.7734375
-8196.2509766 -8303.8750000 -8322.5146484 -8543.2988281 -8155.0244141 -8358.5253906 -8256.3945312 -8296.4785156 -8252.0224609 -8063.7519531
-8029.0483398 -8399.8232422 -8170.1074219 -8482.7275391 -8244.0996094 -8342.1054688 -7963.1748047 -8100.7114258 -8184.8789062 -8102.8798828
-7512.4472656 -7898.6401367 -7689.0209961 -8149.2392578 -7758.2026367 -7854.6948242 -7206.3730469 -7677.0605469 -7772.8676758 -7666.2783203
-8780.5703125 -9032.6787109 -8848.7783203 -9220.5800781 -8966.8750000 -9039.5996094 -8594.7705078 -8771.8623047 -8985.5566406 -8949.0703125
-7825.1123047 -8162.7353516 -7795.1010742 -8343.5908203 -8077.3393555 -8137.1132812 -7651.1865234 -8001.6289062 -8163.8793945 -8008.7626953
-8857.0644531 -9008.5253906 -8903.3876953 -9094.3173828 -8964.4072266 -9039.4580078 -8519.6933594 -8841.2509766 -9009.7050781 -8893.2177734
-7983.2485352 -8344.5468750 -8104.6870117 -8555.3144531 -8251.6005859 -8397.4277344 -7691.9848633 -8189.4155273 -8269.6992188 -8217.3837891
-8624.6923828 -8695.4296875 -8723.2578125 -8792.6816406 -8388.4316406 -8448.6220703 -8749.2412109 -8708.0205078 -8259.2695312 -8576.2070312
-8562.0507812 -8739.6845703 -8694.7783203 -8852.1728516 -8281.2851562 -8125.1811523 -8687.3447266 -8673.6875000 -8343.1376953 -8488.5859375
-8952.6289062 -9098.9453125 -9195.5419922 -9520.2685547 -9169.9628906 -9280.7021484 -9125.3652344 -9143.0771484 -9199.0253906 -9098.9404297
-8994.1064453 -9188.3613281 -9049.5087891 -9013.3535156 -8752.7714844 -8828.2812500 -9026.0693359 -8999.1181641 -8856.0673828 -8934.9833984
-8304.6279297 -8556.8095703 -8441.2480469 -8803.2402344 -8497.8583984 -8560.5527344 -8424.1943359 -8439.2021484 -8555.8203125 -8474.6484375
-8617.9755859 -8813.6074219 -8773.1269531 -9004.6015625 -8671.5009766 -8773.6914062 -8684.2880859 -8794.4208984 -8679.2158203 -8583.2714844
-9096.5136719 -9230.7099609 -9139.6044922 -9125.7343750 -8680.1074219 -8822.8281250 -9235.3828125 -9092.5576172 -8909.4921875 -8973.0488281
-8452.6240234 -8608.8554688 -8642.0917969 -8849.6406250 -8497.3291016 -8669.1972656 -8587.9150391 -8622.4853516 -8534.0126953 -8458.6650391
-8450.9228516 -8660.3710938 -8590.7412109 -8573.0312500 -8101.4184570 -8305.3408203 -8556.0224609 -8519.0957031 -8250.4189453 -8371.0048828
-8431.1044922 -8509.4003906 -8598.6601562 -8591.2050781 -8084.5751953 -8003.3857422 -8532.0498047 -8515.6855469 -8197.0898438 -8330.1494141
-8634.7978516 -8630.7519531 -8692.0888672 -8906.3974609 -8626.8730469 -8685.8320312 -8651.9296875 -8709.8378906 -8569.4101562 -8321.9453125
-8337.7871094 -8615.2880859 -8482.8720703 -8583.7363281 -8046.5556641 -7946.2280273 -8531.1298828 -8394.6005859 -8236.0410156 -8368.6142578
-8537.0458984 -8617.6083984 -8729.4062500 -8917.5302734 -8537.3251953 -8619.0966797 -8715.8710938 -8740.6591797 -8522.3085938 -8236.4599609
-7775.6015625 -7985.7543945 -7948.9619141 -7894.6909180 -7487.9218750 -7677.5693359 -7956.4799805 -7932.9316406 -7587.2617188 -7677.5722656
-8483.0771484 -8612.9951172 -8603.6601562 -8682.1669922 -8184.5288086 -8203.5732422 -8643.6884766 -8576.5078125 -8367.4355469 -8506.7294922
-8744.1992188 -8952.7900391 -8877.8554688 -8976.9257812 -8464.6054688 -8525.2919922 -8922.3261719 -8847.8662109 -8641.5859375 -8792.9013672
-8185.7583008 -8376.4033203 -8377.2587891 -8595.2910156 -8247.2021484 -8400.8857422 -8432.4570312 -8311.4726562 -8306.3652344 -8229.7841797
-8217.1376953 -8338.9023438 -8274.2617188 -8384.6679688 -7739.9350586 -7782.6577148 -8370.5996094 -8231.6083984 -7936.0473633 -8061.1352539
-8522.1201172 -8767.1972656 -8575.0859375 -8545.8896484 -8096.6484375 -8168.9140625 -8624.5566406 -8586.7402344 -8318.2050781 -8431.8769531
-7953.8940430 -8158.2363281 -8070.1127930 -8169.5063477 -7686.0986328 -7831.9682617 -8062.8803711 -8003.6518555 -7734.6049805 -7832.2485352
-8729.6318359 -8957.2578125 -8881.8613281 -9050.1015625 -8490.3408203 -8668.6708984 -8908.6884766 -8934.9921875 -8535.1308594 -8756.7167969
-8817.4248047 -8941.0292969 -8931.0292969 -9232.3769531 -8851.9140625 -8925.4472656 -8911.9345703 -8879.6347656 -8770.0136719 -8552.0185547
-8404.7919922 -8552.0302734 -8593.1562500 -8535.9257812 -8218.9765625 -8380.0068359 -8569.9277344 -8502.3105469 -8286.6298828 -8299.6953125
-8054.6284180 -8270.0185547 -8235.7011719 -8423.4296875 -8118.8417969 -8256.3574219 -8221.8710938 -8265.5000000 -8044.0986328 -8031.8017578
