-8380.2636719 -8680.4794922 -8589.9882812 -8830.4511719 -8311.3515625 -8307.4199219 -8540.6005859 -8550.9101562 -8170.6733398 -8426.7402344
-8379.0957031 -8502.0751953 -8462.0224609 -8733.5078125 -8187.4946289 -8306.1083984 -8463.2021484 -8504.1074219 -8094.0751953 -8355.9638672
-8376.8398438 -8556.4970703 -8456.7431641 -8729.8593750 -8422.9140625 -8503.4550781 -8520.1777344 -8493.0869141 -8346.2802734 -8197.9960938
-7819.7763672 -8048.5004883 -7988.5253906 -8482.3173828 -8092.6425781 -8232.0947266 -8000.7763672 -8026.0039062 -8045.4565430 -7910.1860352
-8052.4291992 -8232.1708984 -8183.6801758 -8343.6835938 -7869.7705078 -8000.8583984 -8189.3422852 -8090.7734375 -7900.1035156 -8015.9506836
-8721.3193359 -8895.2441406 -8840.7177734 -8890.3945312 -8454.4042969 -8397.1220703 -8844.0595703 -8839.6503906 -8525.5810547 -8725.9208984
-7956.4907227 -8108.2436523 -8196.1250000 -8422.3076172 -8034.8828125 -8143.3432617 -8230.8974609 -8109.5473633 -7947.7597656 -7803.8417969
-8254.1562500 -8395.6103516 -8528.0039062 -8709.2031250 -8065.5454102 -8181.4375000 -8392.9833984 -8472.4873047 -8031.5908203 -8214.8525391
-8103.8183594 -8249.4619141 -8255.6308594 -8600.4912109 -8143.2534180 -8266.7968750 -8305.1914062 -8204.2285156 -8157.9863281 -7870.4643555
-9045.5908203 -8541.4169922 -9182.4404297 -9446.2275391 -9150.8925781 -9241.8544922 -9214.4179688 -9195.2587891 -9179.3017578 -8983.5273438
-8135.0600586 -8319.9609375 -8287.7070312 -8381.6396484 -7966.0561523 -8020.4389648 -8274.5087891 -8249.1816406 -7919.5913086 -8148.9941406
-7982.1640625 -7603.0297852 -8168.2856445 -8525.3925781 -8066.8691406 -8229.5273438 -8142.3574219 -8151.2377930 -8017.2382812 -8007.5517578
-7889.5317383 -8011.3471680 -8101.1723633 -8548.6035156 -8069.4423828 -8176.1064453 -8085.9321289 -8101.8608398 -8108.9536133 -7982.0449219
-8408.0771484 -8603.5351562 -8428.5195312 -8865.8720703 -8456.0683594 -8495.7480469 -8520.6757812 -8478.3857422 -8488.5253906 -8254.6601562
-8060.7460938 -7711.9350586 -8200.1054688 -8629.9082031 -8120.5927734 -8230.5234375 -8164.8486328 -8182.4707031 -8114.9345703 -8012.2167969
-7995.5556641 -7524.8505859 -8199.2783203 -8560.9970703 -8093.0200195 -8200.3134766 -8053.5258789 -8084.2382812 -8049.8994141 -7937.6391602
-8414.0966797 -8665.5458984 -8647.9873047 -8711.0673828 -8381.1259766 -8396.9960938 -8690.1826172 -8616.8515625 -8205.1298828 -8444.2939453
-7744.7080078 -7394.3964844 -7950.6884766 -8402.1171875 -7919.3730469 -8080.9008789 -7903.0703125 -7953.8334961 -7865.9204102 -7798.6928711
-8515.1337891 -8169.6445312 -8676.7792969 -9086.2861328 -8575.4345703 -8760.7109375 -8616.7539062 -8724.1406250 -8587.6259766 -8460.9951172
-8686.7998047 -8733.7226562 -8820.0751953 -9212.9873047 -8705.3037109 -8782.1767578 -8737.1679688 -8809.3906250 -8665.5302734 -8510.1416016
-8844.7675781 -8969.4326172 -9001.0976562 -9292.3457031 -8944.4140625 -9060.5292969 -8985.8486328 -9072.6982422 -8888.6523438 -8767.4980469
-8642.5048828 -8851.8076172 -8868.8408203 -8943.7910156 -8512.8564453 -8617.3701172 -8785.4912109 -8757.2431641 -8557.6787109 -8648.0976562
-8861.7421875 -8973.8603516 -8980.4638672 -9259.9462891 -8873.5195312 -8864.3828125 -9021.7441406 -8986.6054688 -8854.3154297 -8580.6503906
-8427.2929688 -8600.8349609 -8584.7246094 -8854.0673828 -8449.9121094 -8517.0849609 -8462.1669922 -8582.6230469 -8330.1308594 -8202.1660156
-8739.3408203 -8854.0878906 -8901.4609375 -9029.5126953 -8521.3125000 -8612.5693359 -8871.3203125 -8905.3906250 -8441.4912109 -8720.9082031
-8935.6835938 -9142.5585938 -9134.8857422 -9320.1494141 -8977.0800781 -9060.7685547 -9126.8437500 -9074.1318359 -8906.9892578 -8750.0244141
-8346.1201172 -8222.8046875 -8548.3066406 -8731.0605469 -8410.3769531 -8607.0507812 -8543.0839844 -8518.9726562 -8375.6708984 -8291.2705078
-8894.5537109 -8991.4570312 -8994.6933594 -9309.8613281 -8970.3964844 -9052.1044922 -8965.5322266 -9050.6093750 -8934.4414062 -8734.9228516
-8501.1328125 -8618.2402344 -8669.7216797 -8721.4960938 -8303.3115234 -8417.8593750 -8668.4794922 -8650.7099609 -8160.8535156 -8418.3671875
-8433.6640625 -8567.7207031 -8500.8105469 -8773.7343750 -8285.0537109 -8334.1191406 -8461.6757812 -8514.1064453 -8181.0927734 -8399.5878906
-8269.7099609 -8439.0576172 -8342.7001953 -8791.1796875 -8306.1367188 -8401.3320312 -8387.1044922 -8448.3242188 -8326.4902344 -8182.3725586
-8978.8613281 -9366.8427734 -8930.1591797 -9595.0224609 -9204.6435547 -9302.9248047 -9041.5478516 -9094.3183594 -9205.4687500 -9151.8300781
-8381.3945312 -8712.3417969 -8371.2880859 -8918.7060547 -8627.5322266 -8665.8066406 -8487.4316406 -8506.9326172 -8570.7734375 -8506.1806641
-9104.3681641 -9444.5224609 -9082.7431641 -9627.2763672 -9285.6123047 -9369.2998047 -9193.1601562 -9156.9062500 -9307.1171875 -9266.7304688
-8341.8232422 -8708.1611328 -8411.4052734 -9001.3115234 -8610.7001953 -8628.0195312 -8341.9414062 -8424.8974609 -8483.7236328 -8477.9511719
-7995.7700195 -8349.6806641 -8092.4970703 -8751.5410156 -8322.6250000 -8364.3701172 -8113.1728516 -8144.6679688 -8233.0263672 -8202.6210938
-8399.6318359 -8711.8398438 -8353.5820312 -9018.0664062 -8627.7558594 -8735.4550781 -8477.9033203 -8435.8662109 -8575.2373047 -8536.6914062
-8566.8242188 -8884.4482422 -8304.6611328 -9192.1005859 -8783.1845703 -8758.4755859 -8571.4589844 -8533.6796875 -8724.2333984 -8722.7167969
-8155.5659180 -8496.7011719 -8196.8515625 -8786.9160156 -8415.8818359 -8547.2363281 -8222.0429688 -8327.3886719 -8462.8300781 -8341.2910156
-8395.0107422 -8696.3398438 -8225.8847656 -8945.8789062 -8582.6542969 -8638.1669922 -8380.3037109 -8513.2431641 -8573.1845703 -8473.8750000
-8609.3671875 -8788.1474609 -8570.9306641 -9180.6728516 -8816.8291016 -8833.9658203 -8595.8115234 -8635.7578125 -8790.4160156 -8747.2070312
-8063.6523438 -8408.6455078 -8088.7065430 -8758.4667969 -8351.0429688 -8395.5781250 -8106.5102539 -8198.9736328 -8279.2373047 -8192.6289062
-8122.9301758 -8469.1669922 -8035.6479492 -8783.0458984 -8435.2890625 -8443.1982422 -8292.7568359 -8298.8105469 -8438.3984375 -8377.2070312
-8185.1640625 -8487.3105469 -8219.7363281 -8804.0556641 -8369.9541016 -8414.3212891 -8256.7939453 -8286.6074219 -8442.6083984 -8338.3808594
-8386.4375000 -8785.6591797 -8643.2060547 -9170.2734375 -8643.3251953 -8785.4755859 -8566.9892578 -8656.4404297 -8626.9550781 -8535.8037109
-8186.6699219 -8472.5224609 -8035.9389648 -8906.8271484 -8475.2880859 -8580.7480469 -8234.0673828 -8294.5761719 -8402.1699219 -8334.0439453
-7765.4448242 -8215.2070312 -7821.8784180 -8423.1298828 -8054.8193359 -8014.1557617 -7915.3066406 -7884.1762695 -8091.1489258 -7974.3417969
-8184.5273438 -8542.0732422 -8188.7094727 -8841.2460938 -8505.9541016 -8559.1767578 -8303.3613281 -8270.1718750 -8493.8847656 -8417.0292969
-8559.1298828 -8879.9609375 -8645.1582031 -9072.1679688 -8812.8730469 -8811.7050781 -8613.0585938 -8679.3320312 -8803.9072266 -8752.1308594
-8178.1494141 -8483.9853516 -8123.9423828 -8799.2255859 -8436.3789062 -8512.7568359 -8211.3984375 -8294.2988281 -8297.7128906 -8303.9716797
-7779.0839844 -8165.6206055 -7639.3657227 -8339.4736328 -7915.1127930 -7925.9375000 -7784.7905273 -7798.5805664 -7899.8666992 -7948.9345703
-7763.0673828 -8040.3129883 -7773.3642578 -8334.5810547 -7922.0322266 -7992.1645508 -7842.0136719 -7841.1948242 -7918.1904297 -7910.2001953
-8208.4873047 -7808.2177734 -8365.3486328 -8614.6523438 -8277.6640625 -8444.2958984 -8392.0312500 -8488.4296875 -8345.9912109 -8101.4755859
-8999.6513672 -9033.5703125 -9142.9218750 -9239.4404297 -8825.3847656 -8928.7294922 -9047.5820312 -9186.3916016 -8733.5634766 -8944.5449219
-9101.8320312 -9283.0966797 -9042.1259766 -9445.8994141 -9152.7080078 -9240.0332031 -9085.9863281 -9117.4990234 -9194.6562500 -9173.5097656
-8535.4814453 -8633.9736328 -8650.8896484 -9002.5166016 -8548.7451172 -8622.9248047 -8599.0273438 -8683.4355469 -8504.9072266 -8461.5214844
-8568.0634766 -8217.8154297 -8710.0205078 -9104.0107422 -8595.5166016 -8810.4648438 -8711.8759766 -8798.8623047 -8626.1591797 -8568.7998047
-8767.6972656 -8914.1123047 -8943.5244141 -9198.9130859 -8725.5615234 -8822.1279297 -8947.6884766 -8855.4804688 -8643.9091797 -8701.3730469
-9181.4384766 -9326.0244141 -9309.4902344 -9510.1074219 -9159.4794922 -9285.6767578 -9200.2871094 -9237.1884766 -9230.6376953 -9055.3720703
-8424.4326172 -8687.6484375 -8451.0488281 -8665.6474609 -8031.7026367 -8124.1713867 -8526.3349609 -8421.7617188 -8222.8369141 -8433.0253906
-8545.7861328 -8176.1625977 -8748.8261719 -8924.2851562 -8645.6162109 -8787.7187500 -8623.9062500 -8656.3457031 -8630.0830078 -8483.8154297
-8845.8007812 -9064.4667969 -8951.3740234 -9069.8554688 -8582.4833984 -8664.2216797 -8920.6972656 -8876.6933594 -8525.7314453 -8769.1435547
-8406.4091797 -8528.9072266 -8477.1445312 -8813.7871094 -8393.0576172 -8524.8896484 -8406.0703125 -8488.1308594 -8368.7441406 -8247.0410156
-8774.8632812 -8998.6601562 -8787.2285156 -9300.0361328 -8933.4550781 -9017.4384766 -8730.4775391 -8841.5605469 -8885.2607422 -8896.6474609
-8843.3076172 -9015.1347656 -8666.4453125 -9281.7490234 -9051.5849609 -9156.1376953 -8876.0195312 -8937.2441406 -8976.3486328 -8944.0205078
-8508.2285156 -8539.5576172 -8697.0771484 -9057.6904297 -8632.2666016 -8739.4082031 -8708.9072266 -8701.3593750 -8623.2851562 -8556.6113281
-8785.2802734 -8903.1220703 -8869.3193359 -9108.0605469 -8676.2587891 -8786.3300781 -8910.3681641 -8902.8476562 -8564.7011719 -8768.1464844
-8712.7246094 -8990.0664062 -8742.6621094 -9260.0605469 -8928.9843750 -9028.1279297 -8713.2490234 -8795.0869141 -8905.3583984 -8827.7919922
-8061.0292969 -7846.2783203 -8220.7705078 -8679.5722656 -8299.2148438 -8314.4033203 -8239.7861328 -8250.9599609 -8182.3525391 -8131.9921875
-8689.7636719 -8932.2617188 -8731.1621094 -9132.6904297 -8883.4072266 -8981.9677734 -8599.3281250 -8841.8232422 -8821.2812500 -8829.3574219
-8764.0097656 -9023.4619141 -8817.2597656 -9287.4326172 -8924.1992188 -8956.4853516 -8804.2675781 -8844.7392578 -8883.8671875 -8836.0371094
-8692.4169922 -8851.1923828 -8705.6542969 -9176.9697266 -8776.2392578 -8873.8203125 -8669.6240234 -8811.0869141 -8822.0263672 -8738.8583984
-8309.1982422 -8445.5615234 -8473.3876953 -8698.7197266 -8223.8320312 -8247.8095703 -8482.8876953 -8578.0332031 -8088.6054688 -8291.0068359
-8559.3037109 -8697.8632812 -8737.1083984 -8915.0761719 -8338.2998047 -8419.7148438 -8728.4707031 -8719.3496094 -8266.9980469 -8479.2988281
-7937.5073242 -8257.3134766 -7991.0307617 -8540.7558594 -8079.1152344 -8134.4658203 -7888.9990234 -8051.1372070 -8028.2519531 -8028.2709961
-8415.1123047 -8674.5869141 -8591.2285156 -8738.6513672 -8200.9785156 -8327.3544922 -8563.2333984 -8533.6406250 -8221.3095703 -8468.7441406
-8132.2636719 -8484.6259766 -8078.5703125 -8777.2880859 -8352.6962891 -8477.6972656 -8109.9877930 -8222.2558594 -8216.9736328 -8299.3066406
-8088.0815430 -8242.3808594 -8162.9741211 -8579.6328125 -8115.1484375 -8147.1757812 -8168.7597656 -8190.8969727 -8073.2314453 -7960.8491211
-7994.2509766 -8130.7280273 -7982.1572266 -8533.9501953 -8161.6899414 -8228.2851562 -7917.7597656 -8070.1850586 -8127.2656250 -8030.0683594
-7642.3950195 -7848.1953125 -7702.7011719 -8267.8125000 -7775.4018555 -7827.0571289 -7294.4746094 -7639.0249023 -7739.5937500 -7705.8530273
-8941.8212891 -9172.1748047 -9018.9667969 -9367.7539062 -9130.5234375 -9219.4296875 -8692.7675781 -9075.5849609 -9135.6552734 -9082.8310547
-7878.9370117 -8200.0468750 -7935.0229492 -8572.2822266 -8134.5512695 -8277.8984375 -7970.9843750 -8033.9453125 -8158.9731445 -8020.9306641
-9094.7685547 -9378.1044922 -9079.4589844 -9592.4570312 -9303.4677734 -9332.0722656 -8813.5322266 -9150.0068359 -9186.0253906 -9195.8720703
-8202.7910156 -8458.5029297 -8341.8769531 -8860.3496094 -8418.3076172 -8443.8681641 -7989.2192383 -8345.9921875 -8404.6845703 -8280.3701172
-8549.7861328 -8893.9238281 -8766.4316406 -8959.4462891 -8564.5566406 -8596.0957031 -8741.9238281 -8720.2285156 -8453.9414062 -8691.8945312
-8455.5068359 -8547.3408203 -8515.1386719 -8712.6894531 -8172.7539062 -8043.2485352 -8536.4550781 -8537.6865234 -8252.4599609 -8448.7324219
-9169.8505859 -9314.4814453 -9318.0732422 -9638.1630859 -9375.1005859 -9409.7763672 -9263.8330078 -9347.5029297 -9293.5732422 -9232.4531250
-9264.0449219 -9450.0634766 -9326.4833984 -9353.2939453 -9014.7509766 -9075.9257812 -9412.9492188 -9209.6533203 -9167.7285156 -9177.6357422
-8388.3457031 -8630.0156250 -8553.0488281 -9093.8437500 -8582.7841797 -8680.2656250 -8581.1806641 -8542.5937500 -8534.6484375 -8549.6533203
-8917.2783203 -9110.0546875 -9016.6406250 -9240.8652344 -8875.2519531 -8902.4941406 -9024.1181641 -9026.4785156 -8897.1894531 -8765.2167969
-9210.2822266 -9346.8857422 -9350.7343750 -9499.2529297 -8913.3212891 -9015.4697266 -9339.9580078 -9303.8076172 -9146.2880859 -9154.7041016
-8613.0634766 -8845.9365234 -8761.5439453 -9120.2021484 -8694.9179688 -8724.5927734 -8763.5644531 -8797.2041016 -8596.4707031 -8548.8769531
-8667.6621094 -8737.4960938 -8742.6289062 -8651.0097656 -8355.9511719 -8475.0664062 -8693.2519531 -8766.2675781 -8445.9658203 -8522.2099609
-8633.5976562 -8838.8339844 -8736.4453125 -8918.4501953 -8389.6455078 -8162.6323242 -8726.4628906 -8782.3613281 -8460.0039062 -8616.2099609
-8669.6162109 -8789.3398438 -8736.0273438 -9232.9648438 -8627.4775391 -8752.8320312 -8785.5673828 -8822.2138672 -8618.9550781 -8536.8242188
-8642.8505859 -8821.1230469 -8735.9462891 -8959.7607422 -8346.5507812 -8183.2753906 -8851.5068359 -8746.4599609 -8485.7656250 -8691.8994141
-8549.6601562 -8688.1054688 -8719.5595703 -8956.6933594 -8660.2041016 -8828.8017578 -8721.8632812 -8696.6376953 -8642.2998047 -8325.5839844
-7907.5859375 -8160.7294922 -8080.8989258 -8190.6157227 -7631.6909180 -7863.1655273 -8028.4262695 -8080.1425781 -7748.0937500 -7897.1914062
-8646.6972656 -8845.4062500 -8705.0585938 -8820.6865234 -8288.4892578 -8380.5429688 -8718.1914062 -8734.2978516 -8461.9179688 -8641.7666016
-9001.5869141 -9110.7792969 -9034.0146484 -9111.6630859 -8722.7636719 -8766.8291016 -9090.1777344 -9073.7587891 -8763.7246094 -8954.2646484
-8288.5966797 -8511.4443359 -8517.3935547 -8822.5185547 -8335.3857422 -8502.2871094 -8438.0146484 -8441.7949219 -8353.1230469 -8231.7470703
-8491.5244141 -8661.4775391 -8562.7285156 -8641.3125000 -8048.9609375 -8072.4379883 -8609.7519531 -8642.2226562 -8273.2626953 -8439.7392578
-8631.7412109 -8831.6074219 -8623.2734375 -8690.8476562 -8268.2675781 -8289.7490234 -8804.3115234 -8701.1933594 -8468.0312500 -8648.9267578
-7902.9848633 -7989.7407227 -7996.5258789 -8071.7866211 -7649.9067383 -7842.3466797 -8019.8554688 -8041.2988281 -7710.3540039 -7897.7485352
-8857.6132812 -9009.8632812 -8906.2744141 -9189.0458984 -8627.1787109 -8753.5087891 -8950.8437500 -8927.6503906 -8665.8085938 -8867.0615234
-8845.0703125 -8932.8593750 -9031.8164062 -9229.3798828 -8868.7333984 -8889.5449219 -9029.0009766 -8957.4462891 -8877.1513672 -8580.6630859
-8859.1669922 -8969.8398438 -8921.6015625 -8892.0517578 -8644.1494141 -8755.9492188 -8990.9697266 -8972.7197266 -8667.7744141 -8746.8496094
-8099.2294922 -8346.4326172 -8157.3051758 -8639.5917969 -8205.9667969 -8323.1396484 -8121.0361328 -8272.7910156 -8245.6250000 -8048.9721680
