-8149.5537109 -8323.5312500 -8306.3378906 -8394.3769531 -7998.1953125 -8041.5952148 -8323.2675781 -8255.8671875 -7851.1220703 -8224.7519531
-8223.0527344 -8423.4238281 -8379.8076172 -8490.8232422 -8118.9492188 -8159.6049805 -8402.1718750 -8259.0771484 -7962.1313477 -8177.4853516
-8155.2631836 -8318.6689453 -8328.0195312 -8487.4062500 -8203.3671875 -8313.4121094 -8344.9287109 -8299.7441406 -8232.9082031 -7997.4077148
-7749.0043945 -7933.6005859 -7853.0292969 -8437.2558594 -8059.3442383 -8197.9189453 -7930.5156250 -7981.5903320 -8019.4550781 -7873.4580078
-8020.2314453 -8177.0424805 -8128.4135742 -8276.2705078 -7794.6938477 -7850.2797852 -8266.3242188 -8064.0776367 -7756.5405273 -8076.2192383
-8416.4970703 -8633.2587891 -8574.0419922 -8632.6201172 -8150.8720703 -8100.9018555 -8646.9082031 -8494.6015625 -8274.8847656 -8447.9033203
-7737.1694336 -7919.7773438 -7909.9501953 -8231.1464844 -7876.9125977 -8034.3159180 -7816.2080078 -7887.9052734 -7841.1928711 -7576.6801758
-7934.1884766 -8135.5976562 -8080.2646484 -8178.5747070 -7791.1889648 -7863.0922852 -8097.0131836 -8058.5400391 -7652.9506836 -7946.7915039
-8045.1240234 -8170.1611328 -8240.7519531 -8451.6250000 -8113.5859375 -8244.1171875 -8139.5131836 -8208.7041016 -8150.0107422 -7733.3022461
-8761.7685547 -8332.1660156 -8885.1962891 -9065.4189453 -8889.4316406 -8986.8076172 -8789.3476562 -8839.6347656 -8746.9199219 -8665.4658203
-7812.8627930 -8030.2958984 -7987.8999023 -8143.8417969 -7676.5312500 -7789.4853516 -8013.7773438 -7934.5795898 -7549.4628906 -7810.3666992
-7693.7778320 -7344.5966797 -7871.7250977 -8047.9951172 -7845.7656250 -7952.8325195 -7864.4511719 -7881.0683594 -7779.7163086 -7744.5458984
-7921.8676758 -8077.9130859 -8151.1499023 -8505.3945312 -8145.2792969 -8297.5166016 -8110.6738281 -8142.0366211 -8144.3823242 -8024.3906250
-8075.1469727 -8064.9648438 -8110.3754883 -8344.1875000 -8026.5737305 -8173.7153320 -8174.6479492 -8069.5170898 -8111.6093750 -7800.6665039
-7759.7109375 -7489.6796875 -7988.5566406 -8203.5751953 -7896.2299805 -8044.7597656 -7984.0986328 -7955.0444336 -7867.4736328 -7797.2661133
-7873.2163086 -7489.4467773 -8041.0512695 -8207.2568359 -8013.4482422 -8140.2304688 -8133.7182617 -8040.3706055 -7976.3857422 -7875.7934570
-7966.2382812 -8075.0415039 -8048.4716797 -8190.7211914 -7825.1342773 -7821.6508789 -8069.3681641 -8028.8041992 -7658.1142578 -7959.2812500
-7452.7905273 -7129.7705078 -7613.9536133 -7962.6142578 -7499.4208984 -7683.1088867 -7606.1875000 -7594.7060547 -7513.2270508 -7455.4536133
-8155.0161133 -7766.2304688 -8286.5732422 -8605.0957031 -8321.5478516 -8415.1875000 -8263.3720703 -8318.3173828 -8263.4062500 -8152.8354492
-8484.7236328 -8445.2509766 -8651.7890625 -8950.2099609 -8645.8828125 -8739.2480469 -8550.9726562 -8759.6416016 -8499.7880859 -8315.6738281
-8619.2744141 -8753.9199219 -8754.7060547 -8944.7529297 -8771.8505859 -8869.5986328 -8703.0126953 -8780.6113281 -8720.1650391 -8484.4062500
-8500.3398438 -8658.8203125 -8624.5283203 -8676.0634766 -8245.3955078 -8414.9580078 -8590.5712891 -8516.7167969 -8270.9101562 -8443.0439453
-8522.1660156 -8665.7568359 -8638.5859375 -8777.8300781 -8478.8154297 -8551.2382812 -8662.1728516 -8570.0498047 -8507.2275391 -8360.6376953
-8467.6601562 -8513.9843750 -8615.4794922 -8795.3173828 -8580.5517578 -8692.2255859 -8650.0742188 -8596.2519531 -8490.1816406 -8225.9716797
-8008.6914062 -8199.5087891 -8089.5512695 -8290.8837891 -7842.9150391 -7931.9653320 -8070.7436523 -8139.4042969 -7754.6635742 -7974.4321289
-8448.2988281 -8526.1699219 -8591.3037109 -8786.0839844 -8495.2275391 -8576.9804688 -8548.8300781 -8600.9326172 -8563.2978516 -8212.6162109
-7866.9941406 -7773.4936523 -8062.8662109 -8364.6992188 -8044.4765625 -8159.5185547 -8024.1630859 -8046.6225586 -8031.2373047 -7835.8613281
-8441.3330078 -8557.8056641 -8550.6464844 -8772.4013672 -8486.5107422 -8623.3837891 -8543.2880859 -8538.3056641 -8481.8095703 -8389.4189453
-8254.6064453 -8345.5927734 -8334.5849609 -8470.1748047 -8148.9550781 -8199.7236328 -8440.5810547 -8313.8251953 -7939.8315430 -8277.7900391
-8268.6083984 -8467.0615234 -8391.8378906 -8435.8408203 -8055.0898438 -8139.0849609 -8389.1210938 -8348.8310547 -7959.0170898 -8247.7246094
-8001.9785156 -8243.3164062 -8184.4458008 -8359.6523438 -8112.0493164 -8194.1933594 -8104.6191406 -8143.4038086 -8057.5502930 -7926.5097656
-8829.4960938 -9029.5361328 -8823.7421875 -9227.0644531 -9001.1923828 -9086.0449219 -8969.0654297 -8860.6494141 -9055.4785156 -9006.7968750
-8025.4169922 -8243.6064453 -7879.2485352 -8612.4248047 -8141.3730469 -8270.2666016 -8055.3999023 -8061.0541992 -8147.1831055 -8087.3613281
-8716.9169922 -8948.7294922 -8707.7333984 -9215.6494141 -8891.7675781 -8977.5166016 -8759.0429688 -8741.0429688 -8822.9169922 -8798.1494141
-8231.6523438 -8581.3427734 -8268.2460938 -8759.3925781 -8435.5087891 -8507.9628906 -8206.1113281 -8311.9941406 -8429.9902344 -8346.2333984
-7992.8422852 -8269.3867188 -7933.4316406 -8483.1123047 -8154.5532227 -8348.0595703 -8030.8437500 -8049.9794922 -8160.1948242 -8112.2548828
-8120.3437500 -8409.9687500 -8135.6196289 -8707.4082031 -8374.4980469 -8433.2939453 -8278.0751953 -8212.3632812 -8359.2695312 -8278.5517578
-8247.0146484 -8455.5986328 -8152.8017578 -8661.3554688 -8408.3808594 -8496.8339844 -8277.3369141 -8345.2802734 -8449.0537109 -8404.0986328
-7976.9755859 -8245.6572266 -7919.3793945 -8599.3798828 -8236.1240234 -8367.1552734 -8056.4643555 -8053.3496094 -8220.8115234 -8115.8378906
-8252.2138672 -8605.8105469 -8087.4418945 -8796.5185547 -8480.3183594 -8558.3437500 -8350.5507812 -8306.3554688 -8488.7714844 -8377.9970703
-8437.5546875 -8790.5048828 -8417.1240234 -8976.3359375 -8597.0498047 -8811.7607422 -8598.3574219 -8520.7783203 -8651.2919922 -8595.0224609
-8095.9516602 -8373.4931641 -8081.9389648 -8570.5273438 -8282.9804688 -8401.4873047 -8150.9711914 -8190.4565430 -8297.3056641 -8242.4052734
-7848.2421875 -8194.0156250 -7856.0854492 -8431.7587891 -8130.9511719 -8174.0522461 -7995.7944336 -7979.7275391 -8136.9091797 -8106.2807617
-7920.9545898 -8134.0874023 -7908.1718750 -8450.7685547 -8049.6367188 -8128.3891602 -8002.7651367 -8008.1889648 -8065.1347656 -8001.7001953
-8063.9296875 -8299.0664062 -8258.2968750 -8589.6386719 -8249.2763672 -8357.4521484 -8292.5546875 -8227.4775391 -8228.4560547 -8179.8642578
-7749.7768555 -8026.3642578 -7665.1147461 -8295.8398438 -7904.7900391 -8060.9707031 -7712.7182617 -7869.2011719 -8008.6015625 -7862.3999023
-7907.0571289 -8222.9365234 -7797.0537109 -8406.1738281 -8099.3593750 -8104.6093750 -7944.4765625 -7901.8271484 -8170.5517578 -8068.0039062
-8133.0312500 -8476.8671875 -8049.3730469 -8789.0039062 -8449.5908203 -8509.7988281 -8202.7158203 -8142.0146484 -8440.6328125 -8331.2773438
-8094.9575195 -8404.0771484 -8117.2441406 -8613.0019531 -8387.2509766 -8423.6699219 -8215.1220703 -8206.8554688 -8354.6601562 -8286.5732422
-7580.8569336 -7874.4462891 -7624.3432617 -8133.8964844 -7838.0009766 -7946.8310547 -7721.3334961 -7756.0551758 -7782.8598633 -7749.0068359
-7673.0644531 -8018.8300781 -7692.9384766 -8108.4291992 -7847.7949219 -7880.0673828 -7806.4150391 -7782.1767578 -7871.4301758 -7867.6445312
-7295.8530273 -7560.4589844 -7218.1865234 -7847.0522461 -7460.4321289 -7559.7651367 -7412.7846680 -7294.0302734 -7474.3354492 -7427.0473633
-7835.8750000 -7358.7773438 -7969.4848633 -8262.4726562 -7983.5126953 -8118.8818359 -7946.5166016 -8003.0913086 -7922.2773438 -7801.3793945
-8554.8994141 -8703.0302734 -8650.8291016 -8749.5410156 -8385.2578125 -8341.4941406 -8679.7500000 -8575.1367188 -8282.9716797 -8504.2587891
-8797.8251953 -8909.4853516 -8812.3779297 -9195.7177734 -8889.3085938 -9008.5107422 -8684.1455078 -8849.1328125 -8922.9082031 -8830.6220703
-8092.6469727 -8270.5556641 -8266.7285156 -8464.2998047 -8110.3022461 -8245.0244141 -8187.7700195 -8198.7451172 -8079.5351562 -8073.3271484
-8135.4443359 -7842.1318359 -8242.6259766 -8488.9033203 -8265.3251953 -8334.7871094 -8283.6074219 -8287.1943359 -8271.4599609 -8167.3916016
-8545.8964844 -8730.3808594 -8688.3066406 -8763.7431641 -8417.4462891 -8556.7656250 -8718.0917969 -8581.0146484 -8342.6044922 -8498.7763672
-8946.8593750 -9075.2753906 -9061.3632812 -9222.7128906 -9000.4189453 -9087.3837891 -9076.9892578 -9017.0000000 -8923.3437500 -8816.7832031
-8289.8183594 -8530.9316406 -8325.3945312 -8434.8662109 -7785.9746094 -7958.8925781 -8469.3925781 -8354.8027344 -8095.8110352 -8288.9843750
-8180.7231445 -7848.3618164 -8365.5234375 -8701.5576172 -8441.7558594 -8517.2949219 -8400.8525391 -8399.9345703 -8343.8632812 -8253.3691406
-8458.3837891 -8551.7460938 -8451.3525391 -8634.8564453 -8310.5800781 -8297.9638672 -8591.5136719 -8478.2177734 -8102.3442383 -8387.8417969
-8058.1450195 -8167.1352539 -8230.1718750 -8440.2470703 -8109.2851562 -8229.0888672 -8099.9189453 -8249.3681641 -8048.3022461 -8007.5605469
-8618.9951172 -8923.7773438 -8634.6406250 -8933.7412109 -8764.2626953 -8833.1083984 -8552.5302734 -8773.7998047 -8803.6640625 -8719.3427734
-8709.8525391 -8899.5078125 -8575.4658203 -9104.9726562 -8849.0937500 -8925.4804688 -8690.6181641 -8772.7333984 -8831.2304688 -8797.0166016
-8229.4316406 -8363.2402344 -8451.7060547 -8718.5302734 -8528.6738281 -8626.7656250 -8367.4843750 -8492.1328125 -8529.5312500 -8300.8955078
-8554.9570312 -8785.3906250 -8760.7714844 -8874.6552734 -8521.7031250 -8567.8427734 -8776.1591797 -8705.3359375 -8373.7070312 -8601.6201172
-8493.0839844 -8689.1962891 -8509.3408203 -8829.3378906 -8701.1875000 -8780.0595703 -8394.0361328 -8555.9482422 -8658.2333984 -8597.9082031
-8154.3149414 -7788.8281250 -8330.0800781 -8691.8886719 -8341.8642578 -8491.8222656 -8339.5615234 -8404.3017578 -8333.5136719 -8208.2939453
-8369.0458984 -8602.7958984 -8331.5810547 -8777.8857422 -8528.8671875 -8663.3808594 -8351.0302734 -8389.0957031 -8463.3232422 -8456.0654297
-8535.0390625 -8693.5205078 -8660.6503906 -9030.7177734 -8692.3955078 -8724.5527344 -8512.6357422 -8557.6865234 -8732.3701172 -8584.2861328
-8250.2187500 -8482.4375000 -8290.7636719 -8627.1162109 -8404.7421875 -8465.2812500 -8225.4160156 -8315.6533203 -8397.7158203 -8363.3720703
-8116.7167969 -8175.6479492 -8195.9863281 -8245.7343750 -7888.0932617 -7976.2290039 -8167.2773438 -8145.0502930 -7816.1025391 -8012.8627930
-8347.4531250 -8544.6894531 -8497.7099609 -8610.4902344 -8190.9350586 -8229.9755859 -8489.7607422 -8526.4794922 -8074.7260742 -8369.1777344
-7590.4951172 -8003.5131836 -7697.2695312 -8180.3876953 -7961.6918945 -8054.6469727 -7675.5717773 -7784.1176758 -8010.4624023 -7831.3408203
-8307.3632812 -8490.3222656 -8473.9462891 -8512.9042969 -8109.8095703 -8117.3574219 -8481.0537109 -8426.6484375 -8007.5932617 -8277.1220703
-7992.2011719 -8284.8925781 -8069.5546875 -8537.8564453 -8177.2060547 -8331.8437500 -7977.9379883 -8057.2348633 -8184.6323242 -8157.3623047
-7743.6191406 -7981.2910156 -8029.5864258 -8268.7822266 -7837.3881836 -7963.7280273 -7915.4257812 -7955.9472656 -7857.2778320 -7729.9067383
-7621.6376953 -7728.3217773 -7558.2226562 -8153.5458984 -7765.0371094 -7900.0024414 -7541.3193359 -7704.1948242 -7797.5996094 -7750.0444336
-7738.7319336 -8038.8496094 -7743.1391602 -8274.5185547 -7932.9570312 -8145.9711914 -7341.3144531 -7811.3178711 -7987.7421875 -7900.3193359
-8636.5712891 -8874.0273438 -8648.8750000 -8964.0644531 -8783.7939453 -8890.6962891 -8437.0234375 -8619.7587891 -8795.1835938 -8793.7275391
-7650.1953125 -7814.4584961 -7678.1630859 -8115.3632812 -7713.4042969 -7869.7036133 -7619.4140625 -7776.1513672 -7827.9414062 -7752.0644531
-8784.0175781 -8975.4843750 -8850.5351562 -9271.8525391 -8998.3369141 -9051.8798828 -8571.9921875 -8912.2070312 -8960.6718750 -8908.7148438
-8013.8535156 -8287.8076172 -8017.1093750 -8480.9628906 -8214.8574219 -8346.8955078 -7894.8632812 -8081.2548828 -8201.8056641 -8151.1030273
-8622.3662109 -8702.3984375 -8717.2480469 -8736.6591797 -8495.5654297 -8527.4843750 -8734.3261719 -8741.8789062 -8345.0742188 -8680.7460938
-8531.1435547 -8652.2265625 -8578.6318359 -8681.4277344 -8188.1977539 -8082.2617188 -8589.1542969 -8596.9218750 -8292.9453125 -8522.8857422
-8834.6220703 -9065.1337891 -9066.7734375 -9347.9423828 -9075.5039062 -9206.5654297 -8996.7802734 -9010.0625000 -9093.0468750 -8912.1113281
-9061.6582031 -9175.4550781 -9042.7705078 -9076.1718750 -8785.7011719 -8787.8603516 -9094.9931641 -9073.6552734 -8875.5087891 -9014.0029297
-8139.0107422 -8407.8593750 -8244.3828125 -8648.8505859 -8401.2539062 -8493.2548828 -8279.0302734 -8265.2304688 -8396.4228516 -8301.3037109
-8756.6044922 -8908.4160156 -8929.9609375 -9155.8603516 -8858.8740234 -8942.1523438 -8960.1933594 -8895.7099609 -8868.9355469 -8765.6152344
-8876.7138672 -9108.4628906 -8926.7519531 -8903.7041016 -8518.7509766 -8583.2861328 -8948.4228516 -8868.5273438 -8746.0888672 -8892.0507812
-8267.5947266 -8388.9824219 -8442.1269531 -8686.3662109 -8358.3037109 -8463.9501953 -8385.4365234 -8384.1455078 -8274.8652344 -8243.8535156
-8163.0737305 -8261.1679688 -8240.4804688 -8340.4560547 -7914.8901367 -8047.6196289 -8210.8232422 -8182.2924805 -7933.2646484 -8058.3876953
-8382.4794922 -8506.0683594 -8479.8886719 -8503.2392578 -8042.3525391 -7845.5805664 -8453.1865234 -8412.4638672 -8124.1289062 -8335.6835938
-8480.7177734 -8646.4121094 -8602.1103516 -8777.9541016 -8536.4365234 -8629.1152344 -8635.7998047 -8558.5751953 -8510.8681641 -8320.0087891
-8386.7363281 -8581.1865234 -8507.2402344 -8607.3623047 -8117.2602539 -7957.6591797 -8564.4619141 -8405.4648438 -8194.9853516 -8472.7285156
-8347.8251953 -8481.9462891 -8475.7470703 -8656.6220703 -8386.7568359 -8519.1972656 -8417.9023438 -8444.7236328 -8334.0800781 -8224.4013672
-7745.2998047 -7801.9365234 -7899.9121094 -7896.0317383 -7461.4882812 -7557.4741211 -7866.5312500 -7858.3457031 -7427.3339844 -7651.3950195
-8418.1552734 -8571.8828125 -8537.7412109 -8597.8085938 -8086.1528320 -8169.3950195 -8540.7529297 -8474.5156250 -8217.2099609 -8393.3027344
-8748.0957031 -8800.8144531 -8822.9433594 -8843.8671875 -8424.7822266 -8429.2265625 -8846.4287109 -8790.0058594 -8500.4326172 -8697.1083984
-8009.9594727 -8278.7626953 -8203.2558594 -8420.5449219 -8131.4003906 -8196.5244141 -8135.4848633 -8188.8452148 -8087.3374023 -8007.4272461
-8237.7666016 -8373.4238281 -8279.1552734 -8337.5927734 -7737.8808594 -7807.3227539 -8330.8632812 -8283.2812500 -7906.8754883 -8214.8378906
-8536.9775391 -8792.6308594 -8607.6298828 -8595.6357422 -8239.5761719 -8123.4345703 -8664.4179688 -8512.4179688 -8277.6103516 -8479.2373047
-7945.3881836 -8114.4160156 -8088.8032227 -8061.3999023 -7714.5488281 -7866.7133789 -8101.8740234 -8020.5996094 -7778.1684570 -7930.2065430
-8733.9746094 -8831.2763672 -8806.3310547 -8833.4550781 -8470.4335938 -8538.4501953 -8905.9658203 -8788.5517578 -8483.9306641 -8728.6025391
-8611.9414062 -8758.8964844 -8850.7382812 -9009.2216797 -8665.5498047 -8736.4824219 -8761.5673828 -8773.0957031 -8665.7070312 -8424.6992188
-8494.5947266 -8597.6933594 -8555.5058594 -8501.6806641 -8255.1347656 -8318.2128906 -8581.8183594 -8489.5957031 -8222.0664062 -8435.8125000
-7748.8549805 -8032.8647461 -7997.1801758 -8251.8349609 -7931.0673828 -8057.6562500 -8031.3461914 -7964.1547852 -7924.4174805 -7784.1015625
