-8442.9833984 -8629.0957031 -8621.2724609 -8596.3095703 -8237.9472656 -8378.7285156 -8650.6279297 -8601.9531250 -8135.7592773 -8403.0908203
-8408.9042969 -8434.2724609 -8605.0205078 -8567.9960938 -8255.0507812 -8355.7314453 -8584.2646484 -8514.5146484 -8144.1420898 -8370.2070312
-8295.5410156 -8467.9599609 -8472.7177734 -8630.4375000 -8348.0068359 -8507.5009766 -8498.4228516 -8500.1152344 -8396.9667969 -8210.1513672
-7949.2426758 -8173.0615234 -8153.3491211 -8586.3906250 -8147.8574219 -8302.9023438 -8125.8139648 -8142.2504883 -8221.5888672 -8018.1459961
-8071.6713867 -8176.9106445 -8357.8730469 -8364.5234375 -7891.5092773 -8042.9013672 -8226.0078125 -8269.3808594 -7959.3383789 -8099.0742188
-8484.0097656 -8588.3652344 -8643.6201172 -8730.4296875 -8303.5966797 -8145.9204102 -8661.1708984 -8658.9042969 -8323.6484375 -8500.1230469
-7612.0771484 -7763.5146484 -7832.8266602 -7970.3100586 -7662.3452148 -7872.2680664 -7837.7480469 -7781.2656250 -7708.6870117 -7472.0361328
-8239.8632812 -8285.5048828 -8446.1787109 -8427.6650391 -7992.6401367 -8061.8608398 -8374.0820312 -8372.0107422 -7914.6274414 -8207.5976562
-8167.7309570 -8352.1816406 -8283.3574219 -8404.1650391 -8136.4760742 -8184.8002930 -8360.6298828 -8264.1113281 -8134.0864258 -7878.0585938
-8915.4365234 -8635.2080078 -9070.8867188 -9191.9833984 -8999.2128906 -9081.9628906 -9026.6123047 -9031.8203125 -9062.9414062 -8896.4746094
-8111.6123047 -8238.1132812 -8284.9472656 -8307.6142578 -7977.1372070 -8135.2680664 -8361.1474609 -8211.0205078 -7844.9936523 -8077.8452148
-7780.5092773 -7441.6083984 -8032.1806641 -8192.3945312 -7930.5219727 -8031.1523438 -8094.4091797 -7935.8164062 -7936.1455078 -7901.0712891
-7904.4956055 -8050.6484375 -8104.2495117 -8419.2460938 -8113.0141602 -8195.2500000 -8047.2939453 -8130.6401367 -8114.1713867 -7963.4946289
-8217.5312500 -8337.6728516 -8245.6279297 -8320.3027344 -8150.4833984 -8169.0561523 -8331.4375000 -8210.1542969 -8301.6513672 -7928.0571289
-8089.6323242 -7771.8271484 -8329.8876953 -8513.4980469 -8153.9174805 -8300.2734375 -8271.5380859 -8275.1533203 -8238.9755859 -8103.4082031
-8113.1259766 -7610.6767578 -8301.8115234 -8471.2294922 -8139.1577148 -8258.7880859 -8200.3339844 -8231.8740234 -8055.5644531 -8138.2089844
-8085.0444336 -8223.3007812 -8263.2509766 -8343.9150391 -7940.6645508 -8027.0581055 -8333.5751953 -8258.4101562 -7837.6049805 -8086.4438477
-7969.6879883 -7641.8027344 -8297.6562500 -8464.1699219 -8247.5966797 -8398.8574219 -8302.9677734 -8194.3906250 -8185.4731445 -8115.8466797
-8235.3505859 -8039.2485352 -8505.4970703 -8639.7490234 -8385.6269531 -8514.6474609 -8448.6308594 -8415.4521484 -8451.1718750 -8354.4394531
-8418.9189453 -8547.7451172 -8454.6210938 -8711.4755859 -8519.8867188 -8603.8457031 -8655.2714844 -8574.5361328 -8434.1640625 -8286.4179688
-8684.4375000 -8847.0478516 -8854.2255859 -8981.4179688 -8740.6962891 -8854.6718750 -8885.8916016 -8901.5917969 -8743.3847656 -8589.8457031
-8735.6621094 -8915.1552734 -8903.0576172 -8977.0361328 -8682.2900391 -8817.6748047 -8877.6240234 -8856.1093750 -8675.2958984 -8833.9941406
-8900.3193359 -9031.8837891 -8925.5166016 -9147.3466797 -8893.1865234 -8967.9951172 -9071.6132812 -8974.5146484 -8906.2265625 -8744.2695312
-8452.0361328 -8643.8427734 -8646.2802734 -8707.2695312 -8451.5908203 -8657.8388672 -8656.9560547 -8564.5566406 -8543.0029297 -8319.6513672
-8130.5219727 -8337.2060547 -8332.2333984 -8472.3916016 -8074.1992188 -8137.9267578 -8356.1201172 -8300.2285156 -8036.6337891 -8201.4179688
-8552.8857422 -8689.2871094 -8653.3369141 -8772.0566406 -8551.8417969 -8668.9980469 -8715.1123047 -8705.6210938 -8685.1152344 -8371.8613281
-8071.5654297 -8041.3471680 -8295.1083984 -8428.1064453 -8165.2939453 -8299.8281250 -8204.3164062 -8231.3349609 -8204.6992188 -8062.1230469
-8612.8740234 -8664.0576172 -8683.7021484 -8921.4179688 -8601.6132812 -8741.8847656 -8651.7021484 -8735.9179688 -8638.5664062 -8504.2001953
-8444.3427734 -8658.1875000 -8567.6992188 -8682.7685547 -8268.7148438 -8407.8945312 -8606.1416016 -8615.8759766 -8169.8593750 -8377.7968750
-8134.0976562 -8240.5185547 -8295.7714844 -8475.1240234 -7972.5678711 -8093.4335938 -8376.5039062 -8212.0830078 -7908.8520508 -8164.1777344
-7892.7109375 -8151.3320312 -8069.2597656 -8359.5673828 -8023.2812500 -8141.8452148 -8076.8144531 -8155.8466797 -8081.5029297 -7956.9433594
-9016.5068359 -9436.1914062 -9103.8818359 -9469.7949219 -9292.9550781 -9398.4189453 -9248.6562500 -9117.1894531 -9281.1650391 -9297.5156250
-8241.7158203 -8528.5722656 -8184.1166992 -8712.1923828 -8453.7988281 -8499.0673828 -8374.2675781 -8397.1523438 -8445.7783203 -8327.4003906
-8980.1787109 -9223.5976562 -9052.4091797 -9403.8154297 -9138.5068359 -9288.5351562 -9136.4335938 -9075.9482422 -9139.8671875 -9085.3603516
-8424.5478516 -8719.5507812 -8498.1083984 -8896.9033203 -8567.5458984 -8794.2109375 -8354.3710938 -8465.2636719 -8581.1748047 -8568.0761719
-7876.9179688 -8146.7885742 -7830.6069336 -8385.8242188 -8153.2597656 -8219.8212891 -7952.9560547 -7975.7348633 -8093.5268555 -8077.2578125
-8424.1591797 -8763.0644531 -8472.5673828 -8971.4082031 -8702.2255859 -8767.6777344 -8595.3125000 -8459.4443359 -8718.3837891 -8581.8281250
-8371.4365234 -8615.2265625 -8239.8007812 -8759.3027344 -8541.0302734 -8535.9287109 -8356.0205078 -8474.9638672 -8563.1279297 -8467.4306641
-8324.2382812 -8502.0292969 -8274.0810547 -8687.9648438 -8509.6181641 -8650.6943359 -8414.6220703 -8363.2070312 -8514.4179688 -8405.0742188
-8269.4619141 -8507.7294922 -8165.2382812 -8799.4228516 -8554.0517578 -8560.5634766 -8293.7763672 -8413.6044922 -8468.3652344 -8434.8330078
-8570.2841797 -8842.2402344 -8679.0283203 -8952.1445312 -8765.4072266 -8848.1982422 -8772.2773438 -8596.8398438 -8869.0302734 -8740.9697266
-8464.2900391 -8784.0390625 -8432.0830078 -8921.6357422 -8693.5732422 -8763.7832031 -8585.7910156 -8537.9287109 -8722.1699219 -8534.4082031
-7913.3149414 -8261.1425781 -7862.7143555 -8431.2353516 -8185.7055664 -8216.9130859 -8172.0170898 -8064.0874023 -8192.7216797 -8160.7944336
-8200.8222656 -8429.0273438 -8197.6728516 -8698.2607422 -8425.7343750 -8439.6621094 -8343.5009766 -8187.8266602 -8374.9394531 -8315.3281250
-8247.8115234 -8443.6718750 -8473.5761719 -8749.3671875 -8478.1787109 -8593.0009766 -8403.6474609 -8384.3281250 -8445.4726562 -8372.6630859
-8276.9707031 -8376.1269531 -8247.7871094 -8682.7021484 -8440.3671875 -8654.0224609 -8357.8984375 -8428.2480469 -8479.3720703 -8366.0546875
-7909.3808594 -8245.4218750 -7872.5712891 -8104.1694336 -8007.4833984 -8014.4794922 -8054.0546875 -7941.2001953 -8125.2758789 -8029.1132812
-8052.5488281 -8371.9101562 -8014.0981445 -8467.9863281 -8178.3188477 -8257.4326172 -8209.0654297 -8124.3618164 -8296.9199219 -8216.3876953
-8519.1015625 -8904.8808594 -8550.2060547 -9069.5078125 -8745.8173828 -8945.0312500 -8758.2382812 -8650.1669922 -8858.0878906 -8707.8671875
-8025.8608398 -8278.2060547 -8044.2036133 -8510.3320312 -8231.0595703 -8338.9619141 -8149.3505859 -8119.4750977 -8189.5439453 -8139.2753906
-7765.8271484 -8161.5117188 -7528.6850586 -8185.6318359 -7911.6123047 -7855.4667969 -7923.8945312 -7791.5058594 -8003.6303711 -7798.7744141
-7673.0219727 -8148.6723633 -7662.8095703 -8230.6230469 -7920.0366211 -8055.2993164 -7918.1645508 -7756.7436523 -8038.0791016 -7852.4526367
-7980.9233398 -7683.6718750 -8246.2558594 -8402.6162109 -8147.6396484 -8241.7695312 -8177.6040039 -8198.8310547 -8133.6655273 -8040.4321289
-8542.1376953 -8674.6572266 -8660.7265625 -8815.1035156 -8386.4853516 -8508.7353516 -8644.5664062 -8678.1240234 -8305.1972656 -8541.3291016
-9044.4052734 -9171.5126953 -9061.2548828 -9358.4853516 -9070.1865234 -9221.4042969 -9027.2109375 -9011.5185547 -9110.5078125 -9071.7236328
-8208.4492188 -8344.7773438 -8248.3115234 -8558.0966797 -8257.0654297 -8366.4511719 -8315.6074219 -8287.2490234 -8210.9824219 -8171.7446289
-8493.7548828 -8122.3574219 -8710.3164062 -8818.5126953 -8553.8994141 -8685.2304688 -8643.1699219 -8644.3154297 -8612.9541016 -8554.2109375
-8624.1289062 -8889.8310547 -8792.4785156 -9011.3300781 -8673.0820312 -8715.9101562 -8736.7978516 -8765.6191406 -8676.6923828 -8593.6582031
-9114.1044922 -9288.8613281 -9300.1679688 -9413.8369141 -9183.2626953 -9308.0722656 -9401.7158203 -9337.9785156 -9167.6289062 -8937.2783203
-8419.8886719 -8590.9833984 -8364.5556641 -8366.9482422 -7981.5747070 -7969.4780273 -8447.7001953 -8544.1464844 -8203.7041016 -8396.3808594
-8523.1855469 -8136.0317383 -8755.4482422 -8821.3046875 -8658.3437500 -8691.5966797 -8640.2558594 -8640.1318359 -8589.6796875 -8543.4472656
-8863.0205078 -9017.4150391 -8954.5869141 -9092.5751953 -8778.2226562 -8812.9287109 -8982.6162109 -8949.4199219 -8630.6953125 -8835.9365234
-8075.7480469 -8138.3139648 -8237.6269531 -8404.5146484 -8033.1538086 -8209.6054688 -8215.7158203 -8243.2050781 -8142.7070312 -8026.1870117
-8652.1201172 -8937.6015625 -8690.9667969 -8984.5771484 -8798.2148438 -8866.9599609 -8661.8203125 -8793.4824219 -8825.9082031 -8749.7773438
-8672.3486328 -8858.0029297 -8602.4990234 -9055.5722656 -8788.1738281 -8926.2109375 -8665.2109375 -8845.3759766 -8895.4072266 -8828.4238281
-8354.8916016 -8454.2285156 -8567.8320312 -8709.0976562 -8417.8115234 -8568.4384766 -8468.3613281 -8423.8310547 -8465.9482422 -8416.2031250
-8607.1435547 -8661.4072266 -8763.6074219 -8854.0791016 -8419.5507812 -8481.2607422 -8747.4550781 -8769.5029297 -8456.3798828 -8619.9316406
-8753.0566406 -8895.4892578 -8891.9404297 -9192.3320312 -8952.9843750 -9013.8037109 -8781.6093750 -8923.0781250 -8909.8320312 -8846.3330078
-8307.3476562 -8122.9150391 -8474.3945312 -8581.5341797 -8463.1816406 -8540.0830078 -8427.0468750 -8490.4580078 -8447.7460938 -8340.8164062
-8758.5488281 -9027.4873047 -8678.5371094 -9128.9814453 -8939.5908203 -9011.9365234 -8798.2304688 -8804.0302734 -8937.1572266 -8951.1298828
-8768.3085938 -8943.7744141 -8821.1923828 -9137.0507812 -8882.6308594 -8929.3271484 -8774.3505859 -8959.8046875 -8900.7509766 -8862.6044922
-8545.9218750 -8729.9150391 -8576.5283203 -8898.6689453 -8626.2138672 -8794.6230469 -8544.6582031 -8689.3457031 -8693.6855469 -8648.8994141
-8226.1210938 -8300.5634766 -8421.7089844 -8419.7343750 -8135.5180664 -8159.2055664 -8420.7041016 -8374.3984375 -7966.1279297 -8179.5986328
-8504.9521484 -8664.2490234 -8654.4560547 -8695.5566406 -8251.3115234 -8468.7900391 -8652.2460938 -8593.8701172 -8186.8300781 -8461.3769531
-7548.5810547 -7924.7304688 -7614.5903320 -8102.9829102 -7759.2143555 -7915.3164062 -7674.5141602 -7680.2695312 -7806.5830078 -7775.7065430
-8357.6494141 -8467.1884766 -8503.6992188 -8551.8183594 -8214.6552734 -8311.0312500 -8513.4726562 -8445.7343750 -8179.4951172 -8310.3564453
-8000.4101562 -8268.7148438 -8118.9169922 -8538.8671875 -8232.5341797 -8342.7128906 -8159.6064453 -8123.8466797 -8265.1923828 -8201.5810547
-7988.8916016 -8147.0039062 -8158.7705078 -8306.2822266 -8002.5839844 -8176.4677734 -8147.7578125 -8196.9306641 -8093.7617188 -7936.5112305
-7714.7661133 -7879.3452148 -7766.9858398 -8067.1166992 -7847.6162109 -8033.3989258 -7632.5937500 -7734.9916992 -7889.4047852 -7903.7539062
-7337.6010742 -7685.3681641 -7445.6166992 -7867.0493164 -7560.0756836 -7715.6757812 -7123.3027344 -7594.4458008 -7571.6464844 -7510.4755859
-8830.5908203 -9007.6572266 -8865.6748047 -9050.6279297 -8901.4267578 -8957.0537109 -8575.8632812 -8875.4052734 -8930.8242188 -8954.6318359
-7903.5893555 -8132.7841797 -8121.1962891 -8506.1035156 -8084.6684570 -8334.4580078 -8019.0747070 -8118.0874023 -8212.4130859 -8163.2207031
-8970.0791016 -9176.4648438 -9057.1933594 -9305.2509766 -9115.3535156 -9192.3056641 -8737.6289062 -9095.2138672 -9171.6396484 -9117.7841797
-7904.6210938 -8144.8969727 -7987.3588867 -8317.4902344 -8041.5717773 -8164.3603516 -7696.6245117 -8100.9370117 -8090.8300781 -7981.8701172
-8617.6113281 -8758.2128906 -8841.5312500 -8854.7070312 -8500.5800781 -8616.8740234 -8812.1513672 -8824.0673828 -8397.8066406 -8594.2031250
-8598.1894531 -8744.6132812 -8755.4101562 -8809.8408203 -8350.1757812 -8261.1630859 -8818.9863281 -8674.8115234 -8392.7050781 -8644.5419922
-9049.7314453 -9176.3007812 -9164.9619141 -9338.2626953 -9110.4765625 -9207.1992188 -9178.5117188 -9227.0419922 -9124.1308594 -8994.2685547
-9127.5380859 -9288.1308594 -9252.2402344 -9270.1552734 -8932.3242188 -8938.9863281 -9335.2666016 -9159.1005859 -9110.1523438 -9083.2900391
-8516.4687500 -8845.8037109 -8683.8964844 -8897.6650391 -8659.6113281 -8779.7265625 -8763.5927734 -8633.6738281 -8686.4501953 -8763.4960938
-8749.7226562 -8871.0869141 -8892.0458984 -9051.9287109 -8782.3730469 -8819.3007812 -8938.3271484 -8844.4658203 -8802.4306641 -8656.5712891
-9398.9082031 -9563.1201172 -9449.3408203 -9423.1396484 -9126.9902344 -9200.8437500 -9519.9707031 -9450.2919922 -9375.7324219 -9432.4042969
-8472.4082031 -8764.4003906 -8663.0605469 -8808.6406250 -8620.6357422 -8647.4697266 -8624.6962891 -8706.6865234 -8617.8164062 -8477.8623047
-8326.2705078 -8463.2148438 -8398.0400391 -8393.6103516 -8086.8315430 -8125.7910156 -8401.6542969 -8437.4316406 -8053.1000977 -8242.8935547
-8464.5468750 -8579.2089844 -8560.1474609 -8659.2626953 -8120.4707031 -7953.2324219 -8595.6318359 -8536.2480469 -8218.1689453 -8501.0859375
-8635.9248047 -8673.4609375 -8713.1054688 -8959.7460938 -8626.7382812 -8792.7998047 -8686.3730469 -8782.2021484 -8745.4062500 -8563.2255859
-8467.2480469 -8549.4658203 -8437.3212891 -8578.3671875 -8167.9521484 -8068.5151367 -8588.2587891 -8540.1962891 -8308.9980469 -8431.7324219
-8596.1396484 -8717.2128906 -8809.2480469 -8931.4882812 -8685.2500000 -8773.2412109 -8780.8300781 -8769.0615234 -8699.3964844 -8434.9208984
-7755.7119141 -7791.2768555 -7869.0791016 -7907.6025391 -7520.3549805 -7724.0107422 -7878.7128906 -7904.9697266 -7622.1899414 -7656.9707031
-8621.8769531 -8733.7978516 -8675.6396484 -8768.5595703 -8309.1650391 -8404.0361328 -8781.2695312 -8687.8789062 -8355.8271484 -8605.0605469
-8753.0117188 -8979.9365234 -8901.6005859 -8941.9228516 -8584.1435547 -8667.9335938 -8899.2958984 -8921.6611328 -8590.2128906 -8776.0361328
-8185.9692383 -8301.9345703 -8256.4931641 -8495.7783203 -8251.5517578 -8319.9101562 -8294.3955078 -8341.8505859 -8264.6210938 -8110.9121094
-8385.8378906 -8603.5449219 -8540.7939453 -8555.8037109 -8020.9360352 -8050.8222656 -8500.1757812 -8523.6464844 -8246.5751953 -8342.5244141
-8855.9824219 -9014.5312500 -8778.1054688 -8854.8837891 -8493.9550781 -8384.8564453 -8992.4521484 -8857.5273438 -8811.7685547 -8808.4804688
-8363.2158203 -8479.4326172 -8552.8935547 -8478.2617188 -8157.3500977 -8309.5498047 -8480.6650391 -8569.5810547 -8211.5537109 -8383.8271484
-8910.9824219 -9009.1328125 -8953.1103516 -8951.9912109 -8633.2841797 -8777.2207031 -9025.7646484 -8971.2470703 -8671.5654297 -8855.9687500
-8563.6992188 -8737.7861328 -8745.0488281 -8831.5605469 -8627.6142578 -8799.3007812 -8772.2128906 -8687.3496094 -8694.2158203 -8434.1738281
-8541.2343750 -8708.5410156 -8631.8242188 -8612.7246094 -8347.1240234 -8447.4736328 -8615.2958984 -8695.5966797 -8364.8955078 -8449.1865234
-8139.5541992 -8385.9648438 -8318.3691406 -8420.1455078 -8169.5937500 -8307.3535156 -8205.4023438 -8333.7841797 -8190.1904297 -8098.2216797
