-8286.3134766 -8380.2890625 -8344.0419922 -8441.5078125 -8045.6582031 -8178.1083984 -8399.9033203 -8407.2568359 -7913.1582031 -8221.7558594
-8144.5546875 -8236.3896484 -8288.5888672 -8419.4404297 -7910.6552734 -8034.3212891 -8229.6992188 -8268.8115234 -7905.3901367 -8146.2485352
-8273.9902344 -8530.1591797 -8438.8984375 -8761.2509766 -8339.8769531 -8477.4179688 -8436.5546875 -8454.9824219 -8309.5839844 -8031.4809570
-7856.3686523 -8186.6791992 -8058.4897461 -8211.5849609 -8007.6401367 -8104.8403320 -8073.6435547 -8096.5039062 -7979.8720703 -8007.1542969
-8141.9326172 -8393.4990234 -8322.9208984 -8399.6005859 -7962.9394531 -7968.4633789 -8201.6542969 -8263.3085938 -7915.4125977 -8142.7939453
-8234.9833984 -8434.9687500 -8341.3525391 -8572.4628906 -8019.1787109 -7928.5087891 -8343.5800781 -8350.6562500 -8076.1811523 -8176.9638672
-7675.3676758 -7922.2670898 -7940.2983398 -8213.2890625 -7781.0063477 -7912.1948242 -7833.0278320 -7820.3374023 -7775.1137695 -7558.4384766
-8353.7695312 -8580.5820312 -8570.7402344 -8613.9599609 -8179.1928711 -8283.7392578 -8561.9472656 -8484.9267578 -8092.9584961 -8336.8691406
-8111.3486328 -8325.1347656 -8277.4101562 -8571.0214844 -8272.1416016 -8313.3378906 -8247.4121094 -8294.1914062 -8252.0068359 -7903.4267578
-8649.3681641 -8264.2216797 -8840.6445312 -8983.3115234 -8762.9052734 -8819.4267578 -8820.6953125 -8883.5253906 -8718.1230469 -8691.1396484
-7864.3632812 -8057.1831055 -8090.4067383 -8103.3745117 -7734.2905273 -7800.0566406 -8072.6020508 -8046.3344727 -7718.0634766 -7889.3691406
-7860.7680664 -7437.3422852 -8023.8823242 -8277.1162109 -8032.2368164 -8097.4174805 -8074.3671875 -8026.7792969 -7942.8979492 -7833.0209961
-8099.6699219 -8164.9731445 -8313.0156250 -8586.1279297 -8209.8242188 -8359.7841797 -8238.6806641 -8305.6933594 -8243.3818359 -8173.6220703
-8235.3398438 -8412.8759766 -8365.5585938 -8630.2929688 -8251.4726562 -8398.2187500 -8379.3173828 -8412.9716797 -8340.9687500 -8032.3715820
-8109.8398438 -7771.2236328 -8358.4970703 -8600.1992188 -8201.3886719 -8380.6044922 -8232.7519531 -8303.4804688 -8229.3164062 -8173.4433594
-7896.9423828 -7418.7778320 -8072.7338867 -8287.0185547 -7987.0698242 -8120.8085938 -8031.1264648 -8128.7670898 -7955.4023438 -7895.2460938
-8191.4365234 -8312.9990234 -8378.9560547 -8385.7753906 -7964.5375977 -8059.9765625 -8270.6611328 -8214.9570312 -7854.7158203 -8105.6684570
-7829.7895508 -7288.5112305 -8075.9409180 -8243.2949219 -7873.1479492 -8085.2050781 -7963.7319336 -8025.5307617 -7900.6152344 -7805.5234375
-8480.6523438 -8147.9619141 -8700.7832031 -8925.5351562 -8666.4238281 -8808.9199219 -8664.8115234 -8768.7343750 -8644.5976562 -8553.5156250
-8575.6894531 -8671.0976562 -8653.4414062 -8901.3134766 -8602.2148438 -8673.7041016 -8685.3867188 -8605.3671875 -8556.7187500 -8319.2988281
-8796.4179688 -8906.4824219 -8870.4501953 -9180.4814453 -8866.7167969 -8912.2822266 -8908.4091797 -8865.4521484 -8811.1093750 -8665.1240234
-8497.2929688 -8568.9931641 -8595.5947266 -8733.2568359 -8284.8632812 -8433.9599609 -8578.8828125 -8589.7441406 -8331.6669922 -8423.9775391
-8450.3740234 -8589.1621094 -8485.1210938 -8726.3408203 -8414.1054688 -8503.8818359 -8542.0019531 -8462.5380859 -8451.3232422 -8269.4003906
-8497.2958984 -8591.7158203 -8679.1435547 -8934.3300781 -8556.8466797 -8638.9882812 -8689.4316406 -8704.7626953 -8466.5937500 -8294.1132812
-8461.3535156 -8623.1435547 -8540.9257812 -8775.7021484 -8321.7880859 -8318.3105469 -8470.7324219 -8569.6015625 -8163.3300781 -8473.0878906
-8570.2275391 -8704.0273438 -8671.9912109 -8849.7871094 -8657.2216797 -8633.4775391 -8670.0000000 -8731.9462891 -8610.0673828 -8383.1552734
-8289.7001953 -8201.5039062 -8550.2031250 -8727.7900391 -8410.4765625 -8548.6523438 -8483.4677734 -8544.6572266 -8405.1904297 -8360.9443359
-8421.1630859 -8614.5263672 -8587.2275391 -8711.1953125 -8445.6679688 -8600.3906250 -8579.1787109 -8544.0351562 -8420.7851562 -8429.2851562
-8226.9042969 -8315.6044922 -8377.8994141 -8482.6494141 -8154.8056641 -8255.3847656 -8328.8964844 -8318.8193359 -7965.9282227 -8173.3398438
-8469.3291016 -8504.9648438 -8594.4169922 -8614.6240234 -8229.0380859 -8358.3310547 -8564.3486328 -8617.6318359 -8165.3369141 -8406.8994141
-8146.6909180 -8364.9199219 -8347.1484375 -8594.0664062 -8255.5478516 -8397.0087891 -8326.1660156 -8309.9501953 -8265.3515625 -8231.8984375
-8855.3642578 -9123.7460938 -8908.7724609 -9250.4482422 -9001.2304688 -9089.7031250 -8855.2421875 -8946.8183594 -9054.8164062 -9045.4775391
-8086.8227539 -8377.9677734 -8128.6372070 -8683.9980469 -8245.0683594 -8353.1611328 -8162.8876953 -8134.7026367 -8278.5371094 -8261.4511719
-8890.8027344 -9155.9541016 -8856.9248047 -9327.9072266 -9032.3212891 -9085.2529297 -8931.7314453 -8805.5498047 -9031.8886719 -9047.2148438
-8582.7802734 -8835.5400391 -8573.5341797 -9092.8291016 -8751.7783203 -8938.6171875 -8507.0322266 -8628.4482422 -8748.6796875 -8693.5732422
-7907.7299805 -8204.3271484 -8060.6816406 -8471.1103516 -8149.9018555 -8291.4541016 -8131.1889648 -8052.3237305 -8174.1738281 -8129.7734375
-8259.3564453 -8599.9355469 -8339.0498047 -8822.2880859 -8510.1074219 -8521.3544922 -8477.8476562 -8373.9580078 -8502.0917969 -8455.1464844
-8291.3964844 -8529.4570312 -8250.7226562 -8723.2548828 -8501.4072266 -8510.4091797 -8386.2373047 -8374.7470703 -8477.0498047 -8443.3125000
-8018.6010742 -8326.0312500 -7998.0971680 -8577.4677734 -8287.2929688 -8335.6474609 -8146.9453125 -8138.1635742 -8205.0693359 -8195.3867188
-8313.6855469 -8635.4042969 -8237.2695312 -8881.3427734 -8598.0986328 -8629.8134766 -8427.6699219 -8409.5771484 -8584.3740234 -8523.5722656
-8448.3681641 -8605.7158203 -8454.5498047 -8849.5380859 -8514.6269531 -8580.5917969 -8500.3515625 -8408.5771484 -8554.4941406 -8551.6953125
-8043.2626953 -8368.3593750 -8066.9003906 -8462.9765625 -8117.6787109 -8264.0253906 -8186.5024414 -8149.3222656 -8205.7500000 -8178.7128906
-7844.6015625 -8199.7500000 -7865.2573242 -8417.1689453 -7989.1914062 -8155.7744141 -8061.3891602 -7963.2612305 -8155.2241211 -8091.5224609
-7931.4692383 -8219.9814453 -7967.3603516 -8404.2978516 -8081.3559570 -8106.4912109 -8014.8598633 -8091.2119141 -8068.9511719 -8060.0195312
-8233.6406250 -8448.0644531 -8382.9013672 -8712.1484375 -8404.5068359 -8511.3593750 -8478.1513672 -8429.1455078 -8413.3886719 -8374.7041016
-7933.5434570 -8196.8544922 -7854.2255859 -8469.3486328 -8061.3608398 -8115.6704102 -7976.6416016 -8036.2343750 -8107.5336914 -8102.2353516
-7612.7534180 -7979.4702148 -7545.8642578 -8017.1738281 -7654.4448242 -7772.9130859 -7658.1166992 -7640.5297852 -7798.4726562 -7730.7441406
-8050.7348633 -8384.9150391 -8101.5043945 -8603.7109375 -8166.2431641 -8240.8261719 -8212.4628906 -8067.6420898 -8246.0654297 -8195.8056641
-8511.5156250 -8638.9501953 -8461.5000000 -8879.9042969 -8602.9423828 -8780.5644531 -8575.5546875 -8590.8125000 -8622.9648438 -8586.5527344
-8107.4887695 -8477.3291016 -8032.3793945 -8661.4355469 -8322.3759766 -8395.5634766 -8230.6337891 -8184.6318359 -8329.8994141 -8344.9951172
-7895.0083008 -8195.6503906 -7760.1162109 -8306.7783203 -7941.3642578 -7961.2973633 -7998.2133789 -7848.8276367 -8026.3481445 -8004.6943359
-7450.3134766 -7790.5385742 -7556.9677734 -7968.4633789 -7618.8505859 -7700.7587891 -7577.6464844 -7507.3745117 -7674.1977539 -7555.0771484
-7793.6074219 -7470.5024414 -8050.8681641 -8337.6933594 -7968.3198242 -8119.0493164 -8008.9140625 -7995.2724609 -7936.8515625 -7824.4770508
-8566.2548828 -8669.8232422 -8699.1621094 -8757.8623047 -8383.5341797 -8466.4833984 -8664.3710938 -8679.1386719 -8397.5400391 -8557.4199219
-9002.8007812 -9185.6425781 -9032.4589844 -9350.2978516 -9018.9941406 -9149.6689453 -8957.9775391 -9063.4189453 -9051.5351562 -9030.7578125
-8499.9433594 -8643.2802734 -8714.1621094 -8963.8232422 -8578.8906250 -8631.7783203 -8655.8935547 -8692.1855469 -8573.6533203 -8483.5126953
-8407.1669922 -8008.7890625 -8553.5205078 -8740.8886719 -8539.8574219 -8632.5898438 -8528.4306641 -8542.2607422 -8540.7597656 -8481.5185547
-8605.3662109 -8778.6308594 -8789.1767578 -8911.6962891 -8491.2666016 -8620.0537109 -8798.5361328 -8720.6679688 -8484.0849609 -8535.3222656
-8831.4736328 -8946.7001953 -8992.4101562 -9243.7431641 -8934.7548828 -9041.3896484 -8985.1562500 -8968.5126953 -8866.0488281 -8722.2197266
-8203.1718750 -8367.3496094 -8331.6181641 -8257.8076172 -7748.1962891 -7926.6313477 -8345.5205078 -8278.0253906 -7995.7661133 -8155.4350586
-8554.6660156 -8151.9995117 -8773.1679688 -8959.7617188 -8703.6220703 -8917.0175781 -8643.2597656 -8822.5419922 -8729.0263672 -8579.5507812
-8757.1933594 -8959.3193359 -8876.4414062 -8834.8378906 -8590.9101562 -8621.6562500 -8874.9365234 -8837.4052734 -8456.3515625 -8707.5263672
-8007.0820312 -8299.3583984 -8246.8232422 -8439.1083984 -8069.6108398 -8222.8457031 -8202.4951172 -8264.3691406 -8094.0024414 -8036.2685547
-8683.6074219 -8920.9736328 -8771.7539062 -9074.8164062 -8876.6718750 -8946.6220703 -8707.0449219 -8726.2451172 -8893.6005859 -8838.5673828
-8809.5625000 -9135.2783203 -8791.5302734 -9247.4130859 -9014.3183594 -9080.5009766 -8857.7109375 -8950.2275391 -8974.5205078 -8985.1699219
-8243.6572266 -8344.8457031 -8403.3408203 -8672.9833984 -8378.1005859 -8466.1591797 -8365.2246094 -8424.5761719 -8439.8310547 -8285.8779297
-8588.6376953 -8726.8125000 -8631.1015625 -8809.2187500 -8487.9248047 -8595.8105469 -8707.4951172 -8690.7724609 -8348.2158203 -8634.1445312
-8599.3935547 -8735.7060547 -8721.8750000 -8970.8222656 -8722.7871094 -8852.3632812 -8546.1748047 -8716.8994141 -8705.5097656 -8742.3994141
-8307.4550781 -7960.4458008 -8374.4345703 -8642.3320312 -8339.2431641 -8451.6943359 -8394.5410156 -8413.2558594 -8350.5498047 -8298.0107422
-8420.0537109 -8629.1005859 -8498.6279297 -8834.9667969 -8573.2783203 -8655.5439453 -8446.8779297 -8461.3349609 -8533.0449219 -8434.3378906
-8746.8173828 -8912.2646484 -8801.4218750 -9147.7353516 -8846.9160156 -8942.7197266 -8698.1503906 -8861.0361328 -8857.0898438 -8870.5839844
-8592.4951172 -8755.2519531 -8622.7851562 -8957.9062500 -8706.2373047 -8808.3212891 -8530.1191406 -8689.9599609 -8711.4306641 -8711.2031250
-8311.8046875 -8396.1708984 -8476.1689453 -8554.4697266 -8097.2167969 -8293.8457031 -8433.8300781 -8454.6562500 -8000.0722656 -8331.9824219
-8583.7763672 -8745.5166016 -8721.5439453 -8848.1328125 -8372.2011719 -8528.9570312 -8682.9482422 -8741.0283203 -8295.2714844 -8524.7880859
-7746.6767578 -8068.7500000 -7768.3530273 -8196.0029297 -7824.5361328 -8019.5766602 -7770.4252930 -7731.6264648 -7881.5634766 -7825.9414062
-8353.0751953 -8523.2851562 -8556.7666016 -8554.5361328 -8151.5512695 -8295.5019531 -8502.5673828 -8477.6074219 -8110.4228516 -8340.2226562
-8036.6586914 -8210.6191406 -8033.4121094 -8439.0458984 -8136.2216797 -8297.1513672 -7978.1347656 -8078.2197266 -8125.6494141 -8179.3354492
-8055.4506836 -8278.8056641 -8301.2255859 -8442.3623047 -8006.4145508 -8150.0185547 -8249.1826172 -8219.7119141 -8025.2001953 -7959.4604492
-7719.1933594 -7903.8881836 -7854.4843750 -8264.6562500 -7844.0004883 -7972.6708984 -7629.5634766 -7903.5185547 -7852.7939453 -7752.8999023
-7522.1000977 -7903.4487305 -7641.2163086 -8145.9584961 -7719.8520508 -7868.1274414 -7288.7524414 -7701.4228516 -7694.6733398 -7770.6997070
-9198.6210938 -9442.5390625 -9278.2412109 -9645.1230469 -9416.1083984 -9522.4990234 -8973.3759766 -9295.7304688 -9409.8427734 -9419.6083984
-7874.8999023 -8149.4375000 -7943.8212891 -8386.7626953 -8042.5966797 -8193.9824219 -7794.9150391 -8014.4433594 -8022.4423828 -7992.5659180
-8823.9580078 -9078.8300781 -8856.0771484 -9208.3847656 -8901.2539062 -9056.8232422 -8614.3154297 -8886.4902344 -8932.7275391 -8898.4296875
-8228.5537109 -8595.9248047 -8301.0253906 -8746.2988281 -8393.1093750 -8441.4082031 -8005.4770508 -8317.7939453 -8397.9082031 -8372.3652344
-8500.4970703 -8606.1445312 -8578.9003906 -8728.1718750 -8356.5107422 -8461.2705078 -8576.4355469 -8519.6572266 -8211.1435547 -8474.4619141
-8619.0556641 -8848.0087891 -8853.6074219 -8837.3789062 -8439.4306641 -8372.1269531 -8789.8066406 -8777.2324219 -8529.8876953 -8749.3955078
-9080.2929688 -9325.6699219 -9237.0546875 -9397.8486328 -9209.7089844 -9241.6982422 -9155.7412109 -9186.7265625 -9210.1953125 -9191.2675781
-8971.6494141 -9100.5390625 -9051.0341797 -9051.3349609 -8760.9414062 -8764.2031250 -9084.5761719 -9049.5693359 -8784.4414062 -8868.0683594
-8511.8330078 -8937.1132812 -8744.3769531 -9136.0429688 -8815.0068359 -8828.6093750 -8816.2832031 -8661.3925781 -8817.8701172 -8727.9345703
-8624.6669922 -8911.3115234 -8832.8300781 -9018.3496094 -8683.9765625 -8773.3085938 -8798.5185547 -8768.3457031 -8663.9902344 -8597.4511719
-9069.3779297 -9232.1425781 -9135.2080078 -9196.2177734 -8766.1894531 -8837.7705078 -9181.0654297 -9124.9316406 -9015.9130859 -9083.1191406
-8438.4433594 -8720.4082031 -8678.1601562 -8877.5849609 -8525.5439453 -8654.8818359 -8690.4013672 -8674.3876953 -8605.2275391 -8572.4863281
-8065.0932617 -8205.8203125 -8159.2084961 -8287.0322266 -7913.3466797 -7976.7944336 -8253.7978516 -8196.1582031 -7862.8217773 -8063.4863281
-8545.6455078 -8681.6074219 -8689.2929688 -8793.7021484 -8277.2314453 -8092.2314453 -8619.1875000 -8602.6640625 -8251.4091797 -8498.0458984
-8451.6416016 -8587.7167969 -8539.5781250 -8732.1435547 -8473.8730469 -8543.0234375 -8505.9980469 -8530.5820312 -8499.3691406 -8332.2783203
-8390.4169922 -8601.3867188 -8509.0429688 -8580.0625000 -8090.8125000 -8007.3618164 -8474.9218750 -8499.6914062 -8210.5048828 -8384.1171875
-8615.3310547 -8695.7216797 -8822.4990234 -8897.4257812 -8617.0019531 -8810.7011719 -8859.1005859 -8776.2490234 -8642.6318359 -8432.3447266
-7913.6586914 -8002.4814453 -8068.4726562 -8095.0815430 -7625.7216797 -7801.9531250 -8002.9179688 -8100.7158203 -7738.9008789 -7874.6953125
-8414.2851562 -8530.7656250 -8550.2109375 -8605.6669922 -8089.8183594 -8142.0532227 -8502.1591797 -8459.7353516 -8209.8564453 -8399.9121094
-8655.3085938 -8737.9658203 -8764.9394531 -8864.6054688 -8331.3076172 -8375.3134766 -8745.3037109 -8734.0478516 -8475.8720703 -8587.2226562
-7985.0288086 -8123.1562500 -8125.5000000 -8378.5146484 -7933.3813477 -8075.4829102 -8133.7338867 -8060.4208984 -7998.8637695 -7922.3359375
-8217.0185547 -8402.7324219 -8387.0849609 -8475.5820312 -7762.2929688 -7862.3486328 -8370.6123047 -8336.3359375 -7981.3090820 -8153.9023438
-8475.0644531 -8693.7031250 -8472.3300781 -8626.3642578 -8217.9433594 -8284.0185547 -8576.4638672 -8463.0878906 -8372.9746094 -8431.3271484
-8034.6699219 -8226.8847656 -8186.9145508 -8231.0673828 -7827.0146484 -8024.2998047 -8164.4921875 -8166.1025391 -7887.2587891 -8003.8354492
-8730.7285156 -8964.4960938 -8878.9892578 -8893.2548828 -8476.1152344 -8583.6894531 -8868.3134766 -8774.3662109 -8467.8828125 -8651.1298828
-8601.2568359 -8704.2705078 -8703.0195312 -8983.8212891 -8585.4570312 -8693.3486328 -8738.0214844 -8733.3691406 -8586.5507812 -8390.2109375
-8550.4667969 -8749.4316406 -8717.3544922 -8577.9863281 -8386.4140625 -8491.4023438 -8652.7431641 -8669.3007812 -8407.0380859 -8650.8134766
-8205.6337891 -8420.6357422 -8322.2431641 -8565.4023438 -8200.8525391 -8268.5957031 -8348.9931641 -8300.1582031 -8234.2988281 -8161.7983398
