-8257.3505859 -8390.0869141 -8398.5888672 -8373.7646484 -8103.6220703 -8189.1958008 -8374.3261719 -8442.5449219 -7975.2001953 -8248.1660156
-8027.8471680 -8074.8491211 -8160.8149414 -8129.4868164 -7834.6894531 -7941.2519531 -8102.1484375 -8106.1967773 -7678.6948242 -7973.3935547
-8224.6396484 -8350.0195312 -8341.3916016 -8625.7226562 -8296.8359375 -8399.0283203 -8413.1396484 -8482.5097656 -8292.5478516 -8021.2285156
-7592.6430664 -7741.9541016 -7755.5620117 -8043.7573242 -7806.7607422 -7930.6035156 -7816.5463867 -7819.4331055 -7757.9545898 -7549.4409180
-7867.1176758 -8098.9428711 -8042.4316406 -8063.3867188 -7644.5390625 -7673.5898438 -8023.3793945 -8006.3525391 -7681.1201172 -7827.2290039
-8427.9716797 -8580.1171875 -8542.1630859 -8532.3750000 -8105.3437500 -7977.3750000 -8545.7304688 -8472.6376953 -8177.7202148 -8376.5791016
-7566.4013672 -7617.2363281 -7660.3295898 -7918.8935547 -7605.7695312 -7726.4047852 -7734.6210938 -7718.9184570 -7599.3237305 -7296.5727539
-8093.2548828 -8283.5058594 -8183.7807617 -8299.7636719 -7932.5893555 -8059.4252930 -8227.3720703 -8191.1982422 -7867.3159180 -8067.3593750
-8070.8076172 -8202.9384766 -8127.9384766 -8221.3476562 -8056.2700195 -8135.2783203 -8195.4492188 -8137.6342773 -8060.6376953 -7891.6997070
-8816.6484375 -8450.0537109 -8965.5048828 -9180.7861328 -8962.3974609 -9032.0693359 -8872.2871094 -8952.1123047 -8893.1835938 -8776.5722656
-7840.9360352 -8004.8237305 -7956.3823242 -8194.2841797 -7704.8476562 -7770.8974609 -7915.6533203 -7926.9316406 -7593.0473633 -7841.8071289
-7767.6030273 -7301.3178711 -7863.8886719 -8233.9951172 -7914.9663086 -8062.5219727 -7912.7275391 -7875.1367188 -7839.6186523 -7654.3032227
-7870.2573242 -8096.4550781 -8126.7407227 -8427.8798828 -8088.7646484 -8209.0546875 -8119.9145508 -8039.3491211 -8068.2768555 -7890.9819336
-7995.2255859 -8086.1870117 -8115.5419922 -8343.5839844 -8024.5415039 -8178.9960938 -8125.1997070 -8197.3056641 -8048.8242188 -7811.2329102
-8161.8354492 -7841.3369141 -8265.9345703 -8583.3935547 -8331.8632812 -8448.5302734 -8290.0244141 -8360.2412109 -8229.1611328 -8128.6171875
-7671.0878906 -7333.7929688 -7947.9316406 -8114.3012695 -7841.1645508 -7995.2695312 -7899.0351562 -7934.0449219 -7798.1816406 -7690.2871094
-7900.4340820 -8064.7724609 -7987.4536133 -8163.5859375 -7798.7290039 -7839.6328125 -8072.4731445 -8063.7670898 -7573.9819336 -7849.7456055
-7871.9199219 -7520.7016602 -8147.6635742 -8385.7617188 -8057.6923828 -8255.8828125 -8109.2324219 -8094.2084961 -8087.7651367 -7930.5546875
-8341.0478516 -7975.6250000 -8474.3330078 -8691.1191406 -8405.9267578 -8531.4951172 -8524.1416016 -8475.3017578 -8461.6484375 -8342.6005859
-8490.7294922 -8527.3222656 -8578.4736328 -8758.5322266 -8500.0751953 -8571.6884766 -8652.8574219 -8619.3916016 -8466.2958984 -8282.9746094
-8623.0214844 -8712.8769531 -8757.1376953 -8833.7685547 -8688.7890625 -8767.0527344 -8772.5966797 -8767.4404297 -8695.5800781 -8521.0761719
-8453.2441406 -8574.5800781 -8573.6357422 -8499.5312500 -8319.3251953 -8397.2763672 -8551.5859375 -8518.4570312 -8311.8320312 -8364.0332031
-8561.9921875 -8675.3300781 -8706.2216797 -8955.2167969 -8695.1767578 -8811.6406250 -8750.3583984 -8693.8339844 -8680.6718750 -8433.7871094
-8197.5166016 -8394.5400391 -8291.3730469 -8578.7617188 -8242.5400391 -8321.3632812 -8339.6708984 -8355.0537109 -8229.7080078 -8038.4604492
-8059.4853516 -8174.5234375 -8241.8339844 -8381.3574219 -7919.9951172 -8007.8964844 -8265.5048828 -8163.4140625 -7836.2558594 -8046.4511719
-8341.7080078 -8490.3583984 -8428.3583984 -8572.7246094 -8340.8613281 -8436.6904297 -8445.4931641 -8404.7656250 -8412.2324219 -8207.1220703
-8023.9809570 -7863.4824219 -8155.2749023 -8362.9238281 -8095.3310547 -8216.3349609 -8246.0400391 -8234.1035156 -8081.6132812 -8002.5102539
-8551.0039062 -8639.7939453 -8746.6982422 -8927.6367188 -8613.4042969 -8711.5087891 -8586.9833984 -8720.2900391 -8565.6308594 -8484.2978516
-8253.0869141 -8494.6542969 -8403.7265625 -8471.0517578 -8115.5981445 -8189.4741211 -8414.7617188 -8425.7460938 -7942.1132812 -8281.7968750
-8221.4443359 -8479.2158203 -8339.7128906 -8372.5029297 -8100.9106445 -8169.4047852 -8367.8349609 -8268.7343750 -7979.4174805 -8225.2246094
-8010.1811523 -8176.6904297 -8140.0102539 -8379.2919922 -8058.2402344 -8228.9765625 -8176.7617188 -8192.8359375 -8020.5336914 -8001.3662109
-8784.2373047 -8949.5107422 -8689.8457031 -9067.7470703 -8862.3720703 -8946.7929688 -8750.5224609 -8746.2646484 -8918.5292969 -8835.7119141
-7882.4111328 -8168.1210938 -7913.4609375 -8368.5263672 -8111.9516602 -8257.2900391 -8067.1938477 -8000.9887695 -8161.5273438 -7995.2963867
-8831.3027344 -9042.8789062 -8820.8408203 -9221.3232422 -8905.1962891 -8980.3574219 -8829.5771484 -8818.5078125 -8950.1660156 -8889.3017578
-8153.0625000 -8315.6826172 -8159.9619141 -8564.7587891 -8239.4501953 -8340.1201172 -8084.9272461 -8270.7373047 -8272.1142578 -8165.3315430
-7926.2583008 -8225.6513672 -7916.9057617 -8389.2861328 -8125.6894531 -8259.4033203 -8049.6445312 -7989.6450195 -8127.9541016 -8039.8784180
-8322.1503906 -8584.1806641 -8288.2285156 -8700.3574219 -8552.5000000 -8649.2763672 -8364.1738281 -8305.6328125 -8495.1318359 -8477.4853516
-8222.0302734 -8474.5146484 -8063.2250977 -8670.9355469 -8335.1367188 -8442.2070312 -8294.0791016 -8325.1201172 -8342.2587891 -8298.3242188
-8057.6816406 -8246.4521484 -7992.9350586 -8537.9824219 -8238.0810547 -8338.9921875 -8148.4663086 -8075.6772461 -8179.0561523 -8138.3486328
-8292.6816406 -8533.8984375 -8184.7753906 -8774.4082031 -8524.6923828 -8568.6738281 -8428.4355469 -8347.7685547 -8434.4687500 -8465.0556641
-8295.5722656 -8494.0527344 -8209.1386719 -8687.0966797 -8392.9882812 -8476.0156250 -8384.9316406 -8364.9638672 -8401.4160156 -8374.8339844
-8084.5444336 -8326.6914062 -8018.6601562 -8462.3974609 -8210.9882812 -8281.4033203 -8224.4697266 -8120.7031250 -8226.2773438 -8191.0776367
-7853.4223633 -8136.1679688 -7832.3432617 -8253.1503906 -8020.5649414 -8028.4843750 -7921.6884766 -7859.7734375 -8037.0488281 -7967.4643555
-8051.9638672 -8340.7207031 -8010.9604492 -8400.6005859 -8176.2612305 -8286.9121094 -8147.5820312 -8069.8344727 -8198.9677734 -8191.3632812
-7995.8203125 -8287.7207031 -8252.5869141 -8520.9746094 -8269.6601562 -8425.5292969 -8336.3994141 -8231.1523438 -8316.1552734 -8184.7534180
-7799.5063477 -8065.6406250 -7563.7539062 -8232.7636719 -7951.2270508 -8076.3085938 -7890.3383789 -7854.2197266 -7991.1782227 -7917.0068359
-7676.4311523 -7977.9208984 -7549.2363281 -8065.3647461 -7795.5185547 -7799.0571289 -7760.6938477 -7678.9453125 -7834.8632812 -7719.5068359
-7729.4389648 -7919.1948242 -7614.3813477 -8121.9570312 -7855.2412109 -7967.1899414 -7746.1743164 -7772.2119141 -7827.9462891 -7786.2270508
-8141.8159180 -8364.2519531 -8181.2724609 -8594.7812500 -8384.4873047 -8451.6298828 -8265.5810547 -8316.4882812 -8385.9501953 -8311.1337891
-8024.1914062 -8198.1250000 -7898.9345703 -8471.9208984 -8200.8251953 -8304.0917969 -8068.2915039 -8006.8881836 -8143.0541992 -8039.8105469
-7688.3842773 -7984.6049805 -7647.5371094 -8095.8261719 -7787.8354492 -7853.2817383 -7843.4140625 -7673.6777344 -7877.6762695 -7869.1958008
-7385.7373047 -7726.3530273 -7409.3847656 -7915.3320312 -7577.5551758 -7734.6752930 -7516.4057617 -7541.8212891 -7595.8090820 -7567.4433594
-7819.0024414 -7371.6831055 -7947.0498047 -8161.7070312 -7907.5927734 -8069.6215820 -7906.0751953 -7883.6464844 -7945.2377930 -7754.2143555
-8603.2119141 -8703.6582031 -8712.7539062 -8797.6591797 -8440.6630859 -8526.4150391 -8738.1904297 -8651.3017578 -8356.8056641 -8512.2685547
-8813.5996094 -9040.5156250 -8819.8193359 -8998.8994141 -8878.2851562 -8962.3476562 -8758.3828125 -8874.3369141 -8896.5488281 -8866.2480469
-8122.7626953 -8270.4482422 -8212.9238281 -8430.6210938 -8147.6235352 -8234.8613281 -8214.8398438 -8249.5634766 -8212.3388672 -8054.0874023
-8447.3710938 -8057.3164062 -8505.1933594 -8757.3027344 -8558.4140625 -8694.8339844 -8488.2861328 -8539.4394531 -8562.9228516 -8410.6123047
-8353.7392578 -8514.4355469 -8556.4902344 -8638.7587891 -8317.2294922 -8338.8281250 -8513.7412109 -8471.0214844 -8212.5107422 -8362.6240234
-8702.6757812 -8779.8525391 -8802.0927734 -9054.1738281 -8772.4960938 -8862.5244141 -8843.6718750 -8791.6259766 -8736.7392578 -8623.9042969
-8155.9165039 -8365.6923828 -8132.2905273 -8166.9106445 -7641.6909180 -7869.4848633 -8325.2158203 -8195.5097656 -7940.9589844 -8103.5820312
-8169.1166992 -7883.7905273 -8325.0273438 -8596.1093750 -8375.4160156 -8507.9062500 -8328.3085938 -8400.6582031 -8345.9453125 -8205.8203125
-8665.2294922 -8858.8945312 -8812.5927734 -8897.5556641 -8523.7744141 -8621.7089844 -8756.2480469 -8787.3105469 -8414.7451172 -8718.4023438
-8120.2050781 -8271.9052734 -8184.5068359 -8421.9335938 -8075.1596680 -8179.2895508 -8283.9482422 -8209.9296875 -8122.7475586 -7993.1323242
-8544.0439453 -8728.1806641 -8633.3642578 -8871.7578125 -8719.3134766 -8810.3457031 -8531.1435547 -8626.7587891 -8700.0966797 -8629.6152344
-8532.2470703 -8848.3574219 -8518.5966797 -8997.1503906 -8781.2617188 -8783.2861328 -8557.0634766 -8604.2099609 -8754.0712891 -8609.5078125
-8363.1718750 -8501.6113281 -8519.4189453 -8672.2910156 -8465.6679688 -8573.4833984 -8499.9990234 -8486.0800781 -8496.9306641 -8378.5175781
-8294.5478516 -8466.6972656 -8410.0693359 -8458.7070312 -8097.5180664 -8147.9375000 -8384.6835938 -8401.9550781 -8007.9189453 -8252.8378906
-8613.7460938 -8830.1259766 -8761.4707031 -8999.7197266 -8760.1660156 -8877.8349609 -8685.5888672 -8721.7763672 -8783.2861328 -8758.1738281
-8029.2548828 -7772.8535156 -8156.7900391 -8296.5615234 -8149.4721680 -8274.5625000 -8185.9829102 -8185.8486328 -8257.6425781 -8046.2094727
-8196.0849609 -8437.7460938 -8318.1093750 -8629.4609375 -8316.6406250 -8416.2490234 -8204.6650391 -8336.2763672 -8360.4785156 -8308.0869141
-8713.7861328 -8907.3339844 -8803.8535156 -9211.4091797 -8896.9199219 -9049.5146484 -8741.9589844 -8795.3662109 -8861.4179688 -8901.8701172
-8406.1552734 -8651.9833984 -8492.6367188 -8819.6562500 -8562.1738281 -8720.6494141 -8365.4189453 -8541.4169922 -8556.9384766 -8524.4296875
-8090.7231445 -8147.6137695 -8114.4301758 -8271.5976562 -7847.3520508 -7916.0166016 -8081.7622070 -8086.8227539 -7753.2807617 -7984.9565430
-8439.2099609 -8665.3593750 -8638.2714844 -8659.3408203 -8261.5117188 -8349.6064453 -8529.6015625 -8481.6259766 -8191.3359375 -8404.6181641
-7704.7421875 -8130.9990234 -7873.0688477 -8325.3369141 -7946.8457031 -8115.0458984 -7721.4902344 -7863.6440430 -7927.9985352 -7882.2416992
-8146.9033203 -8367.6523438 -8358.6464844 -8393.2832031 -8015.8208008 -8082.5053711 -8377.7255859 -8299.1582031 -7918.5981445 -8203.0742188
-7902.7070312 -8191.8457031 -8057.3735352 -8237.7324219 -8101.6401367 -8135.7597656 -7839.6171875 -8041.5083008 -8068.0717773 -8038.6845703
-7875.0913086 -8098.8916016 -8000.1899414 -8282.6318359 -7961.1396484 -8013.7143555 -8066.2250977 -8060.9448242 -7969.8432617 -7815.7119141
-7438.2646484 -7639.4091797 -7604.5327148 -8029.2231445 -7546.9736328 -7749.4145508 -7367.8344727 -7482.9892578 -7603.2592773 -7571.9233398
-7418.2500000 -7724.2065430 -7535.2973633 -7932.5048828 -7609.5234375 -7688.7294922 -7121.9023438 -7454.3398438 -7573.4584961 -7528.1352539
-8900.7919922 -9131.5244141 -8914.8837891 -9157.8935547 -9045.5253906 -9063.9384766 -8646.7412109 -8974.5009766 -9009.6269531 -8912.0117188
-7528.9375000 -7843.5009766 -7545.8100586 -8044.9843750 -7727.0825195 -7923.2978516 -7461.4155273 -7646.8076172 -7693.7241211 -7742.3330078
-8886.4589844 -9126.6962891 -8959.7578125 -9314.5830078 -9082.5595703 -9162.0595703 -8649.2666016 -8961.4853516 -9007.8154297 -9005.9990234
-7997.6225586 -8390.9970703 -8127.2744141 -8473.6250000 -8157.5830078 -8337.8427734 -7742.2700195 -8084.9096680 -8170.2758789 -8105.0913086
-8628.3369141 -8822.2910156 -8788.1787109 -8814.1357422 -8427.9218750 -8578.3027344 -8859.7958984 -8662.1289062 -8387.2597656 -8640.0654297
-8485.4384766 -8778.5859375 -8733.5839844 -8666.5019531 -8315.3349609 -8184.4018555 -8611.0283203 -8653.7011719 -8424.4931641 -8552.8144531
-8864.6982422 -8975.4785156 -9005.2109375 -9175.6494141 -8934.6748047 -8992.4599609 -8930.8818359 -8997.5537109 -8979.1445312 -8849.0283203
-9014.9638672 -9229.3779297 -9055.4628906 -9172.8085938 -8787.1582031 -8848.1591797 -9110.1308594 -9046.7177734 -8892.7597656 -8992.4638672
-8465.6318359 -8768.4160156 -8552.2607422 -8953.5302734 -8658.9921875 -8685.7392578 -8596.7167969 -8589.4638672 -8704.1494141 -8588.9189453
-8524.6679688 -8665.5390625 -8691.6494141 -8871.0380859 -8631.0322266 -8646.0078125 -8667.9863281 -8689.7597656 -8587.1591797 -8507.5429688
-8955.0302734 -9130.8710938 -8990.2958984 -9109.7109375 -8619.7812500 -8685.9687500 -9020.0302734 -8971.4179688 -8833.3779297 -8924.9052734
-8543.9960938 -8687.8320312 -8611.5996094 -8865.5839844 -8596.8007812 -8673.7177734 -8718.1708984 -8693.4794922 -8581.5771484 -8468.3125000
-8101.2202148 -8243.1601562 -8281.6123047 -8291.0722656 -7854.3354492 -7951.9345703 -8182.5229492 -8163.5473633 -7896.9125977 -7995.0351562
-8358.3642578 -8431.9687500 -8420.9531250 -8442.1572266 -8044.9511719 -7980.2041016 -8391.1210938 -8430.3095703 -8166.7910156 -8272.3955078
-8463.5185547 -8535.7578125 -8576.9873047 -8685.8164062 -8408.5996094 -8532.7656250 -8539.6259766 -8532.0224609 -8459.2695312 -8316.2089844
-8186.0141602 -8344.0273438 -8253.9648438 -8431.1542969 -7874.4443359 -7856.6518555 -8299.9873047 -8293.3222656 -8006.7021484 -8161.2114258
-8393.2089844 -8551.5126953 -8484.5625000 -8649.9677734 -8454.3505859 -8578.5078125 -8566.0224609 -8531.5380859 -8408.1162109 -8164.8901367
-7634.3344727 -7827.8056641 -7848.0654297 -7864.9511719 -7533.7241211 -7605.3261719 -7836.4565430 -7858.1606445 -7573.5898438 -7730.0063477
-8170.3818359 -8339.5703125 -8222.7451172 -8392.4023438 -7894.4291992 -7953.7836914 -8290.4013672 -8213.8867188 -7977.0224609 -8099.6313477
-8517.6474609 -8641.7812500 -8541.9052734 -8723.6835938 -8243.3261719 -8329.5498047 -8623.3593750 -8546.8837891 -8345.0507812 -8497.4501953
-8052.6791992 -8240.2207031 -8159.9194336 -8469.4169922 -8123.2348633 -8294.2529297 -8169.2797852 -8126.8012695 -8065.4116211 -8084.2299805
-8310.8896484 -8607.3740234 -8427.2509766 -8469.9169922 -7890.6333008 -7979.1899414 -8494.4394531 -8445.3779297 -8155.9267578 -8268.7685547
-8330.4882812 -8563.1513672 -8342.3750000 -8379.5263672 -8013.5000000 -7994.0146484 -8487.8535156 -8328.1132812 -8196.8046875 -8232.7900391
-7807.7998047 -7923.1997070 -7909.7724609 -7928.2910156 -7566.2133789 -7674.0122070 -7891.6235352 -7841.4687500 -7639.4614258 -7739.7294922
-8714.7802734 -8901.6806641 -8835.3857422 -8869.9082031 -8443.1845703 -8564.7392578 -8881.5410156 -8823.1181641 -8500.3535156 -8674.5693359
-8569.3105469 -8667.5761719 -8721.3583984 -8903.6201172 -8624.5966797 -8758.7822266 -8684.2412109 -8693.3613281 -8636.7470703 -8324.0908203
-8497.7255859 -8617.0117188 -8614.4687500 -8543.6923828 -8263.3320312 -8448.8261719 -8669.5791016 -8645.6240234 -8363.6425781 -8391.4306641
-7781.9726562 -8030.4604492 -8047.4887695 -8249.0351562 -7892.6079102 -8070.3354492 -8000.6972656 -8021.4956055 -7855.8793945 -7826.8813477
