-8437.8720703 -8789.1748047 -8574.4570312 -8740.5722656 -8292.8193359 -8317.8183594 -8707.2470703 -8543.8564453 -8153.3662109 -8491.8457031
-8407.8476562 -8538.3925781 -8527.6005859 -8717.5585938 -8296.1230469 -8332.5302734 -8635.8515625 -8554.4677734 -8173.3320312 -8343.4531250
-8407.3720703 -8465.5615234 -8521.8964844 -8712.7021484 -8486.9296875 -8651.4248047 -8533.4580078 -8563.9726562 -8449.2265625 -8285.2011719
-8083.0708008 -8183.1425781 -8232.4101562 -8555.2207031 -8295.7158203 -8417.7548828 -8179.8007812 -8244.6718750 -8148.9711914 -8111.6308594
-7900.8261719 -8062.5356445 -8093.3686523 -8050.3969727 -7728.7778320 -7850.7177734 -8093.1147461 -8039.7607422 -7693.7031250 -7937.1376953
-8746.4121094 -8915.1738281 -8913.1337891 -8982.7324219 -8486.6298828 -8313.4316406 -8910.3515625 -8793.9052734 -8518.0087891 -8721.1728516
-7878.8085938 -8097.3427734 -8077.2788086 -8307.8300781 -7987.5517578 -8088.9550781 -8110.3862305 -8104.7939453 -7989.6997070 -7716.4770508
-8188.4501953 -8453.5078125 -8403.4101562 -8479.4667969 -8133.4008789 -8291.7539062 -8408.1523438 -8377.4072266 -8009.1982422 -8151.7514648
-8147.1118164 -8271.7353516 -8248.9277344 -8536.7724609 -8128.0273438 -8239.7822266 -8334.7285156 -8322.0947266 -8169.6230469 -7939.2646484
-9230.0332031 -8788.9296875 -9357.4794922 -9471.8945312 -9283.2333984 -9417.6240234 -9313.2724609 -9238.7099609 -9308.1855469 -9191.8964844
-8263.7294922 -8493.6914062 -8457.7070312 -8610.5029297 -8148.3149414 -8258.1386719 -8502.3388672 -8344.3916016 -7996.7905273 -8167.4248047
-7858.0166016 -7560.7724609 -8014.3071289 -8217.4326172 -8018.4750977 -8167.5375977 -8107.8520508 -8030.9584961 -7942.2592773 -7798.3808594
-7924.9707031 -7997.0078125 -8032.5258789 -8397.0498047 -8060.6289062 -8279.8261719 -7985.7758789 -7992.2353516 -8042.5405273 -7958.4096680
-8197.1708984 -8244.4033203 -8218.5283203 -8421.6816406 -8191.0893555 -8275.2294922 -8322.6855469 -8307.5312500 -8247.4628906 -7969.8715820
-8208.2949219 -7888.4960938 -8452.3925781 -8631.2080078 -8454.8212891 -8549.2353516 -8470.9082031 -8408.8486328 -8387.5654297 -8268.5214844
-8117.2622070 -7673.5815430 -8307.3798828 -8511.9023438 -8249.3203125 -8374.8066406 -8304.8281250 -8277.8300781 -8185.6894531 -8060.1757812
-8428.8408203 -8664.4570312 -8554.0595703 -8632.2148438 -8304.4736328 -8456.3486328 -8535.5166016 -8491.7451172 -8167.0815430 -8435.2324219
-8053.7949219 -7650.3437500 -8244.4794922 -8413.0556641 -8235.9072266 -8301.2021484 -8181.1601562 -8237.4960938 -8187.1635742 -8121.6230469
-8618.2470703 -8247.6181641 -8757.1376953 -8976.0175781 -8851.9267578 -8955.3544922 -8720.8593750 -8749.3408203 -8786.4736328 -8646.1250000
-8526.6933594 -8682.6064453 -8693.4785156 -8914.0449219 -8683.6132812 -8826.9873047 -8744.8613281 -8700.2558594 -8616.4697266 -8390.5224609
-9023.9697266 -9187.3154297 -9092.6943359 -9365.0937500 -9129.0195312 -9169.8886719 -9266.5830078 -9139.2460938 -9053.6337891 -8965.1162109
-8500.3212891 -8684.4199219 -8520.3886719 -8775.5820312 -8435.7187500 -8498.9375000 -8613.4472656 -8581.3466797 -8421.2353516 -8484.9501953
-8752.6943359 -8901.6699219 -8945.1074219 -9109.6992188 -8875.0019531 -8950.8613281 -9037.7304688 -8887.8085938 -8893.6572266 -8676.7207031
-8539.9755859 -8711.0058594 -8685.9599609 -8918.8212891 -8697.8574219 -8803.5576172 -8717.9765625 -8682.5126953 -8644.9365234 -8472.3789062
-8482.7353516 -8626.3378906 -8626.5673828 -8777.0908203 -8321.4589844 -8503.4179688 -8686.9804688 -8563.6562500 -8224.8242188 -8460.0996094
-8524.1035156 -8607.7226562 -8661.4091797 -8758.8037109 -8639.6523438 -8798.1259766 -8700.3867188 -8677.7050781 -8668.5410156 -8441.4990234
-8233.6328125 -8083.6762695 -8472.3486328 -8610.8476562 -8407.7578125 -8444.3398438 -8385.4667969 -8358.3066406 -8271.5966797 -8116.2905273
-8667.0029297 -8837.4902344 -8845.1113281 -9081.3925781 -8823.2070312 -8871.4804688 -8758.8505859 -8809.3691406 -8783.4599609 -8664.3642578
-8585.1357422 -8695.3291016 -8766.1484375 -8808.3671875 -8483.7216797 -8607.1582031 -8813.7851562 -8680.8222656 -8303.8955078 -8572.3261719
-8411.4023438 -8698.6640625 -8479.6796875 -8716.0576172 -8278.7226562 -8322.3886719 -8583.0058594 -8474.1953125 -8148.4790039 -8348.4228516
-8399.3544922 -8513.8671875 -8538.6162109 -8652.5957031 -8359.8535156 -8454.0556641 -8509.8408203 -8557.5175781 -8285.9257812 -8241.2128906
-9068.0527344 -9349.5712891 -9073.7646484 -9479.9492188 -9254.3701172 -9256.9980469 -9171.5947266 -9133.4326172 -9250.7119141 -9172.0693359
-8152.1025391 -8363.2978516 -8115.0600586 -8643.5839844 -8349.5302734 -8477.1689453 -8204.0732422 -8194.7353516 -8312.7167969 -8275.3349609
-9142.5976562 -9392.0292969 -9116.7919922 -9641.5156250 -9345.0927734 -9485.9052734 -9205.7412109 -9215.7451172 -9294.2861328 -9295.0439453
-8479.6835938 -8859.1474609 -8514.6269531 -9003.4521484 -8681.1308594 -8829.7275391 -8473.0664062 -8577.8505859 -8664.0000000 -8635.8769531
-8098.7690430 -8385.6884766 -8039.5346680 -8532.7744141 -8244.7958984 -8415.4560547 -8129.2695312 -8083.2397461 -8272.2861328 -8271.3291016
-8452.2207031 -8750.7841797 -8447.8115234 -8939.8681641 -8694.6689453 -8864.6914062 -8642.6494141 -8529.2783203 -8758.9169922 -8670.9404297
-8523.6777344 -8804.7402344 -8487.4824219 -9034.7285156 -8775.1621094 -8813.7099609 -8607.0195312 -8608.1640625 -8756.3554688 -8702.7324219
-8106.2529297 -8367.4521484 -8131.6708984 -8544.7128906 -8315.7500000 -8403.1884766 -8175.7612305 -8168.4658203 -8339.0771484 -8214.8876953
-8357.7675781 -8654.3994141 -8304.1630859 -8855.4384766 -8574.9277344 -8730.4707031 -8414.1562500 -8435.1933594 -8627.0996094 -8501.0517578
-8583.2568359 -8914.8417969 -8644.8994141 -9039.8857422 -8880.0917969 -8946.0664062 -8715.7675781 -8730.6933594 -8852.2343750 -8750.5429688
-8365.3994141 -8632.1640625 -8333.7597656 -8711.3701172 -8513.6796875 -8625.8789062 -8451.0732422 -8437.7021484 -8513.4238281 -8343.7324219
-8099.7612305 -8464.2099609 -8105.4189453 -8513.3525391 -8265.5166016 -8430.5644531 -8254.1718750 -8186.7353516 -8283.6796875 -8224.1611328
-8085.3779297 -8452.9550781 -8188.6870117 -8620.6083984 -8334.7509766 -8390.4638672 -8256.4609375 -8209.9169922 -8326.6279297 -8202.2734375
-8167.1645508 -8456.5527344 -8365.3095703 -8689.5576172 -8400.0263672 -8568.5693359 -8317.5224609 -8284.2050781 -8375.1582031 -8288.9609375
-8199.8701172 -8387.0410156 -8071.1923828 -8577.1259766 -8399.9248047 -8541.6406250 -8157.6977539 -8294.7207031 -8369.1474609 -8275.4843750
-8011.7871094 -8403.1250000 -7801.7729492 -8273.8769531 -8079.1567383 -8116.0224609 -8109.8515625 -7932.7275391 -8212.3300781 -8148.4873047
-8433.7753906 -8661.9130859 -8401.6103516 -8873.9833984 -8652.8691406 -8728.6025391 -8624.0136719 -8518.9511719 -8631.5947266 -8588.3740234
-8524.5263672 -8696.2998047 -8580.0458984 -9011.5419922 -8656.5644531 -8845.0537109 -8642.9765625 -8555.5986328 -8674.8535156 -8636.0332031
-8078.3696289 -8334.0292969 -8129.1875000 -8598.3925781 -8208.0058594 -8362.2841797 -8160.9125977 -8108.7973633 -8251.7382812 -8178.8100586
-7756.7055664 -8074.0747070 -7680.4423828 -8145.5703125 -7897.4702148 -7987.7421875 -7860.6865234 -7841.5000000 -7991.5000000 -7882.8706055
-7659.5610352 -7960.3994141 -7517.1865234 -8110.5942383 -7749.8120117 -7919.3842773 -7725.9755859 -7567.2792969 -7815.0922852 -7769.3647461
-8296.9082031 -7697.5844727 -8492.4853516 -8628.8154297 -8352.5761719 -8488.6718750 -8343.0292969 -8379.7021484 -8325.1103516 -8145.1308594
-8624.2558594 -8808.7851562 -8748.4218750 -8794.8691406 -8496.7402344 -8646.9619141 -8772.2695312 -8695.4570312 -8381.5908203 -8580.9570312
-9252.7744141 -9360.3359375 -9249.6552734 -9561.1279297 -9345.5419922 -9478.3671875 -9100.1230469 -9239.2460938 -9392.0556641 -9304.4912109
-8297.0136719 -8441.8183594 -8489.4072266 -8695.4921875 -8322.6601562 -8416.6601562 -8411.4687500 -8391.7822266 -8295.7548828 -8231.1416016
-8855.1103516 -8345.0283203 -8985.5556641 -9142.5029297 -8914.0917969 -8952.3222656 -8941.1074219 -9022.1464844 -8864.8955078 -8829.6718750
-8783.0673828 -8887.3896484 -8983.7392578 -9098.1289062 -8673.7353516 -8806.9023438 -8918.5146484 -8966.3896484 -8708.5615234 -8770.6523438
-9173.5908203 -9292.4052734 -9307.6689453 -9504.1914062 -9243.0097656 -9348.4238281 -9261.8564453 -9226.2421875 -9217.6650391 -9045.6240234
-8420.3388672 -8730.2275391 -8576.6835938 -8605.4892578 -8024.5561523 -8139.1015625 -8738.0703125 -8521.9023438 -8320.9580078 -8421.6611328
-8780.5644531 -8267.1875000 -8986.1083984 -9118.4072266 -8951.0830078 -9010.6982422 -8900.9843750 -8949.2861328 -8867.4541016 -8696.0009766
-8912.4667969 -9061.3457031 -9055.1357422 -9184.1162109 -8841.5205078 -8972.2587891 -9122.9384766 -9088.7451172 -8678.9492188 -8887.8203125
-8370.4277344 -8593.7207031 -8584.3222656 -8783.7900391 -8435.0761719 -8530.8867188 -8532.5185547 -8574.0087891 -8451.2285156 -8383.4267578
-8607.0937500 -8801.9970703 -8756.9101562 -8984.2080078 -8779.8564453 -8853.1279297 -8557.9101562 -8717.4580078 -8792.5986328 -8715.4453125
-9018.1064453 -9254.5058594 -8925.1044922 -9420.6757812 -9223.9804688 -9337.9892578 -9025.6591797 -9103.3144531 -9222.0507812 -9168.6572266
-8377.1445312 -8530.1875000 -8581.1171875 -8839.1054688 -8548.4267578 -8725.6738281 -8527.3066406 -8542.1513672 -8521.0166016 -8439.5830078
-8653.5039062 -8805.1533203 -8768.7753906 -8893.4287109 -8444.6884766 -8608.4326172 -8784.2480469 -8755.7460938 -8468.9863281 -8591.0654297
-8761.4072266 -9000.8642578 -8827.5478516 -9208.0126953 -8991.0703125 -9065.0019531 -8825.1826172 -8887.1240234 -8988.5449219 -8892.9638672
-8297.8173828 -8100.5673828 -8484.3798828 -8688.5673828 -8471.6367188 -8554.5869141 -8452.4365234 -8423.2197266 -8354.9511719 -8338.6308594
-8578.5634766 -8717.6005859 -8642.5458984 -9018.0312500 -8725.5019531 -8840.6679688 -8651.7109375 -8691.1455078 -8645.2109375 -8583.9042969
-8861.0468750 -9099.9726562 -8915.9990234 -9387.0019531 -8989.9628906 -9101.8134766 -8942.9267578 -8978.3710938 -9007.0595703 -8978.8085938
-8672.5595703 -8790.6064453 -8644.8808594 -9005.9287109 -8777.7636719 -8871.7294922 -8633.7119141 -8728.1494141 -8773.3974609 -8691.9033203
-8237.6455078 -8426.1669922 -8391.0156250 -8453.5537109 -8128.5839844 -8186.9287109 -8472.9501953 -8371.3896484 -7974.6132812 -8205.1181641
-8423.6093750 -8690.9775391 -8594.8281250 -8721.2216797 -8284.9609375 -8433.2949219 -8575.3378906 -8541.9072266 -8220.3701172 -8398.4345703
-7774.1621094 -8074.4184570 -7940.7988281 -8310.2304688 -8025.0859375 -8301.9150391 -7771.2041016 -7880.1162109 -7965.9023438 -7966.6308594
-8548.8447266 -8712.2568359 -8757.2333984 -8805.5791016 -8471.9990234 -8490.4189453 -8707.9277344 -8704.4238281 -8273.7890625 -8570.3183594
-8027.5385742 -8321.0820312 -8201.6875000 -8426.8593750 -8253.6826172 -8385.5751953 -8152.9565430 -8211.1640625 -8222.4169922 -8158.6767578
-8078.0922852 -8346.3164062 -8313.8681641 -8420.5263672 -8219.4462891 -8338.5683594 -8326.7363281 -8230.5820312 -8174.8769531 -8084.6269531
-7905.8403320 -8178.7226562 -8010.3833008 -8408.8710938 -8087.2456055 -8228.7968750 -7941.8862305 -8047.2001953 -8038.8994141 -8008.2392578
-7774.9101562 -8021.4951172 -7857.8901367 -8234.0224609 -8007.8369141 -8065.6523438 -7474.6718750 -7784.0288086 -8025.0053711 -7877.0302734
-8855.0283203 -9064.7031250 -8893.3095703 -9293.1699219 -9064.8632812 -9150.4277344 -8578.9521484 -8926.7490234 -9059.2685547 -8960.9062500
-7822.4145508 -8031.5888672 -7945.0864258 -8522.3789062 -8075.3164062 -8223.5029297 -7842.2929688 -7873.9082031 -8067.1206055 -7962.1201172
-9017.3154297 -9226.2363281 -9100.6660156 -9407.3203125 -9240.6923828 -9297.0605469 -8812.7236328 -9060.1611328 -9157.4306641 -9137.4042969
-8182.8637695 -8371.0625000 -8158.4189453 -8690.1005859 -8395.3515625 -8552.1015625 -7897.3471680 -8181.7568359 -8388.0273438 -8226.4238281
-8984.9501953 -9132.9941406 -9121.5810547 -9252.6289062 -8882.3886719 -8891.2900391 -9132.0439453 -9143.9326172 -8723.8173828 -8967.1240234
-8754.3085938 -8959.5644531 -8872.0634766 -9025.9277344 -8580.8525391 -8379.3369141 -8929.2558594 -8938.1230469 -8608.7080078 -8805.3486328
-9147.2509766 -9251.6972656 -9284.8310547 -9451.6699219 -9190.0703125 -9290.7880859 -9318.0117188 -9314.9150391 -9250.1640625 -9199.8437500
-9318.4101562 -9532.9023438 -9316.8974609 -9446.6367188 -9073.5097656 -9093.6064453 -9445.1621094 -9280.3789062 -9187.8701172 -9309.4531250
-8459.7939453 -8632.2226562 -8640.9062500 -8800.0751953 -8600.4589844 -8756.0234375 -8595.1875000 -8630.6650391 -8661.4951172 -8562.8173828
-8865.9560547 -8911.2021484 -8897.5273438 -9058.7929688 -8821.5712891 -8943.1083984 -8799.5859375 -8821.3906250 -8875.6669922 -8730.3789062
-9005.7646484 -9146.2685547 -9001.8671875 -9159.6914062 -8694.8496094 -8797.3105469 -9174.7812500 -8983.7099609 -8966.5292969 -8937.1103516
-8551.3974609 -8744.3251953 -8765.1328125 -9003.8652344 -8737.3515625 -8781.0517578 -8764.4843750 -8799.0693359 -8728.4619141 -8593.3613281
-8329.2177734 -8581.8212891 -8440.4140625 -8641.5771484 -8219.0449219 -8332.2373047 -8525.5244141 -8454.1875000 -8234.6005859 -8371.7958984
-8472.5644531 -8614.8837891 -8554.8964844 -8644.7304688 -8201.9033203 -8092.8940430 -8577.7382812 -8490.7480469 -8313.6523438 -8451.0000000
-8742.5791016 -8815.1191406 -8799.9228516 -8973.8457031 -8731.4482422 -8862.8125000 -8826.6445312 -8801.2919922 -8738.8222656 -8530.2324219
-8524.6103516 -8728.7890625 -8690.5117188 -8771.9707031 -8272.1259766 -8109.9467773 -8621.5107422 -8601.5976562 -8368.7548828 -8407.4599609
-8642.7089844 -8831.4921875 -8823.7089844 -9019.1738281 -8710.7255859 -8820.2324219 -8834.8847656 -8770.5673828 -8733.5332031 -8510.1992188
-7781.3359375 -7909.8383789 -7927.1821289 -8007.6269531 -7619.6459961 -7825.6743164 -7930.0625000 -7926.5893555 -7682.7890625 -7821.0009766
-8651.3623047 -8881.7236328 -8782.3798828 -8903.1494141 -8404.5292969 -8389.4394531 -8856.1005859 -8749.5683594 -8450.8437500 -8578.7099609
-8908.8925781 -9109.4072266 -8984.6806641 -9068.7871094 -8688.8837891 -8726.1406250 -9040.4501953 -8967.5419922 -8742.2568359 -8876.5869141
-8320.8427734 -8508.2060547 -8446.9687500 -8641.8691406 -8301.8974609 -8521.9755859 -8446.8564453 -8434.9980469 -8408.5498047 -8248.2529297
-8439.2460938 -8653.2080078 -8531.3339844 -8692.6875000 -8035.6962891 -8069.6523438 -8648.9179688 -8559.1777344 -8247.5595703 -8418.2734375
-8709.5615234 -8949.6357422 -8670.9658203 -8767.8671875 -8308.3896484 -8322.9785156 -8928.6054688 -8641.0966797 -8541.8291016 -8633.3681641
-8138.3056641 -8319.8681641 -8323.7695312 -8444.7470703 -8000.9521484 -8116.2993164 -8402.5019531 -8305.2958984 -8089.6074219 -8164.3999023
-8803.3056641 -9036.3037109 -8846.3789062 -9082.6416016 -8593.7900391 -8763.4863281 -8965.1035156 -8895.3652344 -8654.4199219 -8818.9472656
-8746.8876953 -8821.2626953 -8996.0146484 -9101.8886719 -8941.3652344 -8947.9707031 -8939.3847656 -8856.5078125 -8822.6337891 -8570.8095703
-8475.3056641 -8709.8906250 -8624.9716797 -8543.7197266 -8356.3554688 -8508.1591797 -8641.7890625 -8594.2812500 -8358.3085938 -8393.9951172
-8104.8354492 -8306.9609375 -8358.6748047 -8577.7841797 -8234.4238281 -8360.5097656 -8228.5634766 -8305.1777344 -8215.1962891 -8068.9194336
