-8329.4130859 -8537.4482422 -8522.3789062 -8639.6308594 -8220.0527344 -8306.2343750 -8486.3916016 -8460.5693359 -8049.7563477 -8349.9501953
-8139.9667969 -8310.5400391 -8294.6367188 -8552.3369141 -8061.4506836 -8158.3813477 -8320.7656250 -8275.0263672 -7896.9926758 -8202.9716797
-8188.8281250 -8331.3281250 -8255.9707031 -8625.8046875 -8112.8276367 -8233.5947266 -8349.6513672 -8184.4248047 -8174.8930664 -7963.1855469
-7565.1840820 -7814.5175781 -7864.7446289 -8120.5883789 -7874.1606445 -7986.6845703 -7865.0683594 -7915.9287109 -7852.5688477 -7747.1904297
-7899.0917969 -8204.8613281 -8072.6044922 -8250.3740234 -7733.4780273 -7852.7500000 -8048.3872070 -8069.1123047 -7716.4692383 -7908.7368164
-8226.0302734 -8350.7148438 -8328.2519531 -8467.0000000 -8026.0532227 -7948.5639648 -8418.7832031 -8322.4306641 -8099.9252930 -8271.9589844
-7613.6372070 -7601.3896484 -7788.8886719 -8186.2875977 -7595.4555664 -7689.4799805 -7778.9765625 -7739.7944336 -7572.1992188 -7432.3789062
-8073.5561523 -8186.3798828 -8220.3779297 -8391.4218750 -7938.9731445 -8020.8105469 -8216.1005859 -8166.5458984 -7790.7021484 -8081.1240234
-7921.7651367 -8092.2998047 -7930.1054688 -8284.6181641 -7905.6665039 -7991.7612305 -8088.6489258 -8025.1206055 -7935.4755859 -7725.3754883
-8519.9316406 -8136.0151367 -8669.6152344 -8838.0800781 -8600.2275391 -8703.0351562 -8675.6523438 -8668.8085938 -8581.7666016 -8491.0488281
-7936.3520508 -8218.7480469 -8093.4750977 -8205.1445312 -7777.0859375 -7902.2700195 -8134.9208984 -8191.6083984 -7665.2915039 -7945.1157227
-7662.3471680 -7411.2954102 -7931.3706055 -8102.7685547 -7827.9189453 -7900.8178711 -7911.8271484 -7823.8764648 -7798.8613281 -7677.4736328
-8006.9541016 -8118.8867188 -8144.4213867 -8590.6298828 -8270.3085938 -8354.6181641 -8279.1484375 -8204.5048828 -8254.7832031 -8153.2797852
-8284.0195312 -8388.3320312 -8345.4091797 -8550.2060547 -8325.2285156 -8249.5332031 -8519.9326172 -8452.3808594 -8354.0966797 -8106.5800781
-7787.7827148 -7519.4614258 -8028.9042969 -8306.0449219 -7911.8740234 -8038.1928711 -8023.5507812 -7954.0688477 -7925.0732422 -7805.6772461
-7784.0668945 -7354.1997070 -7977.3051758 -8220.6582031 -7928.0917969 -7984.7583008 -7917.6142578 -7890.0957031 -7901.5424805 -7743.7495117
-7961.8076172 -8134.8935547 -8138.7827148 -8275.2802734 -7827.7817383 -7932.9628906 -8149.0048828 -8103.3012695 -7740.0043945 -7949.1997070
-7542.5849609 -7273.6103516 -7763.8149414 -8069.7246094 -7762.0170898 -7846.8583984 -7758.7446289 -7693.1333008 -7692.7187500 -7573.0361328
-8290.9873047 -7911.3833008 -8432.1630859 -8723.1914062 -8463.9248047 -8504.4853516 -8527.3291016 -8520.6630859 -8407.7792969 -8429.9755859
-8534.7490234 -8681.4375000 -8662.7880859 -8864.0527344 -8513.0527344 -8689.5039062 -8724.7802734 -8686.2050781 -8507.5390625 -8257.1533203
-8562.8906250 -8725.7099609 -8730.0117188 -8911.5107422 -8632.9433594 -8774.6982422 -8798.4609375 -8770.2460938 -8655.1640625 -8439.7265625
-8463.2529297 -8687.1787109 -8602.4218750 -8680.0195312 -8368.4179688 -8462.9824219 -8569.1679688 -8639.2392578 -8383.3945312 -8515.6835938
-8485.6884766 -8697.7548828 -8653.4501953 -8765.0976562 -8483.4375000 -8552.0332031 -8679.7138672 -8657.8261719 -8483.2978516 -8364.8896484
-8563.6240234 -8759.3154297 -8796.7421875 -8985.5019531 -8693.0068359 -8748.2441406 -8703.7685547 -8735.6318359 -8589.4082031 -8407.1230469
-7975.1376953 -8087.1064453 -8196.6201172 -8238.1591797 -7877.4790039 -8019.9926758 -8162.6567383 -8120.1596680 -7854.4560547 -7990.5517578
-8397.9033203 -8563.7021484 -8608.4970703 -8715.3261719 -8329.4599609 -8431.5390625 -8613.7109375 -8530.8222656 -8351.5400391 -8237.5117188
-7880.3305664 -7761.1386719 -8023.8740234 -8377.2597656 -8004.9531250 -8033.0634766 -8006.7675781 -7949.8754883 -7951.2309570 -7809.4199219
-8558.5126953 -8674.7626953 -8735.4199219 -8978.9638672 -8576.0986328 -8696.2285156 -8735.6679688 -8586.7343750 -8607.5419922 -8417.8681641
-8356.5732422 -8444.2685547 -8411.7314453 -8608.8066406 -8138.2026367 -8241.2998047 -8420.4843750 -8396.6044922 -7917.6704102 -8247.8320312
-8202.4101562 -8329.3623047 -8396.4345703 -8455.7568359 -8083.8120117 -8192.8222656 -8389.5058594 -8321.1416016 -7946.1127930 -8215.8525391
-7979.3110352 -8168.9008789 -8117.2519531 -8299.1376953 -8005.6982422 -8109.1748047 -8131.0947266 -8128.4965820 -8026.0932617 -7938.8515625
-8657.6337891 -8932.9951172 -8775.4472656 -9165.8974609 -8834.6152344 -8947.2529297 -8853.9208984 -8730.1552734 -8854.7167969 -8816.6894531
-8137.3696289 -8501.3125000 -8199.0947266 -8727.1445312 -8503.3632812 -8621.7128906 -8352.2460938 -8323.7626953 -8431.3007812 -8369.5175781
-8919.9033203 -9193.9404297 -8926.0253906 -9381.6728516 -9109.6015625 -9176.6484375 -9051.1142578 -9024.4384766 -9121.6259766 -8998.4052734
-8275.2675781 -8665.4902344 -8301.3867188 -8801.6416016 -8480.7275391 -8519.4130859 -8245.0009766 -8409.5791016 -8528.1943359 -8466.9003906
-8104.6694336 -8281.8554688 -7990.7036133 -8585.4453125 -8197.5585938 -8253.2441406 -8100.9248047 -8125.4062500 -8178.3979492 -8140.3579102
-8239.5537109 -8592.4121094 -8224.1074219 -8807.7314453 -8441.1503906 -8491.8378906 -8422.2998047 -8292.5449219 -8403.7646484 -8434.3134766
-8565.8144531 -8909.9843750 -8518.9902344 -9086.2392578 -8832.6259766 -8808.9433594 -8654.9189453 -8508.7861328 -8861.5673828 -8741.3125000
-8015.1499023 -8347.9736328 -7950.6137695 -8535.9062500 -8194.2558594 -8308.6601562 -8158.0117188 -8129.9667969 -8213.1230469 -8141.2055664
-8450.6406250 -8812.3349609 -8403.4394531 -9031.0244141 -8661.5751953 -8819.4160156 -8556.9687500 -8568.0371094 -8699.8017578 -8617.2539062
-8559.3574219 -8772.1142578 -8429.4648438 -9011.4375000 -8707.6230469 -8714.4287109 -8642.6875000 -8598.7177734 -8735.2099609 -8741.2343750
-8295.1865234 -8593.3183594 -8255.1816406 -8766.6494141 -8429.0927734 -8482.7099609 -8449.4921875 -8295.5937500 -8481.2968750 -8356.9003906
-7981.9409180 -8372.1044922 -7947.8876953 -8535.8486328 -8120.5585938 -8225.6962891 -8071.6289062 -8124.8227539 -8107.5390625 -8080.3120117
-8066.7622070 -8358.9804688 -8055.6313477 -8626.7539062 -8238.8447266 -8312.1865234 -8170.1909180 -8153.1782227 -8287.9287109 -8212.7148438
-8052.8623047 -8230.2919922 -8280.0361328 -8675.6162109 -8237.5693359 -8353.5654297 -8188.5214844 -8224.9394531 -8268.3828125 -8143.6791992
-8228.8906250 -8657.9628906 -8094.5434570 -8812.7314453 -8477.1152344 -8576.9394531 -8383.0830078 -8283.4169922 -8459.5722656 -8385.8515625
-7941.5732422 -8241.4609375 -7736.0122070 -8352.8925781 -7957.8056641 -8004.2861328 -8001.5268555 -7840.9282227 -8136.6923828 -8061.0078125
-8181.3437500 -8556.9345703 -8070.7026367 -8680.2402344 -8396.4736328 -8448.4306641 -8321.9628906 -8206.4072266 -8448.7949219 -8420.2333984
-8290.0742188 -8504.6689453 -8264.9628906 -8708.0351562 -8405.6923828 -8436.3798828 -8399.3164062 -8422.1484375 -8426.3037109 -8436.8271484
-7984.9038086 -8342.2304688 -7895.5742188 -8630.0888672 -8288.6572266 -8354.0498047 -8088.4340820 -8007.8891602 -8255.9033203 -8279.6621094
-7606.6650391 -8083.6840820 -7565.2319336 -8276.1191406 -7792.8125000 -7932.7446289 -7813.0239258 -7656.0888672 -7895.5224609 -7890.2949219
-7355.8115234 -7777.4663086 -7244.7221680 -7944.8188477 -7502.7324219 -7585.4707031 -7454.6518555 -7342.4956055 -7612.8793945 -7569.4345703
-7859.6352539 -7401.4799805 -8061.8793945 -8301.0380859 -8056.1787109 -8086.3066406 -8074.2890625 -8025.9160156 -8018.9755859 -7925.8505859
-8321.7480469 -8510.8837891 -8432.7500000 -8666.2441406 -8260.6416016 -8395.4902344 -8511.9218750 -8505.5175781 -8147.7592773 -8345.1044922
-9066.7519531 -9259.4697266 -8981.3310547 -9447.3652344 -9151.2802734 -9290.0703125 -9071.7500000 -9053.5712891 -9214.8105469 -9166.4580078
-8405.0644531 -8510.1494141 -8647.2089844 -8820.2871094 -8494.6523438 -8569.3642578 -8564.8339844 -8528.7802734 -8522.4072266 -8353.9335938
-8225.7138672 -7902.1660156 -8407.4960938 -8610.7412109 -8357.0644531 -8436.2363281 -8377.6201172 -8312.1826172 -8335.6289062 -8305.8574219
-8435.4130859 -8560.7089844 -8580.2792969 -8778.4404297 -8357.7617188 -8385.1728516 -8525.2783203 -8488.5507812 -8269.9218750 -8409.3623047
-8905.2519531 -9004.7382812 -8989.7070312 -9280.0468750 -8955.8261719 -9044.8046875 -9055.6660156 -9029.1757812 -8927.4423828 -8836.9960938
-8047.9067383 -8373.1416016 -7995.9130859 -8183.0581055 -7607.0712891 -7767.5541992 -8130.1826172 -8091.6660156 -7953.6367188 -8033.5195312
-8263.2949219 -7850.1821289 -8404.4697266 -8593.3583984 -8331.5087891 -8448.6611328 -8370.6591797 -8375.2236328 -8264.0439453 -8232.9306641
-8562.4082031 -8709.2734375 -8706.6044922 -8908.8857422 -8420.3896484 -8527.0722656 -8720.9072266 -8729.1884766 -8268.5019531 -8531.4755859
-8219.1523438 -8472.2939453 -8469.6718750 -8667.5273438 -8315.7734375 -8446.0615234 -8341.9521484 -8441.4013672 -8392.6142578 -8248.5517578
-8744.3320312 -9013.1279297 -8752.3173828 -9269.1230469 -8978.2617188 -9075.2851562 -8841.3662109 -8779.1025391 -8923.0917969 -8920.8359375
-8802.9628906 -9082.1289062 -8674.1171875 -9307.8652344 -9049.8906250 -9145.6718750 -8918.1503906 -8918.8037109 -9038.1474609 -8952.6367188
-8112.7460938 -8278.6484375 -8385.0351562 -8566.2099609 -8201.5966797 -8339.3916016 -8317.0332031 -8273.3349609 -8227.7988281 -8176.4746094
-8763.0371094 -8823.5566406 -8904.7880859 -8951.6875000 -8721.0937500 -8776.6767578 -8885.7021484 -8840.9667969 -8574.7509766 -8738.1416016
-8515.8359375 -8730.6171875 -8571.1064453 -8942.4951172 -8686.3417969 -8804.0751953 -8493.6992188 -8615.8300781 -8720.5078125 -8620.6494141
-8148.4379883 -7944.9799805 -8216.1035156 -8609.2080078 -8282.9296875 -8398.7265625 -8295.2216797 -8304.0917969 -8263.4316406 -8190.2109375
-8483.5517578 -8672.0781250 -8551.1113281 -8972.6494141 -8593.8544922 -8727.0937500 -8445.1044922 -8523.9453125 -8640.8701172 -8586.6582031
-8426.2802734 -8701.0976562 -8505.7851562 -8897.3906250 -8671.7802734 -8668.9755859 -8549.7519531 -8536.9716797 -8682.7724609 -8545.5351562
-8414.1123047 -8596.8125000 -8449.5166016 -8818.4404297 -8532.4726562 -8593.9287109 -8398.6445312 -8508.4492188 -8488.4013672 -8481.1455078
-8287.5068359 -8440.4511719 -8460.4501953 -8536.9599609 -8065.1264648 -8169.9355469 -8418.3535156 -8439.2529297 -8001.0156250 -8261.4785156
-8262.4111328 -8460.9951172 -8398.4804688 -8538.9287109 -8060.0903320 -8142.6884766 -8475.1005859 -8367.8652344 -8015.4135742 -8231.0312500
-7684.0122070 -8002.1508789 -7740.5834961 -8140.9467773 -7784.1015625 -7851.8271484 -7683.0874023 -7771.8491211 -7782.0922852 -7759.2680664
-8337.3603516 -8475.5781250 -8413.5390625 -8533.7490234 -8123.7172852 -8144.5410156 -8465.5117188 -8435.5332031 -7956.1572266 -8220.1054688
-7863.5922852 -8192.6923828 -7943.6357422 -8311.9511719 -8097.7299805 -8128.6713867 -7858.4384766 -7929.8378906 -8073.1699219 -8062.4960938
-7874.4536133 -8075.7163086 -8026.0317383 -8222.2939453 -7897.9780273 -7994.5629883 -8073.8940430 -7972.6538086 -7959.6279297 -7743.1064453
-7602.7607422 -7901.1333008 -7774.7529297 -8153.3691406 -7813.8129883 -7970.1708984 -7628.5883789 -7759.5068359 -7783.9208984 -7813.4838867
-7223.7939453 -7742.9868164 -7358.0048828 -7963.1162109 -7473.0986328 -7627.4868164 -7098.9511719 -7420.9379883 -7565.4428711 -7499.3452148
-8714.2763672 -8989.4843750 -8701.7451172 -9166.0107422 -8885.7841797 -8941.6982422 -8408.2666016 -8826.8564453 -8924.8183594 -8861.1611328
-7621.0209961 -7910.6962891 -7681.4687500 -8189.8134766 -7780.5751953 -7879.9189453 -7676.6445312 -7823.0986328 -7717.1630859 -7652.4472656
-9009.5732422 -9369.7041016 -9085.4716797 -9543.9814453 -9234.0878906 -9271.5703125 -8822.7988281 -9033.0048828 -9174.4462891 -9149.8701172
-8158.9575195 -8539.5820312 -8246.2900391 -8746.6201172 -8463.3828125 -8505.1347656 -7860.8627930 -8292.7236328 -8409.8701172 -8324.9101562
-8610.1503906 -8774.7714844 -8751.6660156 -8948.6572266 -8467.5869141 -8581.7597656 -8800.0214844 -8751.2714844 -8401.2314453 -8650.6689453
-8548.5029297 -8745.9404297 -8707.4794922 -8775.0703125 -8338.3154297 -8215.2431641 -8749.6240234 -8678.2509766 -8429.5673828 -8615.4482422
-8863.2636719 -9079.3779297 -9101.4501953 -9301.5986328 -9078.6875000 -9099.2929688 -9164.5507812 -9079.0546875 -8986.0732422 -8956.1435547
-8916.2705078 -9182.5000000 -9034.5400391 -9001.5761719 -8764.3632812 -8750.0156250 -9090.4931641 -9028.7431641 -8889.8496094 -8944.9814453
-8168.3579102 -8458.5917969 -8365.5371094 -8721.0683594 -8392.3896484 -8490.2753906 -8371.6347656 -8447.6337891 -8414.7812500 -8319.6464844
-8778.3310547 -8966.2783203 -8928.1953125 -9049.9697266 -8821.0576172 -8902.5263672 -8973.8613281 -8895.3476562 -8869.5332031 -8782.4746094
-9215.0087891 -9270.4169922 -9129.0703125 -9194.5322266 -8663.2851562 -8838.3828125 -9250.6523438 -9186.6308594 -8998.3056641 -9080.9511719
-8429.7246094 -8649.1542969 -8620.4658203 -8766.1015625 -8426.3203125 -8577.7626953 -8603.4160156 -8574.6396484 -8424.8037109 -8397.5078125
-8232.7138672 -8425.6298828 -8367.6005859 -8364.9003906 -8058.8535156 -8196.4101562 -8427.9921875 -8393.2578125 -8148.4321289 -8309.9453125
-8476.4794922 -8644.1513672 -8544.8271484 -8685.5009766 -8196.2285156 -8052.4941406 -8603.5742188 -8543.8886719 -8245.2519531 -8447.9384766
-8537.2207031 -8704.9589844 -8784.1572266 -8921.5292969 -8691.4091797 -8680.5673828 -8815.9160156 -8665.3574219 -8654.7890625 -8471.5419922
-8170.7104492 -8391.5439453 -8332.6943359 -8442.3554688 -7952.8784180 -7842.6562500 -8495.3115234 -8330.7236328 -8102.9726562 -8193.1699219
-8427.8720703 -8537.1406250 -8643.9511719 -8844.8544922 -8481.2675781 -8649.9951172 -8737.6923828 -8663.3955078 -8566.5468750 -8284.9306641
-7638.0458984 -7886.3764648 -7817.4853516 -7812.3339844 -7443.1704102 -7568.6591797 -7747.8378906 -7822.9711914 -7587.1601562 -7604.9218750
-8443.9589844 -8581.2500000 -8421.0712891 -8596.3261719 -8175.8203125 -8252.2246094 -8497.7519531 -8432.2119141 -8245.1542969 -8408.2968750
-8562.2666016 -8682.2246094 -8633.2099609 -8736.1523438 -8259.1181641 -8401.0869141 -8608.6435547 -8542.1943359 -8362.1464844 -8531.2607422
-8221.4462891 -8332.4843750 -8244.9912109 -8565.8125000 -8234.0156250 -8199.4990234 -8254.7460938 -8370.5761719 -8227.1953125 -8160.6499023
-8181.7983398 -8420.6220703 -8266.4423828 -8316.8564453 -7757.6127930 -7788.7934570 -8292.5410156 -8279.3164062 -7928.6645508 -8157.0957031
-8413.5449219 -8697.3037109 -8390.3339844 -8504.2958984 -8047.6821289 -8147.5932617 -8619.7158203 -8425.6259766 -8244.7275391 -8425.0517578
-7887.6079102 -8143.7031250 -8043.2421875 -8028.5722656 -7704.0742188 -7952.8891602 -8072.6342773 -8080.7172852 -7737.8369141 -7888.8896484
-8848.0205078 -8993.4531250 -8949.5800781 -9079.3291016 -8562.7011719 -8751.1660156 -8971.2187500 -8948.5292969 -8641.3398438 -8857.5302734
-8656.9365234 -8738.8095703 -8804.0126953 -8943.3144531 -8687.6875000 -8797.2246094 -8752.4423828 -8785.7558594 -8645.6875000 -8440.0507812
-8339.9121094 -8566.5214844 -8433.5244141 -8528.7675781 -8231.8779297 -8320.8203125 -8494.6054688 -8474.9267578 -8253.7714844 -8360.3095703
-7994.6083984 -8267.4589844 -8194.1562500 -8412.5839844 -8022.4711914 -8189.6938477 -8208.5058594 -8089.2070312 -8052.2792969 -7979.1591797
