-8266.5214844 -8383.2578125 -8381.6416016 -8499.6044922 -8153.7705078 -8217.7851562 -8342.9580078 -8403.7500000 -7980.9931641 -8219.2939453
-8348.7626953 -8491.4287109 -8469.1718750 -8647.7597656 -8143.1445312 -8277.4121094 -8478.9873047 -8337.4902344 -8036.1201172 -8362.8281250
-8215.3125000 -8359.1660156 -8301.3730469 -8554.8359375 -8257.0654297 -8325.8095703 -8311.9414062 -8335.2177734 -8278.4912109 -8068.0878906
-7669.8398438 -7787.6132812 -7892.1259766 -8175.3886719 -7848.2749023 -7952.0004883 -7855.0683594 -7850.7006836 -7747.8222656 -7729.6088867
-7609.5585938 -7877.3642578 -7856.8085938 -8049.5458984 -7507.5639648 -7615.6840820 -7832.6694336 -7763.9384766 -7516.4902344 -7751.5771484
-8460.6923828 -8600.0576172 -8547.1435547 -8643.4492188 -8233.8271484 -8150.1362305 -8595.6347656 -8562.7382812 -8243.8251953 -8434.8066406
-7765.3779297 -7871.6733398 -7896.2177734 -8130.2055664 -7765.9345703 -7919.5581055 -7914.9252930 -7863.3798828 -7793.1362305 -7526.1997070
-8503.6308594 -8569.5751953 -8564.6660156 -8637.0029297 -8271.4589844 -8368.0234375 -8640.3486328 -8630.9746094 -8162.0649414 -8482.9609375
-8097.6191406 -8296.9824219 -8233.1386719 -8468.0585938 -8194.4238281 -8304.5087891 -8225.4101562 -8225.1689453 -8201.2460938 -7946.9492188
-8817.4882812 -8518.0976562 -9006.4609375 -9218.5751953 -8933.4853516 -9011.9179688 -8964.2675781 -8925.3349609 -8879.0312500 -8869.3320312
-7998.0551758 -8085.4472656 -8092.4179688 -8186.3007812 -7759.3632812 -7835.3574219 -8069.9355469 -8020.0976562 -7721.7265625 -7951.0820312
-7839.7949219 -7501.9921875 -8069.5410156 -8332.0371094 -7921.6777344 -8014.9077148 -7986.1801758 -8100.8593750 -7931.9833984 -7917.4272461
-7980.8168945 -8239.8710938 -8152.2031250 -8664.8857422 -8222.4716797 -8418.7802734 -8182.0615234 -8243.7656250 -8281.2695312 -7989.9414062
-8317.4570312 -8547.1376953 -8379.9023438 -8705.9199219 -8341.2343750 -8389.7548828 -8475.6923828 -8457.2548828 -8384.8330078 -8148.0078125
-8056.9995117 -7752.2758789 -8281.6884766 -8498.7138672 -8219.6650391 -8264.2539062 -8237.5380859 -8203.7031250 -8214.1425781 -8216.6210938
-7748.9677734 -7426.1601562 -7933.7880859 -8205.9580078 -7896.0595703 -7945.2451172 -7943.3989258 -7870.4199219 -7778.3540039 -7791.0883789
-8283.8554688 -8332.3232422 -8352.1328125 -8470.1083984 -8050.0742188 -8136.7163086 -8429.6035156 -8305.6552734 -7954.4091797 -8247.3984375
-7688.8178711 -7368.8574219 -7919.8164062 -8247.1777344 -7761.9238281 -7880.0791016 -7867.4580078 -7850.9379883 -7729.0053711 -7683.8740234
-8147.5566406 -7827.6547852 -8372.1416016 -8660.4765625 -8350.2490234 -8412.6767578 -8258.7861328 -8299.0517578 -8305.4628906 -8238.9609375
-8371.9882812 -8554.5009766 -8501.1181641 -8781.9687500 -8530.0449219 -8579.7763672 -8547.8037109 -8531.6552734 -8384.0791016 -8222.5947266
-8883.2666016 -9044.1767578 -8995.2880859 -9323.3398438 -9021.3212891 -9151.5136719 -9050.9755859 -8963.1630859 -8952.5712891 -8768.4003906
-8720.2187500 -8895.5224609 -8877.6347656 -8932.0869141 -8560.5078125 -8679.0625000 -8821.2500000 -8896.6826172 -8558.2705078 -8788.5869141
-8708.9511719 -8986.6074219 -8899.8964844 -9090.4931641 -8745.6054688 -8799.0458984 -8910.0507812 -8803.2548828 -8795.7871094 -8617.6611328
-8512.1357422 -8686.4150391 -8639.7763672 -8796.2714844 -8584.0566406 -8716.7880859 -8672.6748047 -8547.8349609 -8527.3935547 -8424.3486328
-8156.2006836 -8337.0908203 -8262.0039062 -8418.3789062 -7944.7084961 -8061.1137695 -8363.6015625 -8302.2597656 -7790.3955078 -8110.0488281
-8625.2490234 -8830.7060547 -8829.2685547 -8952.3066406 -8675.8154297 -8717.0878906 -8820.6962891 -8770.5537109 -8724.4277344 -8497.1611328
-8274.4003906 -8016.1503906 -8410.1201172 -8580.2587891 -8304.1718750 -8442.0009766 -8385.1376953 -8391.5009766 -8306.7138672 -8273.8759766
-8643.3349609 -8962.4306641 -8809.5039062 -9097.0888672 -8792.6562500 -8901.8867188 -8927.0517578 -8829.7109375 -8764.2792969 -8626.0205078
-8487.4814453 -8573.6572266 -8631.9716797 -8726.2099609 -8350.9189453 -8497.2255859 -8696.7324219 -8620.4667969 -8149.6513672 -8411.8603516
-8327.1572266 -8401.7392578 -8354.1347656 -8638.0107422 -8156.3310547 -8254.7500000 -8437.2021484 -8403.6728516 -8106.0371094 -8336.6064453
-8173.5913086 -8409.9570312 -8380.6738281 -8590.2744141 -8329.2890625 -8441.7294922 -8423.3818359 -8381.1367188 -8318.4648438 -8249.9101562
-9119.7041016 -9325.7695312 -9119.6865234 -9583.1083984 -9375.7666016 -9451.0263672 -9187.0234375 -9127.5595703 -9239.7080078 -9178.7314453
-7969.2763672 -8211.8994141 -7933.5419922 -8544.1855469 -8207.9033203 -8308.4648438 -8059.0092773 -8041.1157227 -8184.5366211 -8171.2338867
-9085.9179688 -9319.2197266 -9042.1191406 -9459.8876953 -9228.0908203 -9349.8691406 -9117.5732422 -9112.3544922 -9214.4619141 -9187.3476562
-8499.7421875 -8590.2363281 -8489.2509766 -8941.8671875 -8641.2050781 -8700.8027344 -8432.1669922 -8489.5986328 -8572.9091797 -8455.8300781
-8044.4448242 -8452.9843750 -8006.5839844 -8644.1982422 -8305.6386719 -8448.0000000 -8166.0419922 -8206.6064453 -8343.6669922 -8233.9121094
-8306.0556641 -8485.1230469 -8316.8408203 -8766.2460938 -8442.3271484 -8559.1533203 -8367.7441406 -8354.5097656 -8441.6611328 -8401.7158203
-8344.5292969 -8548.5214844 -8175.6967773 -8821.0654297 -8616.7490234 -8653.9951172 -8398.1035156 -8439.8291016 -8488.0664062 -8411.4794922
-8188.0878906 -8474.4404297 -8187.0332031 -8753.5087891 -8383.8193359 -8441.5712891 -8300.3476562 -8329.1279297 -8317.3349609 -8250.3339844
-8457.2050781 -8749.6621094 -8344.2958984 -8987.0166016 -8650.3544922 -8804.2939453 -8516.4687500 -8636.4394531 -8553.3125000 -8666.8808594
-8470.4580078 -8708.5517578 -8442.5791016 -9026.9423828 -8616.5800781 -8707.8984375 -8552.1367188 -8511.7255859 -8642.4873047 -8675.0781250
-8285.4023438 -8594.1259766 -8325.8798828 -8755.1875000 -8496.8330078 -8492.1484375 -8416.0175781 -8352.9003906 -8476.3369141 -8478.9550781
-7779.9477539 -8208.6162109 -7665.1191406 -8236.8505859 -7994.0815430 -8147.4316406 -7988.7260742 -7722.9033203 -8038.1113281 -7932.5327148
-8106.6474609 -8394.0205078 -8084.6669922 -8612.6503906 -8278.3867188 -8395.5429688 -8164.6718750 -8174.0419922 -8279.8466797 -8299.6982422
-8167.0913086 -8532.8427734 -8327.4560547 -8844.5791016 -8434.3437500 -8522.1259766 -8386.4492188 -8441.9707031 -8465.8437500 -8352.7539062
-7888.8642578 -8235.4003906 -7763.2880859 -8388.2832031 -8159.8398438 -8203.7353516 -7938.1684570 -7942.3564453 -8062.6293945 -8062.9746094
-7747.0874023 -8016.4873047 -7665.0507812 -8139.0634766 -7893.7861328 -7844.9301758 -7850.5083008 -7749.6284180 -7885.9384766 -7733.5820312
-8127.8999023 -8458.3476562 -8097.4658203 -8673.3544922 -8299.3525391 -8408.2343750 -8222.0234375 -8089.4863281 -8381.0380859 -8304.1943359
-8566.9589844 -8811.1552734 -8491.3945312 -8983.3837891 -8646.8564453 -8753.8583984 -8628.2597656 -8555.9042969 -8620.1503906 -8609.0605469
-8138.5698242 -8382.6884766 -8120.2871094 -8701.6250000 -8342.8750000 -8442.3339844 -8157.8183594 -8199.3398438 -8235.0830078 -8212.2363281
-7765.6337891 -8154.9301758 -7700.3085938 -8221.5664062 -8008.3344727 -8051.3764648 -7898.3110352 -7737.3940430 -8070.4331055 -7986.5566406
-7587.6708984 -8005.8950195 -7528.0874023 -8077.7900391 -7757.4248047 -7794.4233398 -7652.3979492 -7544.1191406 -7707.5849609 -7711.6582031
-8106.4150391 -7560.7377930 -8331.7187500 -8571.0273438 -8208.7587891 -8262.2060547 -8266.4414062 -8289.4599609 -8164.3750000 -8158.5737305
-8653.0976562 -8771.4541016 -8714.4580078 -8800.5722656 -8483.2812500 -8544.5859375 -8743.6513672 -8749.8837891 -8356.9531250 -8606.4785156
-8927.0429688 -9130.2792969 -9013.6972656 -9289.5527344 -9052.5800781 -9168.1367188 -8940.6318359 -9065.0722656 -9041.9765625 -9047.7050781
-8433.6201172 -8692.2001953 -8561.1855469 -8815.8251953 -8563.8281250 -8655.6220703 -8595.1191406 -8586.5527344 -8598.1757812 -8482.3349609
-8355.8984375 -8103.2670898 -8564.9189453 -8908.4677734 -8537.3457031 -8655.3603516 -8549.1826172 -8475.8164062 -8479.1152344 -8463.9951172
-8693.2744141 -8782.7128906 -8677.8945312 -8912.6250000 -8551.6894531 -8553.2246094 -8757.6835938 -8758.5625000 -8386.9042969 -8630.1142578
-8880.7500000 -9004.7685547 -8987.0058594 -9234.6035156 -8926.5673828 -9053.4042969 -8964.8378906 -9004.1132812 -8922.4980469 -8762.8955078
-8390.1904297 -8695.0039062 -8420.2343750 -8492.3847656 -8044.3862305 -8021.0634766 -8550.1201172 -8438.4931641 -8214.9316406 -8430.3046875
-8326.5253906 -7975.7807617 -8513.0273438 -8790.6699219 -8504.0615234 -8589.4667969 -8485.2802734 -8506.4482422 -8427.4667969 -8328.7236328
-8760.2871094 -8852.1660156 -8894.9013672 -8993.8144531 -8630.7539062 -8698.3613281 -8874.4794922 -8827.9472656 -8509.8007812 -8679.7119141
-8288.6777344 -8580.4238281 -8459.4521484 -8765.2607422 -8296.5517578 -8438.3789062 -8524.4931641 -8502.0839844 -8407.2783203 -8326.4492188
-8836.2685547 -8949.7773438 -8871.2509766 -9210.9697266 -8862.1845703 -8971.5048828 -8811.7714844 -8871.7978516 -8904.7666016 -8952.9970703
-8827.7695312 -9030.7236328 -8596.1230469 -9151.5205078 -9010.7070312 -9047.0205078 -8902.0351562 -8822.4169922 -8959.3417969 -8934.3232422
-8427.9316406 -8524.0644531 -8523.5664062 -8900.4482422 -8498.0917969 -8649.2822266 -8490.3593750 -8476.3125000 -8484.2568359 -8494.5185547
-8707.5791016 -8755.7177734 -8772.1396484 -8958.4511719 -8534.3193359 -8630.4716797 -8816.7246094 -8759.0449219 -8446.4902344 -8641.8339844
-8820.9589844 -8933.9033203 -8931.5439453 -9271.6015625 -8925.7226562 -8997.1894531 -8836.9052734 -8871.4248047 -8883.8994141 -8883.8476562
-8065.0185547 -7858.9975586 -8219.3955078 -8586.9169922 -8209.0488281 -8293.2509766 -8301.8886719 -8197.9931641 -8136.3862305 -8096.0356445
-8661.9482422 -8910.5683594 -8817.8154297 -9184.1005859 -8808.4296875 -9023.7958984 -8619.0419922 -8820.8427734 -8878.0527344 -8847.0517578
-8711.3505859 -8891.0468750 -8770.8027344 -9132.3593750 -8827.1689453 -8927.8095703 -8754.3164062 -8790.6582031 -8753.8740234 -8803.0751953
-8420.9462891 -8597.8925781 -8480.3115234 -8828.3574219 -8577.5253906 -8696.7119141 -8353.9091797 -8555.3574219 -8527.5078125 -8540.9658203
-8561.9062500 -8526.6826172 -8618.1210938 -8705.9550781 -8261.7753906 -8363.8154297 -8651.3212891 -8614.0664062 -8272.8906250 -8447.3681641
-8710.4707031 -8782.1455078 -8813.9394531 -8865.8857422 -8450.4267578 -8532.9794922 -8776.8769531 -8730.1191406 -8353.2070312 -8643.0283203
-7840.6186523 -8172.6420898 -7952.7617188 -8452.8281250 -8108.7919922 -8210.3769531 -7901.0458984 -7994.4062500 -8087.1445312 -8001.3798828
-8415.7490234 -8482.8652344 -8576.7636719 -8663.3847656 -8213.0214844 -8359.5605469 -8583.1494141 -8425.7841797 -8156.2387695 -8406.8222656
-8111.9780273 -8411.1328125 -8228.3554688 -8603.6914062 -8284.8496094 -8451.6953125 -8168.8422852 -8202.9228516 -8313.1494141 -8306.1093750
-8061.9111328 -8336.2314453 -8223.0253906 -8537.2802734 -8145.4873047 -8299.6367188 -8241.2607422 -8200.2978516 -8167.5126953 -8032.0122070
-7740.8383789 -7966.1479492 -7832.8525391 -8307.3916016 -7912.4160156 -8056.0375977 -7685.2265625 -7867.5708008 -7906.0576172 -7870.7031250
-7371.4980469 -7670.7563477 -7495.5405273 -7854.4770508 -7595.4638672 -7646.4296875 -7136.4111328 -7442.4384766 -7553.6899414 -7569.1997070
-8742.3212891 -9075.0957031 -8828.5947266 -9260.3750000 -9024.8154297 -9074.1181641 -8634.4140625 -8933.7597656 -9022.6523438 -8886.9775391
-7689.7744141 -7943.9990234 -7737.1210938 -8262.8134766 -7839.7861328 -7981.9169922 -7650.1645508 -7803.2167969 -7813.4389648 -7833.1430664
-8911.8574219 -9218.5703125 -8905.5546875 -9421.3554688 -9222.4541016 -9399.2675781 -8748.3964844 -9077.3984375 -9172.4775391 -9066.1230469
-8075.6049805 -8298.0937500 -8113.1772461 -8510.4589844 -8234.4697266 -8353.5117188 -7898.9750977 -8183.5102539 -8213.4130859 -8251.5263672
-9170.1103516 -9260.4628906 -9212.6835938 -9339.7460938 -9041.4238281 -9096.2001953 -9293.7871094 -9219.8896484 -8874.0927734 -9181.3593750
-8583.1474609 -8674.1230469 -8684.2333984 -8720.8828125 -8335.0781250 -8107.4760742 -8708.4296875 -8691.6201172 -8377.8261719 -8548.3720703
-9146.0546875 -9259.6601562 -9230.4804688 -9543.5068359 -9272.2246094 -9347.8339844 -9207.0498047 -9250.2089844 -9202.5751953 -9158.7275391
-9222.9609375 -9474.6220703 -9286.7666016 -9305.7753906 -9000.3730469 -9022.2812500 -9363.7080078 -9266.7783203 -9136.1601562 -9267.6650391
-8624.6582031 -8822.1503906 -8722.6992188 -9073.9921875 -8787.5068359 -8900.3457031 -8745.5009766 -8744.3183594 -8756.1689453 -8629.7900391
-8854.1132812 -9052.6455078 -8951.2939453 -9261.8027344 -8895.2500000 -8970.7841797 -8935.9736328 -8924.5273438 -8939.8476562 -8779.5615234
-9291.1074219 -9491.0703125 -9312.0449219 -9309.5664062 -9009.1230469 -9019.9052734 -9316.5937500 -9286.9335938 -9173.9130859 -9277.8867188
-8483.6367188 -8752.4843750 -8595.2402344 -8797.1562500 -8510.9931641 -8628.5175781 -8633.4140625 -8640.4726562 -8514.4599609 -8453.5820312
-8363.7304688 -8509.0087891 -8418.2109375 -8448.6855469 -8126.3486328 -8242.0703125 -8453.8876953 -8428.6054688 -8181.8642578 -8336.9814453
-8534.2011719 -8704.4570312 -8644.0703125 -8801.3652344 -8304.0371094 -8137.3105469 -8724.9404297 -8678.3974609 -8395.7656250 -8573.0097656
-8629.1445312 -8789.7910156 -8769.3085938 -8954.2041016 -8716.0986328 -8841.0146484 -8762.3173828 -8746.7597656 -8676.4619141 -8466.4658203
-8500.9169922 -8646.4833984 -8654.9765625 -8749.1367188 -8250.4384766 -8082.3691406 -8686.7636719 -8626.5234375 -8411.7714844 -8616.9619141
-8506.9746094 -8658.0839844 -8619.5097656 -8816.2792969 -8572.9980469 -8641.9316406 -8544.9628906 -8610.9707031 -8502.7763672 -8340.6210938
-7786.5791016 -7950.1000977 -8006.1352539 -7929.8344727 -7491.0786133 -7671.5791016 -7877.2685547 -7850.4667969 -7570.0532227 -7825.0366211
-8570.9765625 -8731.3730469 -8622.1582031 -8857.4960938 -8429.3115234 -8324.6757812 -8716.0341797 -8635.4062500 -8432.1494141 -8613.1933594
-8816.2539062 -8905.0302734 -8852.6376953 -8991.2333984 -8567.8281250 -8539.9218750 -8817.0234375 -8851.5771484 -8629.8974609 -8799.0273438
-8352.5937500 -8524.9951172 -8540.9511719 -8813.7011719 -8371.0517578 -8632.1591797 -8537.6875000 -8489.2617188 -8439.9111328 -8295.5986328
-8353.8154297 -8595.3906250 -8518.6503906 -8610.5175781 -7968.2905273 -7968.5678711 -8574.5888672 -8448.7792969 -8214.4550781 -8370.5322266
-8576.0380859 -8897.0302734 -8635.1093750 -8655.3330078 -8239.4824219 -8274.4687500 -8791.2333984 -8512.5595703 -8395.2304688 -8583.2548828
-8138.4863281 -8283.3310547 -8265.4355469 -8301.2919922 -7863.6376953 -8057.7700195 -8280.9687500 -8228.5849609 -7929.3833008 -8179.0834961
-8700.2656250 -8861.0742188 -8823.1162109 -8882.7812500 -8419.2939453 -8548.9550781 -8805.8945312 -8746.5205078 -8465.5498047 -8672.0742188
-8956.7919922 -9080.6826172 -9077.4355469 -9265.2177734 -8999.9003906 -9066.1289062 -9026.0986328 -9002.7880859 -8987.6513672 -8676.0410156
-8690.8583984 -8791.0439453 -8818.3906250 -8730.3447266 -8490.2285156 -8590.0234375 -8814.8447266 -8773.7041016 -8517.4482422 -8693.1347656
-8149.9858398 -8414.5820312 -8316.6464844 -8581.0263672 -8194.6474609 -8330.5527344 -8331.4472656 -8244.0039062 -8239.4541016 -8107.3959961
