-8439.7138672 -7984.2553711 -8582.6054688 -8878.1152344 -8566.3544922 -8683.7373047 -8549.5878906 -8686.7978516 -8541.6318359 -8431.7177734
-8394.1035156 -8461.6093750 -8539.0566406 -8630.2734375 -8397.4824219 -8550.3613281 -8530.0371094 -8552.3886719 -8414.2001953 -8193.3349609
-8536.3720703 -8149.5102539 -8820.2363281 -8969.5634766 -8711.1748047 -8861.0644531 -8712.9482422 -8678.5585938 -8666.1484375 -8696.2128906
-8448.5751953 -7927.9912109 -8627.0996094 -8805.5458984 -8534.3544922 -8549.2441406 -8589.2158203 -8582.7714844 -8530.0927734 -8478.7509766
-8027.3876953 -7692.8393555 -8263.6679688 -8422.7587891 -8198.1308594 -8342.6748047 -8185.6782227 -8256.8486328 -8146.4482422 -8056.2104492
-8327.1767578 -8532.5488281 -8525.8955078 -8597.5468750 -8258.0654297 -8371.6328125 -8543.9296875 -8495.1259766 -8131.6137695 -8400.0078125
-7900.5258789 -7508.6567383 -8176.8569336 -8287.1650391 -8000.2075195 -8120.4233398 -7996.1108398 -8133.6372070 -8032.4726562 -7930.5766602
-7849.3862305 -7504.2968750 -7983.7231445 -8331.7900391 -8002.6547852 -8088.1909180 -8043.7255859 -8052.9843750 -7989.9379883 -7914.5029297
-8236.8613281 -8385.2128906 -8443.6669922 -8490.6826172 -8040.5366211 -8184.6752930 -8353.9238281 -8423.8857422 -7967.9951172 -8246.1171875
-8562.6289062 -8733.6835938 -8707.1220703 -8905.9775391 -8631.9394531 -8750.8095703 -8686.0546875 -8633.9541016 -8688.8574219 -8426.3730469
-8039.7924805 -7590.1772461 -8265.4335938 -8506.8271484 -8186.5561523 -8354.8183594 -8326.2822266 -8262.7812500 -8153.7714844 -8056.1523438
-8202.4492188 -7737.7597656 -8319.0585938 -8716.7705078 -8365.2578125 -8444.0605469 -8373.8964844 -8435.6562500 -8289.7177734 -8214.9150391
-7991.3027344 -7728.5351562 -8172.0200195 -8502.5449219 -8036.8974609 -8135.9853516 -8104.3481445 -8159.1977539 -8017.7021484 -7991.7934570
-8270.7675781 -8371.2236328 -8394.7343750 -8539.3789062 -8000.2260742 -8137.5678711 -8379.9707031 -8417.2988281 -7906.3168945 -8239.5791016
-8678.2832031 -8787.4062500 -8733.1513672 -8807.8857422 -8531.9462891 -8565.1894531 -8773.8759766 -8757.0097656 -8436.5712891 -8616.7099609
-8159.3740234 -8317.4033203 -8338.8525391 -8386.2402344 -8015.2060547 -8060.8242188 -8311.2578125 -8281.8623047 -7907.4526367 -8051.8583984
-8117.6845703 -7602.3881836 -8296.9277344 -8614.3203125 -8244.8583984 -8342.8408203 -8253.6367188 -8221.8583984 -8124.9951172 -8118.5869141
-7874.0976562 -7324.7851562 -8132.9746094 -8311.8232422 -7984.2944336 -8174.3979492 -8073.7021484 -7999.0361328 -8043.1831055 -7921.1196289
-7840.6635742 -7425.0786133 -8081.7807617 -8231.8955078 -8032.6982422 -8165.9609375 -8092.5854492 -8089.5024414 -8033.4233398 -7959.2333984
-7748.0449219 -7784.4326172 -7927.8574219 -8060.4399414 -7561.2949219 -7679.4262695 -7951.8178711 -7875.4306641 -7486.6660156 -7706.3457031
-8132.9902344 -8309.0771484 -8250.0400391 -8387.4218750 -7947.4775391 -8063.2836914 -8315.6279297 -8228.7275391 -7780.5571289 -8082.5034180
-8169.3525391 -7791.5502930 -8352.5058594 -8550.3828125 -8266.8134766 -8341.3232422 -8275.7431641 -8306.5166016 -8216.5195312 -8134.3354492
-7965.8671875 -7599.4409180 -8239.2714844 -8481.2744141 -8213.4033203 -8289.8974609 -8169.4086914 -8245.8535156 -8132.0751953 -8072.8378906
-7727.4921875 -7292.0795898 -7930.1367188 -8197.3613281 -7876.2612305 -7925.4013672 -7841.1752930 -7936.0454102 -7896.7963867 -7768.9018555
-8161.0507812 -8323.7402344 -8334.4599609 -8480.2802734 -7930.4980469 -7981.5063477 -8381.3447266 -8264.7197266 -7801.6640625 -8112.4492188
-8155.0498047 -7812.9350586 -8321.4296875 -8646.7402344 -8426.0742188 -8501.0751953 -8320.4541016 -8382.1640625 -8368.0175781 -8238.2841797
-7878.6860352 -7528.3754883 -8079.3657227 -8344.7011719 -8034.4970703 -8154.7124023 -8143.9008789 -8074.2983398 -7995.4331055 -7873.2426758
-7835.4912109 -7442.7255859 -8008.8017578 -8285.9033203 -8012.5678711 -8170.5605469 -8107.7666016 -8048.2641602 -8015.4511719 -7928.0175781
-8537.3925781 -8775.1562500 -8732.5947266 -8784.9843750 -8428.6660156 -8533.7724609 -8647.5126953 -8760.4492188 -8354.5000000 -8601.4990234
-7944.0375977 -8021.4243164 -8036.7368164 -8343.6210938 -7990.3964844 -8069.9428711 -8073.4653320 -8023.0546875 -7927.4780273 -7702.7158203
-7939.7978516 -7654.4682617 -8161.2226562 -8417.9931641 -8093.3759766 -8224.0234375 -8140.5454102 -8148.4726562 -8075.4052734 -8078.6513672
-8249.4248047 -7731.7802734 -8454.7578125 -8606.0361328 -8298.1044922 -8423.3173828 -8397.8066406 -8390.6542969 -8339.3818359 -8280.3066406
-8082.5864258 -8179.4038086 -8215.9248047 -8338.7138672 -7863.2446289 -8002.4282227 -8152.2895508 -8193.9755859 -7807.6855469 -8036.5400391
-8074.0747070 -8138.7861328 -8177.9995117 -8490.2031250 -8118.3305664 -8388.0039062 -8164.8818359 -8225.4199219 -8201.7070312 -7818.6459961
-8582.7841797 -8619.4062500 -8780.1718750 -9026.1992188 -8632.0273438 -8703.3476562 -8731.5830078 -8714.5205078 -8589.6103516 -8319.3271484
-8293.5361328 -8396.3984375 -8368.2236328 -8411.6162109 -8051.8432617 -8108.4506836 -8416.8593750 -8391.3251953 -7948.8237305 -8225.7919922
-8121.0048828 -8291.6699219 -8219.5039062 -8360.7802734 -7888.7900391 -7908.0483398 -8194.4433594 -8238.3359375 -7745.0522461 -8047.8662109
-8180.9643555 -8296.4423828 -8242.5703125 -8426.5214844 -7943.5161133 -7919.0913086 -8288.9667969 -8343.9287109 -7725.7299805 -8098.5537109
-7879.9897461 -8008.1938477 -8079.0922852 -8443.0820312 -7986.8310547 -8148.9130859 -8040.6513672 -8045.2358398 -7906.4931641 -7605.0068359
-8210.1083984 -8273.6699219 -8365.1298828 -8435.0869141 -7972.0883789 -8074.4887695 -8261.5351562 -8269.6210938 -7945.2128906 -8129.9584961
-8225.7285156 -8365.1054688 -8479.9541016 -8539.0517578 -8063.5722656 -8182.9663086 -8410.7373047 -8358.9902344 -7941.1860352 -8254.3466797
-7860.6997070 -8020.2255859 -8013.3964844 -8197.2675781 -7837.1796875 -7978.4189453 -7917.5976562 -7960.8901367 -7757.9472656 -7472.6557617
-7703.7500000 -7931.0947266 -7929.2792969 -8280.4042969 -7867.0400391 -7964.6079102 -7897.9809570 -7881.3383789 -7912.5185547 -7490.7236328
-8539.2089844 -8201.7587891 -8645.0175781 -8858.3066406 -8694.2841797 -8810.8691406 -8717.7050781 -8656.4042969 -8647.2207031 -8546.8945312
-8240.3984375 -8278.4804688 -8384.6074219 -8444.8476562 -8025.0566406 -8136.7885742 -8357.8671875 -8407.9423828 -8033.5219727 -8149.9335938
-8158.7973633 -8368.6259766 -8309.6826172 -8382.7421875 -7901.0805664 -8093.1738281 -8264.8964844 -8245.0664062 -7805.8593750 -8047.2246094
-8371.5615234 -8628.5976562 -8518.2353516 -8542.0419922 -8202.8359375 -8255.4755859 -8463.6611328 -8475.4892578 -8075.9438477 -8276.3769531
-8150.8188477 -7683.2822266 -8409.1933594 -8540.0585938 -8249.4716797 -8370.7314453 -8289.5556641 -8305.9960938 -8248.5634766 -8237.5488281
-8532.0498047 -8645.4843750 -8570.3427734 -8632.9277344 -8324.1806641 -8309.7685547 -8588.5019531 -8635.9521484 -8156.3305664 -8453.4042969
-8221.0654297 -8398.0673828 -8448.1708984 -8473.0126953 -8047.4643555 -8227.0302734 -8407.1259766 -8342.5820312 -7981.9033203 -8179.6005859
-8119.1123047 -8308.7314453 -8306.8662109 -8474.1728516 -7993.0166016 -8131.4648438 -8355.3320312 -8298.3095703 -7908.5253906 -8096.0927734
-8450.8564453 -8564.6855469 -8559.8310547 -8831.3798828 -8521.6796875 -8628.0126953 -8685.0830078 -8573.4589844 -8426.8847656 -8271.7402344
-7757.5156250 -7834.3012695 -7880.3593750 -8178.3666992 -7727.2329102 -7857.7324219 -7914.6044922 -7929.9580078 -7734.5893555 -7450.6821289
-8236.6718750 -8420.9433594 -8421.5058594 -8712.9960938 -8245.2265625 -8374.8359375 -8444.8828125 -8521.8906250 -8263.1894531 -8072.0820312
-8163.9643555 -8397.9902344 -8328.2802734 -8568.8535156 -8284.3964844 -8299.6982422 -8391.8037109 -8387.6318359 -8201.5615234 -8014.3725586
-8633.3037109 -8777.0849609 -8794.6542969 -9001.1250000 -8729.9238281 -8843.2529297 -8823.2470703 -8772.5517578 -8648.4570312 -8439.1689453
-8200.0976562 -8239.3564453 -8422.0009766 -8558.2314453 -8235.5517578 -8247.4326172 -8285.9980469 -8353.1005859 -8200.0791016 -8000.9238281
-8228.9443359 -8361.7089844 -8418.4394531 -8592.3642578 -8266.1884766 -8344.2412109 -8392.9990234 -8448.7861328 -8195.2236328 -8077.4516602
-7764.0205078 -7881.8994141 -7934.9257812 -8122.7338867 -7756.6347656 -7913.0502930 -7851.3051758 -7936.8510742 -7734.1967773 -7481.0737305
-7967.7885742 -8141.0922852 -8111.2041016 -8367.6269531 -8030.5703125 -8144.5996094 -8092.4633789 -8083.3227539 -7963.5180664 -7712.3222656
-7642.1010742 -7209.5815430 -7796.6333008 -8061.8945312 -7763.8720703 -7763.8588867 -7682.9550781 -7807.0380859 -7631.1943359 -7613.7304688
-8223.6181641 -7819.3564453 -8418.2216797 -8585.9980469 -8356.8730469 -8461.2011719 -8441.3916016 -8317.7871094 -8262.5312500 -8179.4428711
-8171.3173828 -8432.2265625 -8379.9824219 -8378.3505859 -8016.9042969 -8162.1171875 -8354.8046875 -8296.2148438 -7986.1103516 -8167.6542969
-7689.4326172 -7860.3139648 -7851.0258789 -8080.5786133 -7673.7309570 -7799.6914062 -7813.0092773 -7816.7973633 -7710.2153320 -7377.7612305
-7741.0947266 -7940.1518555 -7961.4506836 -8249.4248047 -7781.7919922 -7897.3764648 -8002.1870117 -7880.4873047 -7786.8203125 -7606.9951172
-8481.6787109 -8864.4531250 -8675.8007812 -9036.8300781 -8761.9326172 -8900.7363281 -8783.0029297 -8743.6650391 -8794.2041016 -8743.4726562
-8462.6611328 -8777.0507812 -8714.0996094 -8977.3906250 -8755.6074219 -8795.8027344 -8683.2285156 -8640.2177734 -8715.4892578 -8765.2138672
-8272.1562500 -8576.1875000 -8327.1708984 -8778.9638672 -8461.3369141 -8550.9189453 -8423.6064453 -8001.1020508 -8446.3964844 -8441.1386719
-8278.5888672 -8586.0888672 -8369.2216797 -8778.5986328 -8459.2255859 -8595.4677734 -8434.8623047 -8055.5625000 -8449.0722656 -8484.2119141
-8435.1171875 -8649.3896484 -8257.5556641 -8937.1367188 -8606.5078125 -8661.9716797 -8410.8486328 -8509.4169922 -8571.0566406 -8545.6230469
-8335.1865234 -8615.8125000 -8011.7597656 -8828.6269531 -8491.9062500 -8619.9423828 -8372.1875000 -8391.3066406 -8617.9580078 -8491.5166016
-7878.0903320 -8104.9497070 -7870.4418945 -8288.1425781 -8001.9467773 -8149.0312500 -7991.5473633 -7640.7998047 -8033.0659180 -7931.5698242
-8999.1191406 -9205.1748047 -8709.2187500 -9345.4697266 -9198.1992188 -9202.1884766 -9009.4423828 -9014.7421875 -9119.6025391 -9143.0263672
-8618.6689453 -8830.4091797 -8681.1445312 -9077.4218750 -8751.3984375 -8785.2119141 -8761.2167969 -8364.8330078 -8803.2617188 -8808.4472656
-8984.9511719 -9341.5654297 -9221.0195312 -9438.8857422 -9195.0468750 -9341.0361328 -9165.4433594 -9206.4072266 -9220.9755859 -9214.8212891
-8779.5351562 -9102.1455078 -9036.8427734 -9295.0556641 -9100.7812500 -9140.7382812 -9037.8027344 -8997.3906250 -9038.9355469 -8953.2597656
-8744.2353516 -8962.3212891 -8883.3046875 -9205.6416016 -8914.8457031 -8970.9941406 -8872.1152344 -8629.7919922 -8973.4375000 -8941.0771484
-8565.7656250 -8876.0810547 -8431.6406250 -9092.4414062 -8855.3818359 -8829.5361328 -8672.9902344 -8646.8466797 -8854.2890625 -8858.7636719
-8315.7851562 -8569.9072266 -8058.1889648 -8674.9423828 -8491.3076172 -8543.9150391 -8467.7373047 -8416.2509766 -8528.1406250 -8478.6250000
-9129.9873047 -9299.0917969 -8804.4384766 -9473.0615234 -9130.9306641 -9161.8427734 -9108.1533203 -9097.6962891 -9205.0791016 -9218.8916016
-8368.4101562 -8626.0234375 -8006.2221680 -8823.3906250 -8446.2929688 -8569.0224609 -8326.3544922 -8420.9511719 -8490.6191406 -8455.5068359
-8225.6054688 -8497.8300781 -8279.1630859 -8551.3437500 -8278.7509766 -8372.8886719 -8336.7929688 -8004.7031250 -8376.6728516 -8314.6337891
-8195.7451172 -8546.9980469 -8471.4208984 -8812.8916016 -8437.7968750 -8591.1210938 -8451.5126953 -8489.6259766 -8456.7412109 -8512.1738281
-8327.8046875 -8635.7373047 -8581.9326172 -8755.9580078 -8582.9951172 -8679.6953125 -8542.8027344 -8465.3330078 -8512.7333984 -8480.1542969
-8121.8750000 -8418.5869141 -7776.2158203 -8634.2226562 -8294.1640625 -8413.9023438 -8204.4833984 -8266.7666016 -8297.0029297 -8268.9697266
-7901.9218750 -8209.7978516 -8043.6943359 -8364.4072266 -8106.8769531 -8227.7978516 -8077.1665039 -7710.7270508 -8184.9492188 -8130.4067383
-8246.0429688 -8711.7646484 -8445.9179688 -8775.5683594 -8585.1914062 -8705.8769531 -8447.7519531 -8029.0898438 -8601.1328125 -8550.7109375
-8176.1416016 -8383.4453125 -7934.1958008 -8707.5527344 -8457.9003906 -8525.8798828 -8214.5166016 -8230.8310547 -8361.3691406 -8369.1708984
-8186.4418945 -8412.3457031 -7804.3222656 -8621.9091797 -8311.4453125 -8363.9375000 -8245.5820312 -8268.1123047 -8326.7382812 -8273.6005859
-8064.5859375 -8443.0244141 -8067.3979492 -8553.1943359 -8228.2167969 -8336.1103516 -8208.7607422 -7641.4433594 -8291.3007812 -8237.3945312
-8068.4335938 -8457.4941406 -8435.6777344 -8810.0605469 -8496.2548828 -8619.9824219 -8375.7597656 -8402.2148438 -8441.1796875 -8375.9912109
-8068.3486328 -8387.5156250 -8376.3818359 -8619.4277344 -8396.6669922 -8485.1074219 -8339.6142578 -8283.6552734 -8383.4365234 -8344.5322266
-8486.7558594 -8791.0126953 -8543.8623047 -9045.6289062 -8654.1074219 -8775.6025391 -8524.9267578 -8212.7978516 -8696.7792969 -8670.5439453
-8076.9101562 -8343.6542969 -7774.2631836 -8534.1074219 -8262.1035156 -8338.7656250 -8146.7875977 -8083.8359375 -8333.1083984 -8216.8232422
-8009.2124023 -8294.6923828 -7559.8110352 -8628.2558594 -8297.9228516 -8307.2392578 -8054.2094727 -8086.5566406 -8228.8349609 -8193.1650391
-7702.8481445 -7890.1679688 -7788.2490234 -8222.3242188 -7876.7094727 -7974.1738281 -7773.7631836 -7417.3076172 -7848.1713867 -7884.6855469
-8767.4267578 -8996.3417969 -8552.5312500 -9232.8037109 -8874.5849609 -8952.8691406 -8780.1376953 -8884.3300781 -8864.7929688 -8883.1582031
-8769.4423828 -8914.7500000 -8892.4111328 -9320.6269531 -8968.8818359 -9082.2929688 -8922.7011719 -8959.2246094 -8991.2558594 -8893.4667969
-8443.5605469 -8720.4775391 -8622.3349609 -9062.0605469 -8717.2294922 -8808.8242188 -8639.9882812 -8686.2167969 -8690.7099609 -8624.7548828
-8613.0292969 -8809.4599609 -8699.0917969 -8937.5566406 -8744.3339844 -8851.5859375 -8652.6484375 -8357.8427734 -8754.9453125 -8712.4003906
-8564.8652344 -8734.6992188 -8649.5488281 -8993.6923828 -8749.4541016 -8819.3623047 -8594.1357422 -8338.2607422 -8701.6982422 -8674.0263672
-8006.8676758 -8267.6621094 -7951.4907227 -8599.7451172 -8179.5839844 -8301.4921875 -8097.1362305 -8166.3256836 -8198.8378906 -8147.4912109
-7977.9916992 -8258.8398438 -8146.5898438 -8606.4912109 -8195.6435547 -8285.6337891 -8128.8286133 -7678.9414062 -8243.5244141 -8205.2509766
-7785.2817383 -8096.0458984 -7943.8032227 -8414.5146484 -8011.8291016 -8124.3754883 -8026.7153320 -7978.7836914 -8015.9252930 -8038.0844727
-8644.6943359 -8965.3662109 -8837.7451172 -9128.3017578 -8807.9531250 -9000.8320312 -8827.0322266 -8798.9462891 -8853.0683594 -8868.1708984
-8723.0244141 -9068.7158203 -8968.1630859 -9350.4531250 -9002.8359375 -9198.1513672 -8962.6914062 -9024.1220703 -9000.2392578 -8870.6992188
-8084.1806641 -8327.1171875 -7920.1171875 -8653.7500000 -8325.0830078 -8401.3232422 -8152.6577148 -8176.2011719 -8281.4794922 -8347.9755859
-8643.0029297 -8889.0556641 -8328.7773438 -9047.9843750 -8809.8681641 -8892.5615234 -8661.3476562 -8745.5888672 -8841.9531250 -8759.2226562
-8155.9433594 -8384.8457031 -8203.8339844 -8677.4365234 -8342.1005859 -8420.1103516 -8263.9238281 -7820.3154297 -8355.8339844 -8344.6513672
-8766.5117188 -9058.6220703 -8950.1787109 -9222.9990234 -8965.4824219 -9097.6367188 -8934.9716797 -8939.5166016 -9014.3652344 -8904.4443359
-8615.0566406 -8881.6640625 -8707.7861328 -8975.5107422 -8743.9667969 -8826.4521484 -8747.4814453 -8402.3837891 -8760.8251953 -8748.4189453
-8478.7148438 -8663.6943359 -8263.4267578 -8876.4052734 -8513.5488281 -8690.2363281 -8511.1083984 -8528.9179688 -8580.0253906 -8564.5654297
-8388.6796875 -8653.3378906 -8234.7001953 -8763.4541016 -8528.8427734 -8591.4287109 -8463.8212891 -8469.6035156 -8499.3447266 -8490.1572266
-8124.1152344 -8401.1767578 -8316.2929688 -8690.8115234 -8453.5000000 -8525.3916016 -8336.4843750 -8303.9804688 -8416.2802734 -8425.8427734
-7907.9047852 -8240.3408203 -8064.5947266 -8384.7539062 -8096.6596680 -8212.4804688 -8221.0312500 -8101.3457031 -8111.7783203 -8090.7622070
-7989.6489258 -8268.8447266 -8216.1601562 -8507.0507812 -8188.2583008 -8323.1738281 -8155.2172852 -8190.1899414 -8194.9355469 -8152.4560547
-8062.9921875 -8294.7421875 -8183.0288086 -8639.7578125 -8316.1347656 -8425.3115234 -8110.6401367 -8219.3222656 -8354.9111328 -8291.5097656
-8120.9028320 -8435.1132812 -8250.9326172 -8573.5253906 -8342.7861328 -8429.9892578 -8231.2216797 -7892.8012695 -8303.9511719 -8322.7666016
-8016.1738281 -8325.2978516 -7845.3989258 -8579.4570312 -8276.5566406 -8263.3574219 -8082.1733398 -8146.8735352 -8263.8720703 -8098.2856445
-7915.8891602 -8256.9697266 -7760.0200195 -8357.1669922 -8111.4062500 -8209.4599609 -7985.2250977 -7990.8613281 -8117.4052734 -8085.0073242
-7690.3076172 -7985.1528320 -7697.9750977 -8151.4824219 -7667.6713867 -7771.0429688 -7769.6420898 -7501.4921875 -7839.8383789 -7820.8393555
-8005.0297852 -8312.9765625 -7715.4970703 -8484.0253906 -8222.9316406 -8343.0449219 -8123.7358398 -8091.2255859 -8176.0273438 -8168.6206055
-8469.9833984 -8730.6376953 -8547.0722656 -8809.3173828 -8604.3935547 -8755.1445312 -8599.0898438 -8099.7939453 -8586.3144531 -8656.9326172
-8211.6367188 -8429.9560547 -8380.7792969 -8881.8339844 -8498.4570312 -8681.0322266 -8429.9130859 -8475.0273438 -8538.2763672 -8400.0517578
-8388.2402344 -8656.7861328 -8492.1738281 -8799.2021484 -8598.8789062 -8682.8408203 -8617.5966797 -8191.9926758 -8582.5566406 -8582.3720703
-8095.4179688 -8372.2753906 -8316.0166016 -8627.9140625 -8376.4580078 -8544.3945312 -8331.9404297 -8252.7343750 -8382.7675781 -8211.6689453
-8049.8144531 -8375.4130859 -7609.0473633 -8528.4414062 -8238.9941406 -8351.7880859 -8004.1455078 -8067.4516602 -8199.9902344 -8178.4267578
-7624.1328125 -7909.8520508 -7741.9780273 -8231.2705078 -7807.5478516 -7899.2587891 -7789.5668945 -7343.8540039 -7749.9418945 -7769.0849609
-8443.5263672 -8811.6523438 -8684.4423828 -9018.1201172 -8730.7695312 -8855.4853516 -8705.2871094 -8727.7500000 -8738.8847656 -8596.3017578
-8057.0405273 -8387.8261719 -8232.6689453 -8610.9228516 -8210.0888672 -8407.6708984 -8229.6171875 -7755.0747070 -8366.5283203 -8186.0585938
-7816.1616211 -8092.9482422 -7649.2900391 -8333.9941406 -8045.5415039 -8143.2836914 -7928.8408203 -7870.0039062 -7990.3764648 -8041.8041992
-8049.6611328 -8432.1699219 -7945.9868164 -8553.0302734 -8262.5195312 -8354.4365234 -8168.8603516 -8227.6611328 -8354.9951172 -8310.6464844
-8328.2802734 -8517.8222656 -8427.5185547 -8772.4677734 -8390.6904297 -8517.8457031 -8407.2685547 -8173.9379883 -8438.7109375 -8452.1982422
-7793.7250977 -8154.6669922 -7953.8071289 -8359.6660156 -8015.7265625 -8226.1904297 -7917.9023438 -7488.7656250 -8083.7460938 -8051.8466797
-7885.4804688 -8065.4082031 -7941.1176758 -8328.6064453 -8135.5522461 -8144.6538086 -7887.4921875 -8044.8964844 -8082.6645508 -7973.6210938
-7892.6176758 -8116.1923828 -7861.9238281 -8476.9414062 -8041.4848633 -8185.3769531 -8040.3056641 -7598.8994141 -8057.9160156 -8027.1982422
-7866.8359375 -8216.5888672 -7985.2719727 -8315.4638672 -8025.4472656 -8132.5986328 -8072.3662109 -7479.4521484 -8120.3208008 -8011.7968750
-7789.6616211 -8127.1958008 -7473.4833984 -8288.1445312 -8089.4750977 -8145.0273438 -7821.1284180 -7931.9150391 -8004.1166992 -8020.9570312
-7681.2470703 -7980.7500000 -7266.4990234 -8240.9345703 -7877.3686523 -7963.8281250 -7781.2246094 -7830.5717773 -7920.1625977 -7855.4428711
-7976.4340820 -8250.4335938 -8031.3969727 -8420.9345703 -8093.8750000 -8209.8535156 -8050.6176758 -7598.5717773 -8097.2656250 -8101.6933594
-8202.7275391 -8371.2666016 -8340.4707031 -8346.1923828 -7757.1289062 -7954.5380859 -8252.9169922 -8227.7968750 -8007.0107422 -8140.8867188
-8708.1230469 -8936.1406250 -8726.4335938 -9124.9130859 -8869.5830078 -8911.4345703 -8451.1562500 -8825.1367188 -8905.8808594 -8795.4169922
-8878.4765625 -8976.4843750 -8875.2988281 -8929.5351562 -8548.2167969 -8405.9775391 -8972.9267578 -8949.2783203 -8595.5996094 -8822.6523438
-8621.7207031 -8780.9179688 -8658.5605469 -9015.8164062 -8745.5283203 -8850.4404297 -8371.2617188 -8665.4394531 -8755.0019531 -8732.1669922
-9338.3369141 -9548.5517578 -9417.1552734 -9710.6298828 -9465.6562500 -9561.4716797 -9150.8466797 -9422.0625000 -9479.8466797 -9415.2910156
-8772.9482422 -9048.4892578 -8911.5810547 -9226.6621094 -8892.7119141 -8960.2568359 -8591.6591797 -8913.0820312 -8878.7294922 -8905.9765625
-8716.8564453 -9011.1679688 -8706.5361328 -9217.9130859 -8881.9277344 -9046.8642578 -8553.9785156 -8835.8701172 -8910.9326172 -8837.1826172
-8610.7998047 -8757.2128906 -8756.6757812 -8836.9394531 -8367.8896484 -8242.0556641 -8670.8125000 -8686.5253906 -8410.0322266 -8604.1328125
-8794.3623047 -8932.2343750 -8875.9863281 -8906.1611328 -8646.7558594 -8728.5742188 -8917.0107422 -8898.9267578 -8578.6162109 -8801.5595703
-8702.0742188 -8843.0341797 -8894.6259766 -9058.4248047 -8696.9121094 -8836.5595703 -8829.2490234 -8793.3427734 -8698.4824219 -8496.2177734
-8304.5585938 -8608.1884766 -8258.5576172 -8772.5644531 -8412.9101562 -8536.0468750 -8106.2373047 -8380.4023438 -8411.1621094 -8417.9628906
-8122.2382812 -8368.2041016 -8335.2900391 -8439.9599609 -7843.3813477 -8043.7416992 -8343.2216797 -8277.0107422 -7984.8105469 -8206.2978516
-9062.0449219 -9158.9531250 -9155.5009766 -9455.8486328 -9146.1572266 -9243.6621094 -9145.4941406 -9221.3398438 -9100.5742188 -8842.7324219
-8798.6826172 -9149.6015625 -8857.8740234 -9334.1904297 -9065.2578125 -9180.7871094 -8693.7763672 -8915.6191406 -9049.1542969 -8940.9423828
-8311.8437500 -7990.9497070 -8477.0517578 -8659.2285156 -8356.0712891 -8457.6699219 -8497.2978516 -8476.1630859 -8324.6660156 -8355.2939453
-9097.5068359 -9374.9619141 -9167.6748047 -9551.5732422 -9259.3554688 -9371.4404297 -8843.1455078 -9205.5625000 -9260.3447266 -9267.9521484
-8822.9433594 -8848.8115234 -8849.9560547 -8955.3535156 -8514.0390625 -8406.6855469 -8916.0634766 -8839.3027344 -8572.1083984 -8785.2392578
-9309.4492188 -9575.7812500 -9365.3408203 -9755.1455078 -9534.8281250 -9569.3486328 -9001.1582031 -9343.4960938 -9498.8212891 -9443.7324219
-8672.4619141 -8831.5214844 -8795.7031250 -9176.4335938 -8771.5771484 -8947.2587891 -8330.6796875 -8814.7724609 -8884.0429688 -8776.2705078
-9013.3037109 -9150.1787109 -9102.2998047 -9082.2031250 -8724.7412109 -8576.2275391 -9131.5615234 -9133.9208984 -8815.4863281 -9005.6865234
-8824.1132812 -8982.8115234 -8930.5263672 -9023.9140625 -8646.3447266 -8745.9658203 -8850.6689453 -8963.8916016 -8606.6396484 -8767.3515625
-9117.3925781 -9201.3076172 -9142.5556641 -9509.8583984 -9245.9833984 -9308.3554688 -8904.0009766 -9177.5986328 -9243.7734375 -9198.9521484
-8259.6875000 -8547.1865234 -8321.9287109 -8804.6445312 -8494.0673828 -8564.6777344 -8030.0581055 -8349.6054688 -8478.1562500 -8487.9707031
-8833.4179688 -9074.4677734 -8865.2685547 -9283.8818359 -8930.3251953 -9034.3212891 -8580.6816406 -8978.6259766 -8940.2382812 -8930.4814453
-9246.1708984 -9470.7343750 -9326.6826172 -9710.0000000 -9339.4335938 -9420.8662109 -9108.1650391 -9402.3867188 -9426.6171875 -9385.5078125
-8737.9833984 -8942.0273438 -8763.1298828 -9146.9052734 -8793.1953125 -8875.3994141 -8505.8261719 -8754.6152344 -8767.6513672 -8840.8691406
-8446.3037109 -8651.1259766 -8518.3007812 -8547.4960938 -8264.0937500 -8231.8359375 -8524.3476562 -8561.4228516 -8274.3642578 -8393.2695312
-8399.7236328 -8520.2509766 -8426.0341797 -8867.0214844 -8539.4082031 -8648.7421875 -8086.1831055 -8572.1455078 -8528.7929688 -8392.6259766
-8120.6044922 -8270.1728516 -8257.5166016 -8535.9814453 -8202.8046875 -8254.7890625 -8216.1601562 -8265.8105469 -8162.9086914 -7854.0478516
-7772.3022461 -7955.1665039 -7799.5283203 -8289.9951172 -7986.1098633 -8068.2866211 -7520.5761719 -7826.3081055 -7904.4370117 -7938.7548828
-7880.2758789 -8175.7690430 -7959.6489258 -8436.7519531 -8105.1220703 -8147.1328125 -7628.7436523 -8111.5908203 -8016.0742188 -8072.4663086
-9113.9531250 -9407.1669922 -9280.0869141 -9614.1376953 -9255.9804688 -9322.2441406 -8941.8437500 -9292.1142578 -9294.9423828 -9264.6738281
-8609.1816406 -8812.8330078 -8622.1884766 -9076.1240234 -8777.7480469 -8848.1484375 -8395.2890625 -8641.6777344 -8789.0371094 -8701.8945312
-7663.0322266 -7759.5590820 -7777.6503906 -7921.7714844 -7348.3173828 -7473.7500000 -7827.3295898 -7768.2124023 -7459.6611328 -7541.9902344
-8147.0258789 -8407.8535156 -8157.7646484 -8647.8896484 -8295.5898438 -8408.2939453 -7928.7817383 -8213.8339844 -8270.2412109 -8181.6074219
-7847.7451172 -8003.6308594 -8092.7119141 -8344.7060547 -7941.1230469 -8048.6791992 -8034.9462891 -8141.3813477 -7875.6030273 -7644.1381836
-7896.4653320 -8143.3330078 -7872.1469727 -8410.5351562 -8076.7285156 -8225.9931641 -7664.7089844 -7875.9877930 -8122.6176758 -8044.1264648
-9217.5537109 -9478.4414062 -9301.6367188 -9610.3222656 -9377.9433594 -9408.9980469 -9012.4433594 -9377.6992188 -9412.1806641 -9361.1025391
-7891.3930664 -8001.8198242 -7991.0102539 -8168.1528320 -7529.4365234 -7371.8774414 -8018.2817383 -8037.6176758 -7645.2529297 -7831.2480469
-8326.4218750 -8522.7158203 -8320.0146484 -8789.0732422 -8396.1728516 -8575.1191406 -8037.6967773 -8376.0087891 -8441.4160156 -8417.3261719
-7961.4677734 -8181.7138672 -7906.1743164 -8508.7949219 -8152.5654297 -8314.7187500 -7627.6977539 -8049.8339844 -8206.1005859 -8124.5073242
-9364.5000000 -9467.2841797 -9376.7685547 -9604.3251953 -9449.1250000 -9495.9785156 -9139.6699219 -9411.5000000 -9494.1601562 -9386.7871094
-7358.0512695 -7634.7622070 -7568.6420898 -7598.6391602 -7098.9873047 -7353.4130859 -7598.7226562 -7547.5483398 -7225.6000977 -7349.1943359
-7690.0791016 -7940.4404297 -7881.8842773 -7997.1484375 -7422.2163086 -7413.0961914 -7828.9282227 -7845.1166992 -7397.1274414 -7612.8574219
-7569.9008789 -7754.9140625 -7810.7797852 -8084.1186523 -7761.7436523 -7915.3002930 -7817.7104492 -7854.6591797 -7649.7934570 -7296.5419922
-7721.2045898 -7792.8090820 -7763.6752930 -8194.9619141 -7843.2158203 -7881.4453125 -7342.5678711 -7751.8686523 -7810.3989258 -7890.2792969
-7343.3437500 -6881.3876953 -7492.2187500 -7832.6079102 -7503.3007812 -7619.0766602 -7523.2607422 -7471.5312500 -7417.8984375 -7314.5776367
-7580.3325195 -7837.4375000 -7660.7280273 -8181.2622070 -7724.8334961 -7929.6845703 -7266.1948242 -7717.1621094 -7747.9682617 -7659.3916016
-8604.6210938 -8687.7080078 -8791.2802734 -7764.5566406 -8359.2822266 -8540.0986328 -8811.7773438 -8710.4267578 -8423.1699219 -8553.1992188
-8842.9218750 -8932.2880859 -8982.7246094 -8033.9858398 -8651.0449219 -8852.5000000 -8974.4423828 -8960.2089844 -8681.1191406 -8788.6875000
-9021.0400391 -9212.2324219 -9073.7666016 -9248.2685547 -8759.8339844 -8559.8837891 -9132.8017578 -9100.7109375 -8827.1250000 -8985.4970703
-8231.1074219 -8401.2998047 -8390.1835938 -8525.1904297 -7976.2163086 -7780.7407227 -8266.9287109 -8269.0800781 -8054.8466797 -8278.1796875
-8459.6601562 -8651.6435547 -8622.2011719 -8689.9433594 -8178.6582031 -8059.2460938 -8645.3339844 -8646.1865234 -8213.4921875 -8488.1279297
-8262.3916016 -8588.1162109 -8483.8554688 -8817.9365234 -8491.2304688 -8637.2958984 -8518.4902344 -8461.5517578 -8466.9033203 -8398.6621094
-8874.3964844 -8981.6484375 -8940.1523438 -8156.1757812 -8691.6513672 -8786.2880859 -9017.4062500 -8920.4707031 -8762.8203125 -8834.5195312
-9263.5869141 -9400.8779297 -9368.0117188 -8655.8164062 -9140.4179688 -9320.4833984 -9399.7226562 -9387.4140625 -9181.1835938 -9256.5273438
-8807.3681641 -8997.9472656 -8849.8359375 -8950.5986328 -8666.1542969 -8363.6582031 -8937.3896484 -8951.4580078 -8630.3212891 -8799.4492188
-8562.6689453 -8704.7294922 -8671.8173828 -8786.0380859 -8324.0058594 -8240.9404297 -8639.0869141 -8653.8818359 -8405.7363281 -8632.1845703
-8390.6152344 -8659.4521484 -8564.3164062 -8892.2519531 -8559.0156250 -8688.5009766 -8493.8408203 -8489.8583984 -8599.6513672 -8463.1113281
-8773.9257812 -8906.4033203 -8892.6552734 -8986.2978516 -8603.6787109 -8503.3134766 -8881.4482422 -8907.7050781 -8671.3759766 -8741.5791016
-8812.7548828 -8956.4472656 -8809.3515625 -8052.5083008 -8654.0888672 -8703.1474609 -8894.9628906 -8901.2958984 -8638.6298828 -8846.4248047
-9272.4179688 -9447.6289062 -9316.6542969 -9372.3896484 -8919.0253906 -8688.8505859 -9434.2041016 -9320.5175781 -9099.3300781 -9235.0517578
-8355.8066406 -8470.4814453 -8437.0039062 -8480.8593750 -8010.2749023 -7800.2465820 -8414.3193359 -8376.2695312 -8095.8339844 -8319.7294922
-8186.9101562 -8394.5458984 -8343.3095703 -8446.6503906 -7899.2270508 -8074.7133789 -8318.0986328 -8315.8007812 -7970.9233398 -8164.6997070
-7973.6616211 -8258.9667969 -8117.5190430 -8561.8603516 -8198.4794922 -8267.1767578 -8147.2148438 -8062.9648438 -8164.7880859 -8153.8652344
-8786.1503906 -8956.6093750 -8862.0458984 -8214.9062500 -8572.2587891 -8655.5019531 -8992.7343750 -8845.3935547 -8680.7031250 -8731.7421875
-8631.7558594 -8865.9296875 -8906.0839844 -8940.4482422 -8664.8271484 -8776.5703125 -8852.3925781 -8763.4990234 -8694.4746094 -8546.5517578
-8243.9902344 -8402.8457031 -8371.6191406 -8495.1318359 -8011.5917969 -7777.2075195 -8420.5361328 -8358.3232422 -8030.5205078 -8204.6386719
-7998.1948242 -8194.4960938 -8194.7460938 -8340.7441406 -7764.4775391 -7898.0346680 -8179.1171875 -8072.0209961 -7928.2670898 -8031.2958984
-8745.1943359 -8963.3818359 -8891.1943359 -8195.1582031 -8634.0791016 -8729.3466797 -8958.4130859 -8848.1103516 -8680.7431641 -8754.9980469
-8351.4746094 -8430.4648438 -8429.8886719 -8560.3427734 -8069.5229492 -8011.1162109 -8484.9541016 -8527.4980469 -8123.9638672 -8303.7392578
-8064.0932617 -8182.9379883 -8039.0747070 -8232.8173828 -7703.5000000 -7859.9384766 -8091.4150391 -8096.3515625 -7799.0034180 -7964.8247070
-8025.9565430 -8263.6884766 -8158.6279297 -8546.4550781 -8118.9926758 -8293.3476562 -8201.2421875 -8164.4711914 -8126.0551758 -8163.5385742
-8472.9023438 -8623.1494141 -8495.2294922 -8680.5634766 -8147.6132812 -8021.5878906 -8564.6025391 -8492.9062500 -8342.7714844 -8503.8134766
-8984.4921875 -9092.1679688 -8945.4599609 -9089.3945312 -8752.8535156 -8686.0644531 -9055.4707031 -8987.8378906 -8862.5976562 -8989.7783203
-9004.5947266 -9202.1718750 -9153.9443359 -9191.2167969 -8862.2041016 -8827.7119141 -9104.6552734 -9078.4628906 -8930.6718750 -9072.6064453
-8756.0253906 -8894.5449219 -8856.7431641 -8943.8515625 -8616.0126953 -8724.6152344 -8866.7626953 -8847.5439453 -8537.7734375 -8763.3593750
-8862.2324219 -8940.9580078 -9001.2949219 -8963.8789062 -8609.3300781 -8719.8876953 -8979.4931641 -8926.9804688 -8744.8339844 -8864.6914062
-8300.1054688 -8477.6884766 -8420.7539062 -8581.8535156 -8097.7558594 -8026.1513672 -8492.6220703 -8353.9208984 -8108.9589844 -8288.9716797
-8140.5043945 -8293.0136719 -8325.6376953 -8366.1416016 -7873.3686523 -8045.8452148 -8307.1464844 -8314.1738281 -8061.6474609 -8171.8369141
-8020.3286133 -8276.6591797 -8188.2529297 -7523.0585938 -7893.5937500 -8140.0522461 -8303.7148438 -8161.2109375 -8014.1137695 -8116.4838867
-8568.5839844 -8715.4023438 -8668.9169922 -8767.3046875 -8266.4511719 -8368.3691406 -8702.7011719 -8663.4892578 -8401.7294922 -8563.8593750
-8608.5107422 -8793.2832031 -8657.3994141 -8864.4550781 -8286.7724609 -8396.0644531 -8676.7402344 -8696.1074219 -8420.4941406 -8620.1093750
-8915.7958984 -9037.8251953 -9038.9716797 -9022.2216797 -8636.5146484 -8612.9052734 -9022.7500000 -8998.1875000 -8694.3154297 -8897.2802734
-8194.7167969 -8256.9765625 -8272.2822266 -8399.3330078 -7886.9179688 -7852.8315430 -8295.8476562 -8245.9951172 -7973.4707031 -8155.8750000
-8140.2539062 -8339.6064453 -8236.4541016 -8350.0429688 -7761.6020508 -7959.2089844 -8286.5693359 -8241.2822266 -7995.6704102 -8102.7338867
-8248.6923828 -8452.8037109 -8440.4960938 -7828.2841797 -8071.3481445 -8297.2734375 -8429.3935547 -8354.4023438 -8141.7871094 -8260.6289062
-9020.7617188 -9162.2285156 -9094.9091797 -9248.8212891 -8743.7255859 -8832.4453125 -9136.7607422 -9110.6962891 -8856.5888672 -9051.8935547
-9057.5302734 -9123.3593750 -9172.4521484 -9116.6855469 -8694.3769531 -8664.5634766 -9093.3095703 -9081.9541016 -8817.6445312 -9001.3671875
-8680.8164062 -8767.0517578 -8756.7685547 -8691.6904297 -8256.3320312 -8357.6113281 -8715.2470703 -8671.0625000 -8369.0683594 -8596.6240234
-8455.6162109 -8599.5078125 -8591.6962891 -8682.9189453 -8274.3535156 -8348.1591797 -8567.2041016 -8569.6171875 -8295.9873047 -8491.4150391
-8540.8828125 -8699.0517578 -8638.1191406 -7853.5839844 -8399.4052734 -8555.8330078 -8739.6777344 -8610.7724609 -8406.6640625 -8588.1416016
-8271.7343750 -8440.2968750 -8394.0087891 -8458.5712891 -8031.8793945 -8023.3813477 -8385.8564453 -8345.3330078 -8129.7749023 -8256.4677734
-8716.4873047 -8888.1513672 -8839.6826172 -8891.5849609 -8501.5830078 -8588.3027344 -8812.1562500 -8838.6171875 -8659.8945312 -8687.1650391
-8601.5341797 -8700.3320312 -8754.8505859 -8704.5380859 -8320.4082031 -8441.2734375 -8663.9599609 -8782.5664062 -8423.4609375 -8545.1074219
-8086.5683594 -8192.7822266 -8243.0341797 -8222.3300781 -7754.3393555 -7885.2148438 -8243.3925781 -8174.7568359 -7844.1704102 -8098.3041992
-7963.4150391 -8170.6914062 -8224.9736328 -8266.5937500 -7626.0981445 -7749.9672852 -8054.3720703 -8130.5610352 -7808.6386719 -8037.9624023
-8214.6787109 -8320.3593750 -8284.2539062 -7395.6328125 -8043.5737305 -8141.2792969 -8378.5703125 -8321.6298828 -8124.6684570 -8294.5771484
-8143.7275391 -8286.9628906 -8256.6416016 -7367.6542969 -7899.0117188 -8148.8857422 -8232.9179688 -8249.9404297 -7970.1689453 -8137.4526367
-9132.8740234 -9188.8261719 -9153.8544922 -9216.9345703 -8759.5585938 -8795.5087891 -9085.5058594 -9118.0224609 -8841.6308594 -8989.0205078
-8367.8232422 -8541.6240234 -8533.6220703 -8630.1611328 -8011.3818359 -8283.4785156 -8482.2275391 -8444.1601562 -8220.2392578 -8342.1513672
-8348.5937500 -8471.5039062 -8396.0664062 -8528.5244141 -7992.9409180 -7911.4653320 -8415.2812500 -8421.1416016 -8151.9345703 -8344.3398438
-7718.3867188 -7931.7817383 -7838.6938477 -7934.8696289 -7343.6425781 -7493.2402344 -7915.3559570 -7852.9770508 -7502.9033203 -7761.2260742
-8368.9052734 -8556.4746094 -8562.1337891 -7773.5751953 -8159.0859375 -8356.7587891 -8480.1191406 -8422.2509766 -8232.6689453 -8384.9492188
-8481.0781250 -8585.1416016 -8612.8476562 -8644.1777344 -8095.5336914 -8323.5283203 -8535.1503906 -8508.7919922 -8242.1308594 -8514.2490234
-8598.8173828 -8756.8798828 -8761.9648438 -8028.1123047 -8396.9902344 -8568.7900391 -8801.2041016 -8656.0800781 -8431.2392578 -8575.8339844
-8676.7011719 -8884.4716797 -8728.8681641 -8731.9619141 -8358.0595703 -8454.7587891 -8696.2636719 -8654.2363281 -8371.5332031 -8592.4355469
-8832.8144531 -8964.2265625 -8875.6318359 -8838.6201172 -8493.1542969 -8600.2070312 -8889.7177734 -8865.8906250 -8661.6982422 -8815.9931641
-8528.7148438 -8661.0322266 -8668.3134766 -8783.5888672 -8262.6484375 -8131.0952148 -8633.2812500 -8651.5927734 -8257.0214844 -8509.0976562
-8423.6416016 -8665.3447266 -8364.8857422 -8448.0732422 -8015.2377930 -7843.7905273 -8492.3115234 -8406.9296875 -8219.4404297 -8396.6250000
-8585.9228516 -8728.6230469 -8729.6367188 -7888.0781250 -8491.3583984 -8593.2187500 -8881.4091797 -8666.6943359 -8487.1523438 -8558.4248047
-8366.2978516 -8574.1845703 -8481.7382812 -8601.5693359 -8082.1318359 -7957.9638672 -8550.2011719 -8458.2207031 -8222.0361328 -8396.8076172
-8748.9482422 -8920.8876953 -8628.0312500 -8831.2675781 -8375.5214844 -8206.6767578 -8826.3203125 -8771.3222656 -8555.4648438 -8729.5000000
-8434.0107422 -8637.8867188 -8544.6230469 -8728.8505859 -8162.3422852 -8073.3188477 -8598.4853516 -8535.6689453 -8189.3344727 -8450.5283203
