-8351.1103516 -7917.4155273 -8514.8476562 -8759.5556641 -8483.9902344 -8575.2109375 -8468.0556641 -8479.9150391 -8408.2666016 -8294.6787109
-8393.1757812 -8496.6865234 -8554.2861328 -8882.5380859 -8530.4687500 -8556.0751953 -8506.5439453 -8588.7890625 -8452.4521484 -8263.7802734
-8334.5625000 -7901.0449219 -8520.5986328 -8885.6728516 -8575.3691406 -8636.6279297 -8463.6552734 -8508.7958984 -8457.9707031 -8357.7998047
-8383.9482422 -7830.3530273 -8478.3613281 -8905.8066406 -8456.3037109 -8511.3378906 -8488.9443359 -8623.9257812 -8458.1669922 -8354.4160156
-7978.1049805 -7665.7841797 -8042.7143555 -8529.5947266 -8100.7802734 -8201.2714844 -8088.7890625 -8086.1298828 -8030.6811523 -7960.1435547
-8287.3339844 -8455.3271484 -8486.5087891 -8725.4550781 -8225.2490234 -8260.3623047 -8420.0312500 -8430.1767578 -8112.9599609 -8291.7148438
-8089.9790039 -7596.3144531 -8207.6337891 -8633.3994141 -8233.2548828 -8347.0087891 -8227.8701172 -8314.7519531 -8218.7060547 -8113.4003906
-7924.6689453 -7492.9384766 -8094.8369141 -8476.3662109 -8015.9360352 -8105.1821289 -8094.5014648 -8029.1582031 -7971.3652344 -7897.2124023
-8331.5488281 -8516.6386719 -8467.1044922 -8660.5585938 -8274.7011719 -8298.5537109 -8472.3017578 -8483.1777344 -8209.9169922 -8371.9746094
-8597.8544922 -8700.5126953 -8748.2519531 -9101.8271484 -8688.8525391 -8806.6718750 -8785.7949219 -8795.3623047 -8685.2968750 -8472.7109375
-8109.8720703 -7703.5058594 -8339.2685547 -8736.8007812 -8229.4833984 -8334.1640625 -8334.9160156 -8468.8261719 -8255.5810547 -8163.9741211
-8056.0463867 -7650.0947266 -8257.1660156 -8607.1904297 -8149.1528320 -8231.0478516 -8222.6943359 -8231.9140625 -8145.3032227 -8030.9824219
-8230.5908203 -7859.1962891 -8452.0371094 -8840.5439453 -8389.9169922 -8504.9550781 -8406.4267578 -8496.0908203 -8387.7587891 -8275.3144531
-8587.8046875 -8756.0615234 -8756.2919922 -8978.0273438 -8448.3779297 -8475.5820312 -8746.8417969 -8801.0000000 -8278.7470703 -8601.5849609
-8835.4238281 -8941.1660156 -9005.4589844 -9144.3984375 -8726.9609375 -8829.8642578 -8919.9775391 -9004.5888672 -8558.7285156 -8738.5917969
-8066.3906250 -8224.0986328 -8197.3417969 -8426.7373047 -7920.7504883 -7958.8085938 -8161.1958008 -8209.6611328 -7740.3574219 -7972.3027344
-7892.6259766 -7500.1650391 -8112.4780273 -8417.1650391 -8052.5161133 -8119.4575195 -8059.0034180 -8032.6972656 -8058.0917969 -7951.7519531
-7744.4033203 -7246.2944336 -7916.1406250 -8338.6240234 -7862.1313477 -8074.2841797 -7947.6127930 -8051.5239258 -7928.9638672 -7765.6181641
-8131.8476562 -7739.7128906 -8292.1816406 -8686.3242188 -8173.3969727 -8311.4599609 -8234.4541016 -8287.3681641 -8215.8271484 -8091.1030273
-8205.8544922 -8426.5566406 -8346.6640625 -8564.8085938 -7998.7133789 -8104.1254883 -8323.6445312 -8328.9169922 -7873.4125977 -8187.8862305
-8132.5341797 -8317.2167969 -8312.3027344 -8570.5791016 -8072.7241211 -8133.9853516 -8291.3945312 -8291.5205078 -7829.8896484 -8180.7451172
-8467.7714844 -8097.1152344 -8613.7734375 -8928.5800781 -8646.3710938 -8753.0644531 -8652.2763672 -8726.8535156 -8591.2558594 -8541.6826172
-7927.4970703 -7501.2021484 -8176.2944336 -8565.3896484 -7986.0458984 -8076.6904297 -8052.8271484 -8164.0693359 -8002.7705078 -7900.7504883
-8022.3217773 -7485.7993164 -8219.6562500 -8569.4990234 -8141.8559570 -8266.0556641 -8142.0649414 -8245.9599609 -8165.4003906 -8032.9145508
-8135.0698242 -8302.8847656 -8270.0380859 -8565.8544922 -8009.0214844 -8037.1596680 -8283.2060547 -8209.6308594 -7841.9565430 -8076.5932617
-8106.2954102 -7735.1914062 -8323.0537109 -8762.0224609 -8262.9453125 -8337.5966797 -8284.4882812 -8354.3378906 -8236.6494141 -8135.0371094
-7962.5307617 -7572.2607422 -8128.7065430 -8344.4042969 -8015.2236328 -8181.4863281 -8094.3061523 -8134.2041016 -8006.9741211 -7981.0454102
-7944.3149414 -7363.5288086 -8103.3452148 -8543.7353516 -8113.8833008 -8202.2626953 -8116.5214844 -8073.2221680 -8113.2416992 -7863.7592773
-8489.0947266 -8668.2666016 -8629.3916016 -8842.5146484 -8381.5537109 -8445.0546875 -8552.8496094 -8666.4531250 -8238.4287109 -8458.2724609
-8165.9931641 -8294.3447266 -8380.2656250 -8651.5644531 -8273.4873047 -8333.9697266 -8333.3974609 -8323.7167969 -8159.1699219 -7979.3369141
-7919.2382812 -7555.9262695 -8092.6835938 -8377.4628906 -7933.4506836 -8088.0825195 -8054.8500977 -8100.5400391 -7948.9335938 -7871.0141602
-8238.1005859 -7697.6801758 -8387.3759766 -8788.5078125 -8373.5693359 -8502.5341797 -8339.5361328 -8349.4824219 -8316.0449219 -8199.1513672
-8236.9833984 -8410.1425781 -8402.9453125 -8652.5625000 -8052.4223633 -8231.8183594 -8372.9853516 -8401.8906250 -8022.8515625 -8236.4765625
-7871.3828125 -8067.8818359 -8079.5834961 -8519.2646484 -7951.6313477 -8052.0961914 -8067.7568359 -8090.7226562 -7926.4726562 -7695.6479492
-8689.8486328 -8756.4697266 -8859.0810547 -8973.2617188 -8748.1572266 -8784.9199219 -8738.0166016 -8781.3115234 -8700.5380859 -8440.9892578
-8443.9609375 -8691.4394531 -8644.7470703 -8869.0468750 -8308.2968750 -8451.2666016 -8649.2802734 -8620.8847656 -8202.5039062 -8497.5380859
-8387.7792969 -8662.0585938 -8562.8623047 -8802.3759766 -8184.2041016 -8285.1406250 -8524.0615234 -8529.0283203 -8048.0839844 -8411.6816406
-8347.3251953 -8456.3212891 -8543.6113281 -8671.9863281 -8216.6484375 -8276.1865234 -8633.3232422 -8544.7314453 -8039.2495117 -8319.0068359
-8096.5458984 -8274.2060547 -8280.7304688 -8607.0019531 -8177.2709961 -8256.4824219 -8253.7597656 -8348.2236328 -8159.5795898 -7866.3085938
-8431.0009766 -8587.7880859 -8500.5449219 -8762.0117188 -8241.8613281 -8246.8681641 -8546.0595703 -8482.2773438 -8145.9931641 -8386.6367188
-8249.0292969 -8362.8671875 -8391.2597656 -8523.5781250 -7984.7763672 -8177.6860352 -8378.8291016 -8305.3085938 -7870.8105469 -8145.9658203
-7802.2138672 -7979.6069336 -7963.3261719 -8379.8066406 -7841.0673828 -7928.1850586 -7998.9565430 -8055.9106445 -7843.7094727 -7409.3398438
-8010.3222656 -8118.1250000 -8200.8144531 -8635.6376953 -8146.8349609 -8263.3613281 -8197.6728516 -8229.7275391 -8096.0205078 -7776.8188477
-8335.7363281 -8104.9072266 -8541.6044922 -8837.8554688 -8412.4589844 -8508.8623047 -8503.3007812 -8531.0683594 -8419.7363281 -8385.4453125
-8417.8486328 -8511.9257812 -8636.6621094 -8813.4892578 -8307.8037109 -8396.1386719 -8602.6542969 -8514.1181641 -8215.9609375 -8382.3720703
-8315.0390625 -8531.7470703 -8493.2324219 -8739.6865234 -8179.5415039 -8273.5332031 -8473.8505859 -8453.7597656 -8038.5742188 -8197.9873047
-8257.1484375 -8509.1152344 -8376.6582031 -8686.7880859 -8162.8535156 -8194.6582031 -8376.8769531 -8364.3554688 -7965.6079102 -8264.0888672
-8304.3925781 -7776.8862305 -8514.9873047 -8746.0917969 -8359.1855469 -8456.7402344 -8413.7333984 -8497.4453125 -8350.2626953 -8320.9765625
-8347.2705078 -8473.8886719 -8485.6181641 -8777.4794922 -8239.5986328 -8317.6533203 -8521.4267578 -8579.0517578 -8011.5458984 -8310.1591797
-8326.6669922 -8539.7001953 -8483.3085938 -8725.5410156 -8162.6455078 -8243.9658203 -8452.3037109 -8423.4755859 -8053.6767578 -8316.1025391
-8534.6552734 -8736.7519531 -8581.7626953 -8875.5576172 -8357.0449219 -8459.8417969 -8600.5488281 -8638.8691406 -8233.4082031 -8464.2500000
-8561.4570312 -8682.0966797 -8729.0537109 -9020.8623047 -8618.6376953 -8727.8193359 -8758.7216797 -8754.9326172 -8624.3105469 -8346.8857422
-7949.3886719 -8097.9619141 -8085.2143555 -8593.0185547 -7994.7988281 -8074.6381836 -8001.9648438 -8066.7250977 -8020.5024414 -7750.5502930
-8474.4462891 -8539.3857422 -8636.3183594 -8969.4619141 -8522.0908203 -8623.7685547 -8594.5820312 -8628.6015625 -8453.7021484 -8228.9228516
-8543.8935547 -8680.5322266 -8639.1914062 -9005.7910156 -8570.8779297 -8635.5820312 -8610.9013672 -8645.5546875 -8566.9228516 -8361.1406250
-8702.4511719 -8803.3310547 -8835.4257812 -9134.1337891 -8778.5087891 -8786.2812500 -8867.8271484 -8782.3779297 -8677.7392578 -8552.2138672
-8399.6347656 -8550.4648438 -8504.5253906 -8893.8388672 -8447.1855469 -8503.9003906 -8501.4726562 -8512.7451172 -8450.4501953 -8182.9580078
-8314.4013672 -8433.1835938 -8516.1201172 -8743.9023438 -8360.1542969 -8536.1748047 -8428.8359375 -8463.7587891 -8365.6083984 -8170.7207031
-8132.5336914 -8276.4716797 -8308.5585938 -8613.4287109 -8246.8144531 -8339.4511719 -8332.6640625 -8275.5908203 -8194.9101562 -7803.9790039
-8298.5185547 -8388.2119141 -8385.6044922 -8742.8808594 -8215.0322266 -8351.9921875 -8401.5117188 -8440.3759766 -8180.7880859 -7940.3271484
-7941.8471680 -7343.6845703 -8147.7211914 -8441.4296875 -8083.5986328 -8281.7128906 -8168.4418945 -8143.9223633 -8074.5913086 -7904.0659180
-8184.9008789 -7830.7104492 -8447.9785156 -8714.1240234 -8246.5146484 -8393.3662109 -8449.4218750 -8338.5029297 -8278.8349609 -8159.5009766
-8214.0751953 -8384.8271484 -8446.7373047 -8540.4423828 -8056.8227539 -8143.7285156 -8372.3125000 -8411.3271484 -7986.2744141 -8238.5800781
-7941.9536133 -8100.7685547 -8187.7309570 -8441.8222656 -8051.6464844 -8097.9257812 -8190.6791992 -8099.6767578 -7957.2294922 -7726.1323242
-8018.8823242 -8080.2392578 -8061.1113281 -8378.4238281 -8075.3056641 -8190.3359375 -8176.5805664 -8137.1372070 -8063.5107422 -7777.6049805
-8564.4814453 -8874.1865234 -8729.5878906 -9082.7558594 -8812.8730469 -8837.7968750 -8675.5234375 -8807.7822266 -8798.0898438 -8740.9238281
-8562.5146484 -8902.9609375 -8744.2832031 -9257.1494141 -8793.5351562 -8852.1406250 -8715.6093750 -8855.7978516 -8873.0312500 -8789.7871094
-8246.4882812 -8565.4785156 -8259.0947266 -8805.8037109 -8363.8730469 -8507.4345703 -8384.2666016 -7959.3642578 -8380.7148438 -8351.9189453
-8177.8686523 -8516.4755859 -8249.7070312 -8753.0781250 -8403.8339844 -8484.8554688 -8286.3710938 -7889.7016602 -8366.7568359 -8420.6503906
-8312.6230469 -8657.8173828 -8203.7080078 -8918.4511719 -8590.7060547 -8599.9580078 -8398.8222656 -8460.4492188 -8522.1826172 -8478.4775391
-8416.7900391 -8721.5703125 -8005.4169922 -8932.2099609 -8558.3779297 -8617.0878906 -8358.2353516 -8433.5830078 -8610.4677734 -8561.2177734
-8195.4287109 -8500.4003906 -8291.9130859 -8747.1962891 -8311.6318359 -8398.6542969 -8241.2314453 -7938.8945312 -8277.1611328 -8307.2138672
-8859.2382812 -9054.9980469 -8602.5722656 -9359.5468750 -9028.9189453 -9097.0791016 -8920.6591797 -9011.3398438 -8957.2128906 -8927.2128906
-8864.8974609 -9090.5859375 -8944.7636719 -9331.2675781 -8982.8359375 -9052.2089844 -8909.4550781 -8506.4257812 -8976.4414062 -8921.5429688
-9046.3105469 -9254.5458984 -9213.7822266 -9605.9951172 -9210.7275391 -9270.5605469 -9255.8613281 -9257.3798828 -9226.4658203 -9120.3828125
-8855.5322266 -9143.6904297 -9079.4804688 -9390.0791016 -9030.5654297 -9113.2841797 -9055.8583984 -9067.2744141 -9029.8652344 -8967.8369141
-8772.7431641 -9025.8925781 -8781.3896484 -9318.0468750 -8969.2324219 -8982.7451172 -8841.6484375 -8438.4580078 -8923.8417969 -8865.1562500
-8533.5156250 -8844.2158203 -8311.8027344 -9071.2128906 -8760.1474609 -8751.9023438 -8483.1210938 -8603.5927734 -8732.4980469 -8661.4052734
-8396.7421875 -8662.1455078 -8194.5000000 -8962.5244141 -8637.9697266 -8673.3632812 -8498.3535156 -8455.0097656 -8627.3056641 -8550.6572266
-9328.3876953 -9523.1660156 -9038.1865234 -9739.8779297 -9402.7070312 -9395.8564453 -9413.7900391 -9403.3134766 -9530.9824219 -9324.9150391
-8459.9824219 -8703.6718750 -8039.5297852 -9014.6796875 -8582.5976562 -8709.3955078 -8466.1113281 -8497.1308594 -8552.0039062 -8532.1357422
-8456.0996094 -8763.6044922 -8547.0156250 -8950.8242188 -8575.5224609 -8646.7792969 -8497.5263672 -8217.3408203 -8561.1904297 -8581.6728516
-8204.1337891 -8672.9316406 -8443.6171875 -8926.4707031 -8515.7255859 -8643.6171875 -8524.6738281 -8509.4042969 -8512.2802734 -8494.6914062
-8472.3007812 -8785.7519531 -8661.3750000 -9126.5986328 -8726.4492188 -8779.1162109 -8663.0830078 -8694.0869141 -8690.5283203 -8612.4160156
-8565.9638672 -8901.2822266 -8140.2988281 -9142.2753906 -8816.0126953 -8805.9697266 -8598.3320312 -8555.7382812 -8782.6396484 -8733.3017578
-8205.6455078 -8515.6318359 -8276.3535156 -8839.9804688 -8397.9462891 -8517.2304688 -8286.8505859 -7927.8886719 -8379.9580078 -8350.6455078
-8104.6298828 -8419.7373047 -8177.7851562 -8682.6474609 -8287.1025391 -8390.5615234 -8234.9873047 -7808.7304688 -8286.1474609 -8257.6455078
-8398.8740234 -8693.0234375 -8224.5820312 -9083.6328125 -8747.2343750 -8785.6826172 -8471.8144531 -8562.0800781 -8676.9443359 -8645.1523438
-8182.3442383 -8482.3388672 -7758.3437500 -8651.7519531 -8339.8427734 -8387.5976562 -8126.0029297 -8214.7695312 -8302.1630859 -8315.6298828
-7868.9824219 -8093.4086914 -7916.9448242 -8492.2548828 -7996.5083008 -8069.4892578 -7929.9550781 -7574.1860352 -7984.7753906 -7928.3320312
-8020.7573242 -8329.2363281 -8280.1552734 -8761.5751953 -8360.5410156 -8444.0048828 -8248.6523438 -8321.6308594 -8308.6708984 -8206.0810547
-8171.5024414 -8493.0605469 -8495.5634766 -8880.2490234 -8462.9785156 -8544.7763672 -8327.9218750 -8400.0927734 -8441.1044922 -8382.9863281
-8471.3798828 -8787.6484375 -8549.0390625 -8953.4482422 -8631.0332031 -8688.5205078 -8615.2714844 -8121.1982422 -8617.9951172 -8607.7187500
-8435.1943359 -8666.5986328 -7937.6459961 -8957.9541016 -8628.6279297 -8704.9228516 -8443.5664062 -8537.0136719 -8578.7871094 -8563.3251953
-8031.2524414 -8278.6259766 -7571.7534180 -8556.3906250 -8128.9360352 -8221.8642578 -8038.5126953 -8051.1176758 -8154.9799805 -8149.9047852
-7934.7597656 -8298.1308594 -8001.0654297 -8538.2011719 -7995.8662109 -8139.2485352 -7978.0585938 -7563.2250977 -8018.3007812 -7940.2436523
-9041.1904297 -9206.7851562 -8729.0595703 -9410.5869141 -9144.3964844 -9180.4667969 -9042.3798828 -9076.6416016 -9129.0048828 -9059.8203125
-8910.3964844 -9214.5332031 -9021.9091797 -9543.9902344 -9127.2373047 -9210.1513672 -9055.2382812 -9128.1044922 -9109.3964844 -9129.0126953
-8453.5332031 -8846.3466797 -8666.0332031 -9095.5468750 -8683.4580078 -8798.2998047 -8577.0957031 -8700.3857422 -8677.0361328 -8651.2304688
-8909.9492188 -9250.3144531 -9003.7216797 -9380.3818359 -9073.7949219 -9152.4169922 -8959.9511719 -8575.5976562 -9062.1464844 -8960.1855469
-8851.1513672 -9216.0390625 -8997.2646484 -9339.6054688 -9069.6943359 -9111.3408203 -9040.9667969 -8704.4775391 -9029.2246094 -9127.4218750
-8415.7851562 -8690.3535156 -8210.4531250 -8880.9345703 -8586.8076172 -8709.0654297 -8438.6298828 -8438.0849609 -8504.7382812 -8572.2636719
-8083.9575195 -8263.2089844 -8149.5200195 -8628.0800781 -8208.4365234 -8260.6191406 -8150.8378906 -7628.7075195 -8214.1406250 -8175.5292969
-8040.3129883 -8506.5683594 -8319.7968750 -8771.3037109 -8345.2851562 -8419.8505859 -8254.4423828 -8350.3222656 -8334.8867188 -8262.3496094
-8613.9980469 -8844.5996094 -8770.3876953 -9215.6640625 -8801.7011719 -8849.2714844 -8783.5605469 -8787.8779297 -8749.9023438 -8752.8955078
-8527.8955078 -8998.6445312 -8723.3134766 -9267.8623047 -8883.0986328 -8985.3095703 -8687.9384766 -8784.7802734 -8859.2216797 -8803.0732422
-7943.2719727 -8386.4238281 -7843.6367188 -8651.0742188 -8212.4550781 -8301.4794922 -8061.8159180 -8007.7749023 -8195.0410156 -8230.6503906
-8500.6933594 -8724.8535156 -8097.1293945 -8972.5039062 -8598.4931641 -8693.2363281 -8555.1630859 -8458.3085938 -8565.5722656 -8535.8867188
-8090.3520508 -8432.6123047 -8167.8027344 -8621.7373047 -8254.5898438 -8318.8730469 -8169.9326172 -7650.0493164 -8209.4628906 -8196.8320312
-8680.5253906 -8890.3662109 -8853.5576172 -9287.2705078 -8850.5400391 -8916.2998047 -8778.4443359 -8855.9824219 -8825.9345703 -8832.6542969
-8633.4736328 -8805.6484375 -8712.6025391 -9067.1484375 -8753.6269531 -8831.6855469 -8737.8759766 -8472.0078125 -8772.4287109 -8750.8994141
-8789.0507812 -9010.5302734 -8550.2724609 -9273.5341797 -8911.5644531 -8985.4531250 -8830.9658203 -8891.6669922 -8900.8281250 -8871.3466797
-8524.8144531 -8762.7167969 -8416.0996094 -9135.4794922 -8697.3779297 -8728.8564453 -8564.2910156 -8590.1552734 -8667.6064453 -8692.5146484
-8097.7524414 -8387.7431641 -8400.9091797 -8853.0439453 -8386.7080078 -8444.2324219 -8335.2714844 -8324.2958984 -8351.3232422 -8278.7753906
-8180.1005859 -8573.0078125 -8465.9804688 -8876.8291016 -8481.3935547 -8591.9160156 -8438.0234375 -8489.8076172 -8423.1826172 -8401.9560547
-8195.0810547 -8523.4892578 -8473.6435547 -8872.4863281 -8515.9775391 -8615.0712891 -8463.5556641 -8501.5781250 -8460.3437500 -8441.8076172
-7996.1665039 -8361.6064453 -8270.7832031 -8785.7597656 -8351.7890625 -8422.1132812 -8209.4921875 -8215.8251953 -8210.5947266 -8246.8867188
-8401.6416016 -8637.1679688 -8511.1298828 -8932.6445312 -8508.0615234 -8693.3564453 -8479.4931641 -8011.9077148 -8564.6220703 -8532.1669922
-8214.7880859 -8626.4169922 -7990.0307617 -8842.0644531 -8498.7080078 -8473.5537109 -8293.2500000 -8307.2832031 -8419.0507812 -8402.2255859
-7986.5932617 -8299.8964844 -7645.8911133 -8718.9228516 -8218.1992188 -8254.4345703 -8092.2910156 -8054.6044922 -8215.5253906 -8135.2500000
-8205.9277344 -8504.1132812 -8258.0332031 -8671.6777344 -8237.2714844 -8332.3339844 -8371.7929688 -8130.9648438 -8327.5878906 -8311.7275391
-8291.2773438 -8598.6679688 -7961.1879883 -8928.7031250 -8481.8984375 -8537.0761719 -8301.9316406 -8340.5703125 -8413.0107422 -8345.4072266
-8392.1923828 -8660.1826172 -8499.7666016 -8958.5693359 -8617.3066406 -8636.5986328 -8561.6660156 -8119.8315430 -8535.3632812 -8508.3076172
-8107.5356445 -8369.2451172 -8381.2607422 -8861.8496094 -8479.7539062 -8561.7431641 -8297.6826172 -8392.9892578 -8384.4257812 -8348.7119141
-8494.8613281 -8858.0166016 -8545.2919922 -9071.0302734 -8683.8867188 -8810.2529297 -8510.8437500 -8241.7021484 -8650.2412109 -8618.3759766
-8140.7978516 -8557.0205078 -8269.2734375 -8819.1318359 -8472.8056641 -8544.2099609 -8311.9628906 -8335.9951172 -8394.7216797 -8344.0400391
-8196.5898438 -8445.3193359 -7770.5927734 -8876.6376953 -8382.1855469 -8508.5771484 -8249.5517578 -8281.4287109 -8333.5576172 -8310.7138672
-7820.9370117 -8093.6132812 -7917.3442383 -8374.3759766 -7949.4960938 -8049.7441406 -7913.4204102 -7494.1215820 -7912.3168945 -7961.1591797
-8374.8398438 -8706.0634766 -8641.7138672 -9082.6318359 -8684.8193359 -8784.0009766 -8555.2880859 -8642.1416016 -8638.6093750 -8668.6689453
-8321.1796875 -8462.7939453 -8289.5966797 -8664.7324219 -8246.4638672 -8320.7968750 -8317.4863281 -7885.3007812 -8319.3496094 -8252.0693359
-8076.7861328 -8416.8896484 -7964.6455078 -8632.8886719 -8276.0517578 -8326.2128906 -8239.0947266 -8265.8457031 -8213.0166016 -8199.6015625
-8209.1123047 -8499.2646484 -8113.9350586 -8770.0712891 -8376.7617188 -8424.0878906 -8290.5351562 -8261.4199219 -8401.4287109 -8372.1289062
-8490.0742188 -8792.6933594 -8545.6474609 -9055.3085938 -8585.1787109 -8669.5429688 -8612.8232422 -8313.9472656 -8581.3867188 -8576.6699219
-7932.4311523 -8241.1035156 -8020.3398438 -8524.8085938 -8108.3984375 -8169.0668945 -8030.9609375 -7469.8286133 -8119.6176758 -8029.3315430
-7685.4023438 -8005.5224609 -8039.4692383 -8366.9052734 -7950.7412109 -8112.0195312 -7951.4130859 -7993.5249023 -7996.6108398 -7937.9907227
-7994.2338867 -8330.0996094 -8086.4873047 -8594.7802734 -8212.3935547 -8225.5126953 -7976.9116211 -7721.2436523 -8161.2119141 -8122.6342773
-7913.5834961 -8215.5869141 -7948.8544922 -8564.1386719 -8103.8178711 -8214.1083984 -8010.6362305 -7601.5727539 -8132.8374023 -7976.6948242
-7594.1127930 -7900.9980469 -7273.1274414 -8352.0849609 -7864.8710938 -7882.9794922 -7644.0947266 -7711.6513672 -7834.8657227 -7795.5341797
-7946.6196289 -8270.1972656 -7504.0712891 -8552.2773438 -8177.7426758 -8308.4218750 -8054.9770508 -7988.2734375 -8171.2031250 -8162.8520508
-7997.4189453 -8144.3457031 -7934.7373047 -8455.7128906 -8071.8017578 -8156.5537109 -8030.4052734 -7433.4409180 -8099.2851562 -8058.5922852
-8333.4726562 -8511.2255859 -8421.0859375 -8480.6054688 -7873.8481445 -8058.8745117 -8502.6123047 -8457.4521484 -8166.7788086 -8278.2128906
-8465.7158203 -8752.9697266 -8601.8876953 -9004.6796875 -8707.0546875 -8796.5585938 -8319.6083984 -8634.1923828 -8657.0214844 -8683.8271484
-8685.4599609 -8797.4023438 -8799.7089844 -8840.3769531 -8378.2832031 -8243.2001953 -8813.7109375 -8750.9277344 -8497.0576172 -8649.2099609
-8804.2304688 -9003.1445312 -8822.2373047 -9293.7587891 -8973.2353516 -8969.0429688 -8616.3466797 -8878.2255859 -8977.0976562 -8863.9003906
-9335.5068359 -9567.1113281 -9421.3896484 -9769.4414062 -9471.8623047 -9507.2832031 -9148.7333984 -9488.9472656 -9537.8857422 -9435.8505859
-8825.4531250 -8981.7167969 -8858.7802734 -9224.7197266 -8903.9414062 -9001.1982422 -8626.3955078 -8908.2304688 -8967.3339844 -8914.3564453
-8431.3662109 -8722.4218750 -8521.5498047 -8923.1962891 -8614.5292969 -8776.6630859 -8224.5751953 -8479.7109375 -8684.6523438 -8550.3662109
-8937.1962891 -9167.6923828 -8971.9755859 -9077.6181641 -8675.1113281 -8487.7333984 -9034.6289062 -8982.5253906 -8769.4023438 -8903.0214844
-8880.1025391 -9061.3193359 -9045.1992188 -9269.2988281 -8824.2285156 -8903.4228516 -8975.1621094 -8958.8056641 -8732.5849609 -8894.2021484
-8801.6669922 -8960.3154297 -8954.1962891 -9278.0625000 -8758.6933594 -8847.8808594 -8923.2919922 -8914.4208984 -8756.4775391 -8632.7128906
-8624.5205078 -8884.9892578 -8740.3212891 -9059.7919922 -8737.4492188 -8761.3437500 -8400.7490234 -8723.5107422 -8737.9052734 -8717.8339844
-8524.9189453 -8573.7705078 -8683.9160156 -8817.3095703 -8228.0273438 -8375.2617188 -8687.2753906 -8720.1240234 -8314.1494141 -8433.8388672
-9278.0449219 -9376.9980469 -9380.4990234 -9570.6708984 -9349.3730469 -9338.3007812 -9334.9296875 -9333.7402344 -9269.0078125 -9036.7597656
-8661.3867188 -8965.0605469 -8723.2128906 -9147.6103516 -8839.2158203 -8950.9228516 -8472.0234375 -8793.0087891 -8816.0039062 -8815.1015625
-8570.3945312 -8145.9902344 -8768.0390625 -9009.4277344 -8608.0722656 -8775.5585938 -8765.7802734 -8765.2421875 -8607.8974609 -8576.0673828
-9303.2773438 -9546.5185547 -9362.6191406 -9832.9775391 -9452.8447266 -9531.3808594 -9091.0078125 -9445.9384766 -9507.1982422 -9459.8447266
-9008.2099609 -9199.1679688 -9147.0302734 -9294.1787109 -8826.4882812 -8684.3583984 -9204.2490234 -9232.1669922 -8881.2363281 -9044.3740234
-9032.9638672 -9257.0410156 -9063.2285156 -9591.4404297 -9207.2431641 -9315.2558594 -8857.4697266 -9134.9335938 -9239.0205078 -9129.9345703
-8653.2070312 -8999.9648438 -8751.0000000 -9193.6523438 -8890.3906250 -8930.9794922 -8492.8583984 -8785.4580078 -8887.4707031 -8873.7714844
-9344.9550781 -9515.0449219 -9360.3896484 -9501.9736328 -8989.2158203 -8916.2949219 -9479.3701172 -9340.1357422 -9088.3476562 -9355.2998047
-8985.3320312 -9143.5283203 -9086.4970703 -9199.6191406 -8803.7294922 -8883.3105469 -9009.2119141 -9031.7294922 -8701.9248047 -8956.8759766
-9263.8730469 -9452.0712891 -9322.9199219 -9719.6513672 -9433.6865234 -9520.8876953 -9062.2226562 -9344.2910156 -9428.8437500 -9369.1914062
-8287.7851562 -8605.1503906 -8397.0673828 -8860.6972656 -8504.3994141 -8601.5527344 -8080.6801758 -8529.9121094 -8472.3632812 -8470.1103516
-8635.9404297 -8875.4609375 -8740.5371094 -9236.1406250 -8777.0664062 -8844.3164062 -8403.0527344 -8682.5908203 -8823.5214844 -8758.3339844
-9383.9101562 -9544.7763672 -9470.1191406 -9759.9892578 -9553.7929688 -9635.5908203 -9168.9892578 -9494.3525391 -9500.1044922 -9419.1679688
-8714.8417969 -8946.0136719 -8733.7236328 -9308.6162109 -8910.7373047 -9002.6015625 -8499.9511719 -8845.4648438 -8888.4101562 -8893.2304688
-8516.1816406 -8690.3759766 -8603.7587891 -8568.3457031 -8288.0683594 -8270.1328125 -8770.6318359 -8658.0302734 -8466.2871094 -8478.1835938
-8273.2998047 -8626.6923828 -8332.4824219 -8843.9394531 -8479.1914062 -8543.2724609 -8053.2529297 -8389.7207031 -8448.5439453 -8476.6689453
-8229.1005859 -8321.1132812 -8385.9052734 -8739.9921875 -8261.2021484 -8348.8173828 -8346.4921875 -8357.3007812 -8225.6386719 -8082.7265625
-7952.9892578 -8182.2797852 -8051.5258789 -8590.8232422 -8180.0292969 -8270.0869141 -7748.5800781 -8081.2783203 -8142.9995117 -8095.3979492
-7705.9335938 -7992.3491211 -7735.3803711 -8298.1044922 -7916.9389648 -7982.1787109 -7413.2070312 -7799.3515625 -7870.8847656 -7818.5756836
-9304.2812500 -9538.4775391 -9365.6923828 -9721.5732422 -9527.4062500 -9591.9101562 -9061.0244141 -9402.8183594 -9453.3525391 -9394.3095703
-8589.8720703 -8936.8837891 -8667.0585938 -8963.8818359 -8760.5761719 -8809.2890625 -8370.0292969 -8704.3398438 -8702.4013672 -8726.5976562
-7895.4291992 -8102.4755859 -7991.4111328 -8213.5126953 -7419.6484375 -7704.7910156 -7961.1479492 -7950.4824219 -7675.4921875 -7856.1191406
-8080.0449219 -8292.6777344 -8206.5458984 -8634.6914062 -8244.6904297 -8386.5527344 -7897.6313477 -8183.3798828 -8222.1074219 -8204.8427734
-8199.9794922 -8224.0888672 -8341.5771484 -8665.5283203 -8195.4238281 -8384.3759766 -8377.6962891 -8279.6523438 -8177.1386719 -7798.0214844
-7815.7963867 -8200.8955078 -7826.5874023 -8471.5996094 -7963.1977539 -8132.7055664 -7539.0380859 -7965.5322266 -7932.4140625 -7951.4042969
-9186.2421875 -9371.7822266 -9256.9628906 -9681.6533203 -9422.9287109 -9428.7968750 -9025.5917969 -9293.6435547 -9333.5917969 -9327.0957031
-8218.0175781 -8463.8544922 -8344.6865234 -8501.2910156 -7856.7670898 -7758.2250977 -8368.3457031 -8386.2226562 -8015.0083008 -8136.6367188
-8233.6093750 -8512.3271484 -8335.6806641 -8877.6523438 -8481.6933594 -8525.8828125 -8080.6699219 -8437.2871094 -8485.2949219 -8403.2939453
-7675.4067383 -7924.7944336 -7704.3828125 -8325.8417969 -7847.5791016 -7912.5468750 -7424.7094727 -7745.3198242 -7871.8808594 -7758.1259766
-9391.7421875 -9519.2490234 -9491.9775391 -9815.1699219 -9578.7001953 -9659.8759766 -9192.2431641 -9474.6386719 -9574.2099609 -9524.4335938
-7798.8134766 -7902.9584961 -8005.1879883 -8178.1108398 -7399.0239258 -7659.7167969 -7925.6210938 -7959.7656250 -7564.0190430 -7610.9775391
-7620.4897461 -7831.6616211 -7671.7529297 -7980.0219727 -7292.2617188 -7278.6093750 -7769.9033203 -7692.0415039 -7291.1376953 -7530.2397461
-7436.1225586 -7518.4453125 -7593.3598633 -7972.2719727 -7485.7377930 -7609.8295898 -7608.9946289 -7515.6865234 -7397.6865234 -7238.0332031
-7705.3964844 -8117.1455078 -7746.9331055 -8395.4931641 -7927.2060547 -8011.3251953 -7457.9584961 -7954.8642578 -7880.6464844 -7840.3022461
-7317.4204102 -6910.0092773 -7506.3144531 -8047.9262695 -7524.4980469 -7636.9736328 -7524.2646484 -7531.1928711 -7468.5336914 -7254.9150391
-7640.1220703 -8005.8593750 -7747.8608398 -8365.3134766 -7925.3481445 -8059.7119141 -7458.1889648 -7829.3076172 -7913.4863281 -7810.7641602
-8957.6630859 -9177.7187500 -9119.4121094 -7909.9082031 -8755.9111328 -8905.6201172 -9057.5224609 -9015.6669922 -8923.1162109 -8959.5517578
-9206.6269531 -9330.7871094 -9328.9462891 -8240.6035156 -8983.5791016 -9084.5673828 -9261.4384766 -9231.5156250 -9121.1816406 -9186.4130859
-8941.8564453 -9065.9853516 -9033.3544922 -9185.3408203 -8736.9238281 -8508.0029297 -9042.3300781 -9031.5351562 -8785.2158203 -8923.9326172
-8629.5214844 -8666.8212891 -8737.5771484 -8930.6347656 -8383.3125000 -8249.6318359 -8685.9375000 -8698.9169922 -8409.1132812 -8609.2333984
-8578.0312500 -8854.2724609 -8739.6123047 -8838.7871094 -8309.6806641 -8257.8564453 -8706.6904297 -8719.3964844 -8425.7343750 -8617.2724609
-8379.1044922 -8703.5644531 -8610.8886719 -9020.2636719 -8599.4394531 -8772.7636719 -8612.0859375 -8652.9277344 -8662.4414062 -8610.1025391
-9259.9218750 -9391.1503906 -9417.4570312 -8315.7880859 -9116.0556641 -9182.8583984 -9360.9550781 -9404.0644531 -9218.4951172 -9269.9560547
-9762.0957031 -9960.4316406 -9955.8564453 -8851.5996094 -9645.3662109 -9652.8154297 -9913.6962891 -9892.8535156 -9728.7402344 -9785.1513672
-8743.3232422 -8939.8007812 -8919.2958984 -9134.0146484 -8678.3281250 -8529.6132812 -8925.9882812 -8956.1083984 -8696.1425781 -8806.9199219
-8705.0009766 -8825.0390625 -8738.2070312 -9015.7880859 -8431.9355469 -8394.8378906 -8732.0449219 -8796.3505859 -8519.0712891 -8678.6025391
-8342.2275391 -8657.9462891 -8488.8076172 -8928.6738281 -8534.9765625 -8619.0546875 -8479.6875000 -8478.7509766 -8521.5390625 -8543.9824219
-8903.5888672 -9071.5585938 -8984.6660156 -9172.6171875 -8715.3779297 -8580.8505859 -9099.4121094 -9081.3750000 -8748.1806641 -8861.0185547
-8927.1298828 -9157.9658203 -9027.0000000 -8124.7329102 -8728.1308594 -8745.5908203 -9000.5136719 -9054.1054688 -8734.1171875 -8905.3515625
-9429.2324219 -9649.5771484 -9468.3408203 -9592.5449219 -9180.7402344 -8881.3300781 -9528.5458984 -9417.4873047 -9279.6484375 -9400.9287109
-8270.7304688 -8451.9677734 -8368.8720703 -8572.3828125 -7998.5512695 -7860.5820312 -8379.5341797 -8333.4228516 -8055.6411133 -8125.2890625
-8390.5644531 -8647.4921875 -8632.6425781 -8656.5976562 -8081.9755859 -8208.4179688 -8572.4609375 -8495.5976562 -8259.8671875 -8461.4599609
-8247.1982422 -8547.5009766 -8443.8818359 -8860.1044922 -8469.9218750 -8533.0185547 -8398.8154297 -8456.9316406 -8484.4082031 -8393.6826172
-9029.0410156 -9307.0937500 -9150.7275391 -8427.0000000 -8710.2656250 -8762.6025391 -9239.9648438 -9166.3300781 -8945.6416016 -9048.5068359
-8805.0068359 -8963.4394531 -8892.9091797 -9301.3740234 -8912.8007812 -8965.4316406 -8942.9208984 -8929.1308594 -8877.5556641 -8652.9589844
-8486.5341797 -8629.4091797 -8538.3994141 -8699.1894531 -8140.9091797 -7935.4438477 -8451.9072266 -8513.9931641 -8217.7646484 -8400.9482422
-8390.5205078 -8576.7333984 -8490.1025391 -8677.3144531 -8060.4184570 -8221.6435547 -8474.5810547 -8457.6923828 -8188.4106445 -8398.3925781
-8965.7021484 -9160.9843750 -9061.5371094 -8263.6591797 -8768.1044922 -8843.0498047 -9053.4394531 -8995.5400391 -8821.8242188 -8833.6992188
-8644.6621094 -8769.2451172 -8686.6220703 -8932.8037109 -8393.1455078 -8286.8564453 -8643.9755859 -8641.7783203 -8457.0458984 -8587.4726562
-8377.0761719 -8558.1826172 -8596.6992188 -8586.8945312 -8055.1357422 -8171.5839844 -8633.6474609 -8502.6708984 -8276.1269531 -8411.5966797
-8272.2363281 -8578.0683594 -8392.5292969 -8879.6103516 -8424.7236328 -8559.5380859 -8378.9589844 -8466.8837891 -8483.4990234 -8346.7060547
-8864.3486328 -9155.7666016 -8852.6513672 -8998.8017578 -8536.7138672 -8288.5615234 -8945.3515625 -8907.3105469 -8729.4462891 -8853.8544922
-9278.0205078 -9510.9833984 -9482.4677734 -9384.0654297 -9138.7939453 -9009.8486328 -9485.4414062 -9401.6816406 -9206.7216797 -9406.5283203
-9271.0527344 -9488.7890625 -9458.8281250 -9424.6552734 -9084.3886719 -8987.9492188 -9491.7099609 -9413.3281250 -9177.8857422 -9374.6494141
-8957.5693359 -9113.2998047 -9062.7792969 -9226.6396484 -8816.7441406 -8878.5527344 -9030.3173828 -9008.3388672 -8715.9169922 -8860.4248047
-8960.9316406 -9189.1289062 -9034.8437500 -9142.1210938 -8658.3388672 -8776.3603516 -9078.5234375 -9045.1005859 -8773.6210938 -8965.9716797
-8487.5126953 -8662.6269531 -8600.2705078 -8722.4121094 -8256.3261719 -8143.3085938 -8576.6484375 -8567.8378906 -8330.8027344 -8505.7431641
-8371.3662109 -8493.3535156 -8499.1191406 -8631.7324219 -7971.6108398 -8110.3530273 -8495.3505859 -8459.9326172 -8154.7744141 -8275.9423828
-8528.6142578 -8717.1835938 -8696.4111328 -7758.2685547 -8302.2802734 -8409.0185547 -8684.8310547 -8658.4501953 -8389.4140625 -8476.3417969
-9017.4677734 -9144.0019531 -9139.0703125 -9209.4560547 -8698.6376953 -8828.1757812 -9128.1640625 -9164.5351562 -8846.7636719 -9052.8583984
-8885.0615234 -9036.1240234 -8995.1503906 -9120.3818359 -8509.4726562 -8612.4560547 -8976.9462891 -8931.5898438 -8630.9384766 -8840.3056641
-9015.7490234 -9174.2011719 -9176.1406250 -9233.8496094 -8803.6367188 -8723.2500000 -9105.1357422 -9149.4814453 -8873.8652344 -8961.3154297
-8694.7363281 -8914.3867188 -8739.6718750 -8965.7656250 -8368.6630859 -8187.5024414 -8754.8300781 -8718.9550781 -8474.9531250 -8653.2392578
-8335.0810547 -8462.5869141 -8494.5058594 -8577.4902344 -7898.2119141 -8141.6967773 -8393.5390625 -8438.5742188 -8147.4760742 -8293.3154297
-8599.4970703 -8592.2197266 -8563.0166016 -7845.8544922 -8377.5117188 -8463.5273438 -8647.2099609 -8543.6484375 -8502.8574219 -8461.4023438
-9153.3105469 -9247.3427734 -9269.6640625 -9475.4160156 -8856.1933594 -8991.2099609 -9228.0644531 -9255.9521484 -9014.8007812 -9134.4746094
-9188.5791016 -9312.5126953 -9293.9335938 -9394.6289062 -9028.3125000 -8910.4794922 -9348.7578125 -9225.1308594 -9071.3486328 -9194.7265625
-8778.9482422 -9001.1464844 -8898.4541016 -9113.2919922 -8458.4423828 -8619.4707031 -8894.0888672 -8769.8867188 -8650.8613281 -8814.8574219
-8668.1962891 -8947.6347656 -8831.2197266 -8929.7841797 -8469.9697266 -8494.8720703 -8739.1406250 -8664.5810547 -8541.5371094 -8677.7343750
-8942.0341797 -9080.8515625 -9078.5019531 -8172.2607422 -8798.3037109 -8893.8720703 -9034.8652344 -8973.2968750 -8816.7509766 -8895.2910156
-8650.9111328 -8809.3691406 -8754.1982422 -8846.6445312 -8320.9648438 -8447.4677734 -8669.4111328 -8723.8417969 -8544.8007812 -8606.0312500
-8755.7636719 -8934.4414062 -8835.5126953 -9002.4414062 -8499.7451172 -8600.4521484 -8833.0117188 -8885.1621094 -8684.0869141 -8757.7666016
-8644.2070312 -8814.2255859 -8805.7119141 -8862.6152344 -8314.4687500 -8454.6035156 -8775.1875000 -8764.8828125 -8488.2089844 -8621.5673828
-8121.5351562 -8526.6787109 -8394.6767578 -8518.0957031 -7887.9726562 -7965.6157227 -8402.1826172 -8326.4375000 -8020.4028320 -8229.4013672
-8200.6552734 -8426.0107422 -8429.1259766 -8483.8955078 -7786.6298828 -7994.2397461 -8335.3544922 -8308.6005859 -7968.3759766 -8218.1933594
-8331.9453125 -8560.9130859 -8513.4257812 -7628.8364258 -8241.4482422 -8349.8525391 -8450.4814453 -8491.6591797 -8294.0380859 -8399.5585938
-8440.6269531 -8640.5849609 -8594.7167969 -7509.1708984 -8223.8779297 -8354.8701172 -8572.2685547 -8579.4111328 -8326.6357422 -8394.7734375
-9091.5820312 -9249.5800781 -9180.0351562 -9332.4824219 -8832.8076172 -8836.3740234 -9221.6601562 -9180.5839844 -8962.4316406 -9098.6777344
-8640.1015625 -8775.3632812 -8793.7646484 -8904.8935547 -8333.8037109 -8476.0039062 -8721.5947266 -8776.8203125 -8508.2304688 -8650.5283203
-8447.2597656 -8771.7519531 -8573.3574219 -8713.7177734 -8162.2924805 -7971.9975586 -8539.4287109 -8590.4345703 -8287.1816406 -8411.5820312
-7922.2880859 -8128.3022461 -8045.0263672 -8261.5859375 -7539.4379883 -7770.7348633 -8037.2084961 -8069.7548828 -7730.7465820 -7895.9116211
-8575.5585938 -8791.0673828 -8770.8447266 -7912.1816406 -8397.4257812 -8523.8808594 -8671.9199219 -8674.6796875 -8474.8798828 -8506.1591797
-8695.2138672 -8798.8535156 -8855.6640625 -8975.9375000 -8344.9833984 -8528.6386719 -8791.9013672 -8806.4121094 -8559.4482422 -8583.6083984
-8846.9199219 -9010.3417969 -8941.8056641 -8146.7407227 -8587.3398438 -8755.8076172 -8982.4472656 -8929.5292969 -8689.8105469 -8830.1669922
-8856.4941406 -9050.8525391 -8971.8144531 -9192.3134766 -8739.8457031 -8797.0253906 -8966.7021484 -8926.6269531 -8718.6269531 -8917.3447266
-8883.9531250 -9126.3740234 -9047.5820312 -9093.7617188 -8613.5429688 -8784.7177734 -8962.6123047 -8949.1914062 -8785.2880859 -8944.0761719
-8497.9746094 -8699.3798828 -8671.2646484 -8769.8369141 -8247.0224609 -8142.9277344 -8710.0429688 -8660.2910156 -8377.5820312 -8487.9550781
-8457.0664062 -8658.1943359 -8460.9687500 -8564.6318359 -8033.2973633 -7851.7973633 -8626.8271484 -8538.9550781 -8211.6337891 -8346.4648438
-8843.9931641 -8880.5781250 -8880.1367188 -7987.5249023 -8530.5292969 -8656.3349609 -8813.9550781 -8875.8623047 -8643.0644531 -8733.7910156
-8618.3896484 -8775.3115234 -8697.5673828 -8812.0292969 -8309.2441406 -8101.0551758 -8728.4062500 -8680.6601562 -8379.7089844 -8632.3417969
-8886.4218750 -9082.5439453 -8932.8369141 -9082.1835938 -8501.0078125 -8393.7880859 -9055.1757812 -8990.7998047 -8777.7265625 -8888.4638672
-8375.7109375 -8470.4218750 -8526.3046875 -8748.8105469 -8175.9331055 -8079.4375000 -8528.3076172 -8480.6650391 -8179.6235352 -8345.8007812
