-8300.9648438 -7818.1811523 -8393.6142578 -8649.2177734 -8405.9550781 -8459.6738281 -8519.2011719 -8426.4853516 -8331.0957031 -8306.1044922
-8145.2368164 -8264.9550781 -8287.1787109 -8562.3945312 -8232.7373047 -8298.3378906 -8330.0292969 -8305.2978516 -8207.1308594 -7931.1704102
-8119.6113281 -7649.5571289 -8253.6044922 -8518.5585938 -8290.7968750 -8286.6083984 -8382.9736328 -8293.4589844 -8223.3251953 -8179.3266602
-8240.8164062 -7704.7036133 -8360.5566406 -8579.4511719 -8284.8964844 -8338.4277344 -8313.8662109 -8348.6289062 -8251.0527344 -8165.8334961
-7967.3344727 -7677.6459961 -8194.7792969 -8491.5185547 -8146.2514648 -8236.9189453 -8272.6728516 -8229.2568359 -8082.2695312 -8012.7509766
-8199.0957031 -8409.2363281 -8492.2128906 -8629.2871094 -8153.0649414 -8116.1547852 -8420.4863281 -8378.4169922 -7982.3554688 -8200.9863281
-7859.2700195 -7434.4277344 -8076.5917969 -8295.5644531 -7992.5966797 -8107.4912109 -8061.8115234 -8006.7211914 -7964.6630859 -7877.3437500
-8016.8789062 -7684.2900391 -8073.0737305 -8402.2695312 -8213.6796875 -8228.6835938 -8234.9677734 -8213.0556641 -8121.3051758 -8021.6748047
-8142.1254883 -8272.8369141 -8251.5341797 -8506.0039062 -7971.6533203 -8068.8588867 -8314.7685547 -8236.5390625 -7888.1064453 -8208.5322266
-8391.3671875 -8614.3398438 -8617.6201172 -8776.0107422 -8399.4970703 -8548.6025391 -8556.7089844 -8555.7216797 -8419.8613281 -8193.5361328
-7739.3408203 -7374.4526367 -8040.4575195 -8280.4072266 -7946.6918945 -8043.6572266 -8002.6552734 -7990.7368164 -7934.2021484 -7841.3437500
-7873.5864258 -7356.7832031 -8022.6738281 -8278.2031250 -8000.9038086 -8071.0312500 -8108.1660156 -7998.8735352 -7913.5200195 -7858.2988281
-8003.8017578 -7650.5415039 -8155.2070312 -8400.2148438 -8090.2753906 -8202.8203125 -8174.0351562 -8110.2861328 -8045.4785156 -7932.0195312
-8303.7402344 -8495.2783203 -8450.9941406 -8554.6376953 -8198.7626953 -8249.7568359 -8402.9833984 -8462.5390625 -7934.8608398 -8226.6533203
-8517.1542969 -8605.4335938 -8549.6455078 -8662.9365234 -8285.2880859 -8423.9345703 -8607.6162109 -8583.6904297 -8226.3251953 -8452.4072266
-8035.9560547 -8172.3139648 -8184.9194336 -8265.4550781 -7878.8515625 -7930.6816406 -8157.0322266 -8125.1103516 -7789.5981445 -8028.5551758
-7738.8061523 -7282.0253906 -7951.1586914 -8149.0883789 -7903.5449219 -7915.0009766 -7858.0947266 -7884.6298828 -7815.9638672 -7743.1835938
-7516.9165039 -7032.9252930 -7682.4296875 -8019.0405273 -7576.6684570 -7822.3295898 -7699.9409180 -7783.5498047 -7619.4990234 -7511.3535156
-7652.2211914 -7283.1474609 -7879.5385742 -8182.5512695 -7800.8081055 -7898.4663086 -7920.8364258 -7915.3276367 -7830.4477539 -7709.7343750
-8072.2109375 -8276.8056641 -8210.4863281 -8390.9316406 -7890.0507812 -8001.7622070 -8314.5195312 -8206.5302734 -7755.2773438 -8045.8203125
-8169.2246094 -8293.7656250 -8308.3242188 -8460.9521484 -7980.7329102 -8096.7353516 -8363.0625000 -8206.4638672 -7780.5224609 -8162.0043945
-8252.6494141 -7800.4252930 -8375.3486328 -8559.6923828 -8236.3125000 -8318.1728516 -8359.1044922 -8280.4609375 -8207.6162109 -8180.8818359
-7885.1953125 -7580.3286133 -8052.5791016 -8415.0361328 -8062.7226562 -8104.6777344 -8057.5629883 -8054.3959961 -8081.3789062 -7866.0205078
-7566.3178711 -7173.7807617 -7819.3466797 -8049.2846680 -7719.2680664 -7838.3535156 -7787.5673828 -7769.3750000 -7629.5908203 -7603.1787109
-8089.0336914 -8179.4111328 -8274.3046875 -8430.7626953 -7914.9243164 -7985.5405273 -8193.8037109 -8188.3994141 -7726.8417969 -8051.8779297
-7865.7890625 -7546.7597656 -8115.8310547 -8390.2138672 -8045.7705078 -8153.0947266 -8102.1020508 -8023.8837891 -8040.7753906 -7891.7792969
-7674.2866211 -7341.4833984 -7837.2177734 -8181.8969727 -7867.8286133 -7904.3935547 -7952.0756836 -7849.3452148 -7766.4902344 -7689.2324219
-7830.7070312 -7432.8364258 -8083.6035156 -8260.0166016 -8020.2285156 -8045.0361328 -8125.8007812 -8054.1035156 -7985.9316406 -7866.8989258
-8442.8496094 -8651.6943359 -8592.6533203 -8708.8232422 -8309.1640625 -8405.3437500 -8675.8232422 -8560.2216797 -8186.3803711 -8445.3798828
-7873.6010742 -7956.7832031 -8048.5424805 -8217.4726562 -7911.6464844 -8051.8906250 -8057.5156250 -7985.8593750 -7924.0903320 -7636.8769531
-7740.1494141 -7363.4453125 -7991.4067383 -8213.0156250 -7941.1342773 -8035.4106445 -8036.2626953 -7988.4038086 -7899.2558594 -7756.9609375
-8055.4414062 -7615.6806641 -8144.3559570 -8339.4082031 -8080.5620117 -8195.3183594 -8205.0683594 -8160.1162109 -8048.2705078 -7979.6206055
-8134.9482422 -8308.8544922 -8297.2851562 -8413.0527344 -7932.1982422 -7903.2998047 -8324.5556641 -8212.2470703 -7814.8408203 -8162.7778320
-7831.6782227 -7933.9423828 -7997.7563477 -8251.5390625 -7839.2783203 -8031.3857422 -7939.5458984 -7963.4667969 -7815.8515625 -7599.5957031
-8406.1884766 -8481.9892578 -8591.8740234 -8843.5205078 -8515.0683594 -8649.9033203 -8621.6181641 -8588.5468750 -8412.6015625 -8149.0185547
-8149.8696289 -8362.8281250 -8232.7236328 -8424.2402344 -7988.1704102 -8128.9926758 -8254.6582031 -8260.6191406 -7900.9145508 -8123.0483398
-8047.8725586 -8160.3349609 -8178.4633789 -8357.2050781 -7855.4296875 -7876.2856445 -8168.8588867 -8204.2441406 -7747.9248047 -8015.9624023
-7943.2485352 -8088.0937500 -8038.8041992 -8250.0244141 -7752.9130859 -7797.7436523 -8012.2294922 -8006.1098633 -7550.5170898 -7876.9335938
-7710.4140625 -7763.7431641 -7912.8437500 -8201.8691406 -7735.5517578 -7926.3359375 -7931.1958008 -7938.3051758 -7755.1044922 -7410.5576172
-8016.2055664 -8176.6586914 -8164.1889648 -8242.6455078 -7816.3320312 -7896.7407227 -8100.4125977 -8126.9521484 -7734.7143555 -8013.5971680
-7991.9321289 -8082.9477539 -8123.0913086 -8240.8652344 -7790.1591797 -7874.5922852 -8209.3671875 -8146.5649414 -7677.3608398 -7886.4008789
-7810.0312500 -7926.4140625 -7980.5703125 -8233.9208984 -7832.7060547 -7964.4951172 -8037.0473633 -8044.0312500 -7834.8686523 -7426.5590820
-7778.8173828 -8000.8847656 -7961.4570312 -8207.4736328 -7877.9692383 -7905.2690430 -8042.8149414 -7877.1816406 -7877.7924805 -7492.1264648
-8144.5571289 -7763.7001953 -8305.0908203 -8465.7314453 -8259.8671875 -8328.7900391 -8308.5478516 -8301.3183594 -8209.7480469 -8136.7910156
-8125.2197266 -8208.6982422 -8238.6328125 -8466.2646484 -8023.5937500 -8062.9614258 -8342.0107422 -8274.0976562 -7930.2407227 -8069.3300781
-8008.9140625 -8090.1333008 -8147.8579102 -8261.3105469 -7817.7968750 -7941.0712891 -8155.3681641 -8090.1376953 -7653.5532227 -8047.2314453
-8283.2978516 -8515.8593750 -8516.0615234 -8823.0585938 -8293.4033203 -8329.1347656 -8520.3916016 -8477.0039062 -8103.6123047 -8396.2011719
-7897.5849609 -7579.5517578 -8144.8085938 -8456.0634766 -8176.4150391 -8234.3056641 -8167.9306641 -8130.3681641 -8107.8583984 -8018.1269531
-8160.7890625 -8180.2763672 -8238.0341797 -8419.0166016 -7959.3227539 -8126.7958984 -8310.7197266 -8231.2773438 -7742.8833008 -8064.1674805
-8109.5356445 -8264.4521484 -8276.7421875 -8407.2744141 -7968.7500000 -8054.9047852 -8244.0380859 -8207.0302734 -7870.5732422 -8099.6274414
-8103.9194336 -8274.0322266 -8280.2314453 -8351.0791016 -7962.3686523 -8115.0576172 -8261.2519531 -8219.2568359 -7817.3906250 -8110.2294922
-8247.7578125 -8350.4316406 -8323.6650391 -8667.9228516 -8210.9707031 -8377.4277344 -8314.9990234 -8332.2675781 -8213.9082031 -8092.2539062
-7556.6567383 -7708.0429688 -7734.6987305 -8034.9106445 -7672.4873047 -7751.3002930 -7712.8676758 -7700.7993164 -7603.5385742 -7265.1748047
-8141.4414062 -8291.6191406 -8322.4931641 -8507.8544922 -8198.7460938 -8292.9208984 -8335.0839844 -8256.5449219 -8210.9384766 -8042.4902344
-8197.6289062 -8344.0390625 -8318.1113281 -8613.1972656 -8293.4375000 -8400.7177734 -8263.8564453 -8358.7353516 -8244.6425781 -8032.8588867
-8400.7978516 -8517.3974609 -8529.6406250 -8856.2617188 -8529.4726562 -8614.9160156 -8574.2968750 -8532.5185547 -8451.8076172 -8259.8906250
-8236.2890625 -8417.0781250 -8353.6416016 -8696.0898438 -8346.8867188 -8400.9726562 -8444.0722656 -8410.8906250 -8360.2265625 -8126.3935547
-8350.7011719 -8455.5273438 -8551.3544922 -8885.9091797 -8467.3037109 -8632.7304688 -8548.1953125 -8564.2021484 -8459.0087891 -8216.0244141
-7921.0180664 -8036.5678711 -8126.9208984 -8415.3847656 -7975.4199219 -8217.4658203 -8066.8950195 -8093.3632812 -8010.7006836 -7696.3588867
-8059.3637695 -8249.4316406 -8238.3125000 -8425.5156250 -8134.2578125 -8212.0986328 -8226.1240234 -8190.3378906 -8139.8789062 -7776.0322266
-7627.5810547 -7086.9697266 -7734.8266602 -8059.1943359 -7797.2104492 -7786.9873047 -7802.6196289 -7788.5820312 -7738.8559570 -7626.9370117
-7997.7236328 -7673.0615234 -8161.6254883 -8427.7216797 -8157.5156250 -8279.1376953 -8203.3310547 -8159.3359375 -8135.0405273 -7956.7871094
-8020.4404297 -8149.1689453 -8112.3627930 -8275.0976562 -7751.1699219 -7881.4160156 -8158.7617188 -8053.3325195 -7702.6279297 -7995.4453125
-7523.4633789 -7745.0341797 -7789.2553711 -8044.9843750 -7639.3569336 -7810.0097656 -7768.0283203 -7758.4809570 -7646.7001953 -7394.6445312
-7568.0429688 -7684.6411133 -7691.3769531 -8042.4116211 -7631.2460938 -7768.8129883 -7743.2685547 -7693.8144531 -7567.6708984 -7340.9980469
-8327.2744141 -8558.6123047 -8463.7792969 -8894.1005859 -8555.5585938 -8667.8603516 -8483.2109375 -8443.5214844 -8580.9941406 -8560.0478516
-8469.8955078 -8825.5517578 -8647.8632812 -9067.9130859 -8817.7617188 -8867.3154297 -8686.8427734 -8636.4482422 -8759.1621094 -8690.6171875
-8139.5439453 -8460.0771484 -8186.5551758 -8731.0673828 -8285.6533203 -8424.3964844 -8260.0800781 -7919.0458984 -8312.7246094 -8254.6533203
-8177.1977539 -8419.2656250 -8236.4550781 -8694.3076172 -8295.5429688 -8412.5966797 -8315.1093750 -7778.9453125 -8250.3535156 -8313.7363281
-8195.0166016 -8457.0751953 -8087.2709961 -8617.9482422 -8371.7265625 -8450.3291016 -8254.9218750 -8264.4023438 -8390.6142578 -8336.3261719
-8463.3349609 -8628.7558594 -8080.8842773 -8843.0283203 -8494.4667969 -8548.6484375 -8457.2617188 -8452.5507812 -8580.9355469 -8551.6640625
-7678.1220703 -7976.9658203 -7790.9951172 -8146.6831055 -7868.7734375 -8014.0869141 -7836.9750977 -7409.1811523 -7896.0888672 -7845.1420898
-8790.4091797 -9056.6972656 -8473.9365234 -9277.5859375 -8936.8437500 -8985.9492188 -8875.5224609 -8861.0937500 -8955.0322266 -8887.5117188
-8715.4667969 -8984.0869141 -8774.7900391 -9189.0195312 -8830.0673828 -8993.9257812 -8825.0751953 -8455.9130859 -8821.6875000 -8788.1806641
-8985.7109375 -9252.6679688 -9209.8476562 -9470.3193359 -9301.5810547 -9365.2080078 -9171.4833984 -9246.6337891 -9198.4306641 -9204.8847656
-8883.3935547 -9249.6689453 -9103.8251953 -9429.7246094 -9127.0605469 -9255.8720703 -9159.1962891 -9102.6220703 -9120.6748047 -9045.3115234
-8667.6611328 -9042.8427734 -8724.2363281 -9217.2519531 -8884.1582031 -9046.8466797 -8833.0869141 -8353.9248047 -8882.0468750 -8868.3144531
-8454.3017578 -8720.3154297 -8306.0527344 -8937.8359375 -8621.1748047 -8677.3837891 -8511.8388672 -8630.8828125 -8629.6835938 -8634.0097656
-8137.3813477 -8277.2226562 -7770.6484375 -8590.5302734 -8170.8686523 -8231.8857422 -8141.0571289 -8127.2504883 -8188.0815430 -8226.9785156
-9192.7490234 -9435.4189453 -8950.8613281 -9553.7617188 -9296.2294922 -9294.1035156 -9189.2509766 -9266.3544922 -9352.0205078 -9280.0498047
-8135.6582031 -8387.8623047 -7891.5971680 -8722.3701172 -8366.8964844 -8462.4912109 -8229.0019531 -8277.3017578 -8366.5292969 -8294.0498047
-8128.5810547 -8346.2529297 -8090.5644531 -8503.8212891 -8201.5058594 -8376.4394531 -8157.7534180 -7898.0185547 -8307.3183594 -8253.4833984
-7992.8681641 -8349.6982422 -8242.2763672 -8663.5107422 -8375.1220703 -8478.4101562 -8250.5527344 -8258.4609375 -8374.2148438 -8242.1269531
-8413.8408203 -8723.4033203 -8595.4423828 -8987.2412109 -8652.2939453 -8757.4843750 -8621.2812500 -8608.0576172 -8585.9951172 -8552.2431641
-8578.0644531 -8755.0751953 -8115.7915039 -9012.7685547 -8773.8935547 -8878.1445312 -8531.6435547 -8674.7646484 -8796.4414062 -8744.5419922
-8018.3203125 -8234.3183594 -8190.2392578 -8439.4423828 -8206.0703125 -8336.5947266 -8219.8994141 -7931.5468750 -8168.7089844 -8165.1997070
-7978.7626953 -8221.3916016 -8136.6215820 -8456.6171875 -8113.4340820 -8298.7763672 -8134.3896484 -7786.6435547 -8221.4785156 -8135.8364258
-8332.1513672 -8567.3437500 -8050.2661133 -8863.2021484 -8474.9052734 -8632.6972656 -8397.5986328 -8380.0019531 -8467.9951172 -8455.4531250
-8190.8784180 -8586.1474609 -7826.8066406 -8736.8291016 -8424.5068359 -8530.2285156 -8406.5224609 -8243.2656250 -8484.4599609 -8431.1533203
-7666.5307617 -7886.6059570 -7767.7954102 -8180.1840820 -7791.0380859 -7925.7739258 -7864.9707031 -7381.6699219 -7820.1557617 -7872.3349609
-8256.0761719 -8560.9072266 -8466.6113281 -8799.8017578 -8561.2949219 -8626.9531250 -8484.6396484 -8362.7041016 -8487.2226562 -8421.9404297
-7897.9511719 -8021.6308594 -7979.0747070 -8445.6308594 -7966.2543945 -8087.6816406 -8032.8427734 -8022.1757812 -7980.1943359 -7871.4975586
-8208.8642578 -8411.7880859 -8259.5751953 -8628.3613281 -8280.1494141 -8382.4101562 -8280.4667969 -7884.9541016 -8357.2558594 -8284.4130859
-8097.8740234 -8367.9482422 -7873.4179688 -8658.4414062 -8205.6708984 -8350.1367188 -8183.5625000 -8227.2304688 -8240.8642578 -8248.2255859
-7979.1552734 -8196.0732422 -7548.0087891 -8488.9843750 -8193.6289062 -8300.1259766 -8109.2631836 -8084.1611328 -8202.8271484 -8123.2006836
-7489.7387695 -7762.3686523 -7646.5009766 -8100.5117188 -7610.7197266 -7805.3261719 -7567.3105469 -7280.6411133 -7620.7080078 -7550.9746094
-8842.7792969 -8981.8017578 -8537.0654297 -9187.4404297 -8958.7958984 -9001.3349609 -8851.3134766 -8830.2480469 -8933.2607422 -8910.6162109
-8760.5068359 -9090.1015625 -9024.4658203 -9315.2207031 -9018.7656250 -9124.1201172 -9103.2333984 -9085.0156250 -9073.4794922 -8951.1611328
-8545.2968750 -8766.0761719 -8667.9550781 -9007.2714844 -8735.2812500 -8834.0546875 -8648.7539062 -8698.7548828 -8696.7841797 -8719.1630859
-8357.4355469 -8531.4970703 -8408.7900391 -8781.5556641 -8424.6611328 -8502.1699219 -8472.2802734 -8029.2534180 -8398.0371094 -8401.3125000
-8616.5664062 -8851.3007812 -8649.6591797 -9142.9648438 -8811.8320312 -8873.9033203 -8712.4853516 -8502.2353516 -8775.3710938 -8775.9482422
-8044.9814453 -8254.4287109 -7860.6381836 -8527.8837891 -8175.5683594 -8242.2460938 -7993.4716797 -8142.9409180 -8184.2958984 -8107.9228516
-7658.4692383 -8005.3730469 -7881.2094727 -8283.8740234 -7862.3022461 -8028.5678711 -7910.8852539 -7453.9570312 -7886.8320312 -7793.2416992
-7808.2714844 -8234.0615234 -8139.7109375 -8470.7646484 -8180.4985352 -8353.1767578 -8138.3291016 -8091.0800781 -8198.5556641 -8058.8710938
-8805.2158203 -9134.7148438 -9021.8105469 -9323.8242188 -9132.0976562 -9184.3798828 -9074.7382812 -8968.8476562 -9146.2373047 -9038.8740234
-8536.0878906 -8813.7294922 -8728.0341797 -9079.1464844 -8794.0146484 -8880.4423828 -8708.0273438 -8753.5869141 -8767.4599609 -8697.7646484
-8046.0932617 -8288.3906250 -7803.4760742 -8572.6123047 -8248.1953125 -8381.2910156 -8181.7343750 -8054.9677734 -8298.8720703 -8165.0849609
-8450.7529297 -8754.2119141 -8135.7915039 -8963.6806641 -8634.8359375 -8783.8398438 -8594.2177734 -8493.4931641 -8712.1972656 -8663.4443359
-7944.9321289 -8196.9160156 -8027.4194336 -8565.0322266 -8063.4135742 -8208.2900391 -8058.0351562 -7676.1938477 -8125.4707031 -8067.9677734
-8448.0859375 -8683.5537109 -8633.0224609 -8932.6650391 -8612.7441406 -8664.2763672 -8624.4335938 -8658.7011719 -8612.7607422 -8576.2158203
-8454.1181641 -8720.3417969 -8646.9062500 -8948.6210938 -8582.8535156 -8663.7724609 -8538.9414062 -8151.6884766 -8558.9121094 -8558.5986328
-8818.0253906 -9170.3154297 -8534.1386719 -9239.7675781 -8991.3613281 -9082.5449219 -8871.5351562 -8826.4716797 -8987.5498047 -8988.1923828
-8275.7324219 -8624.8583984 -8162.3188477 -8763.0927734 -8476.7324219 -8564.1972656 -8326.5478516 -8348.8955078 -8503.1552734 -8461.9658203
-8015.3002930 -8408.4257812 -8214.9912109 -8563.2695312 -8304.0820312 -8383.4101562 -8163.2060547 -8192.4414062 -8293.9365234 -8199.0136719
-8028.7646484 -8264.6962891 -8225.1025391 -8593.1025391 -8231.2597656 -8327.7597656 -8164.6059570 -8237.3007812 -8204.2031250 -8103.9790039
-8123.8867188 -8385.5527344 -8327.3183594 -8715.4873047 -8334.6679688 -8441.7431641 -8323.0410156 -8319.6884766 -8337.0214844 -8282.1777344
-8020.6533203 -8307.9384766 -8230.3896484 -8454.9423828 -8227.0693359 -8323.1269531 -8237.7333984 -8281.0722656 -8228.9238281 -8147.8574219
-8259.6679688 -8565.8671875 -8296.8876953 -8840.4228516 -8513.3945312 -8656.6123047 -8396.3945312 -8016.2460938 -8488.5781250 -8439.4199219
-8014.7231445 -8237.6171875 -7839.1250000 -8596.2031250 -8201.1191406 -8277.7021484 -8055.2446289 -8119.8486328 -8167.9511719 -8092.6650391
-7842.3881836 -8124.0463867 -7641.9516602 -8355.2714844 -8064.3481445 -8212.5478516 -7958.6772461 -7962.3247070 -8097.0629883 -7959.8740234
-7820.1030273 -8029.8007812 -7774.7353516 -8201.3437500 -7782.3852539 -7759.9829102 -8028.4448242 -7721.2021484 -7864.8750000 -7829.1464844
-8046.1093750 -8332.2802734 -7763.2783203 -8577.6982422 -8223.9531250 -8309.8896484 -8071.2363281 -8206.6318359 -8304.0156250 -8204.6308594
-8278.4082031 -8575.7226562 -8365.6015625 -8778.1718750 -8453.4414062 -8537.1767578 -8478.7666016 -7948.4223633 -8415.4355469 -8431.3320312
-8278.9541016 -8480.7392578 -8474.0546875 -8916.3994141 -8485.8056641 -8595.5039062 -8487.2607422 -8430.8046875 -8484.0996094 -8367.6787109
-8278.0185547 -8466.6904297 -8326.5322266 -8793.9921875 -8404.5800781 -8524.3242188 -8337.4052734 -8057.1054688 -8442.9638672 -8394.2275391
-7819.3266602 -8134.9687500 -8147.8452148 -8470.1445312 -8068.0585938 -8206.4462891 -8094.1342773 -8110.8730469 -8093.8530273 -8039.7099609
-7880.9951172 -8231.0361328 -7480.1533203 -8486.3037109 -8052.3725586 -8181.2729492 -7858.6528320 -7981.3666992 -8020.1059570 -8075.8823242
-7571.1669922 -7745.5458984 -7672.4145508 -8106.0976562 -7701.6059570 -7801.4658203 -7725.3647461 -7245.6977539 -7705.7866211 -7739.0981445
-8284.5820312 -8594.5654297 -8419.3623047 -8839.4472656 -8490.7080078 -8621.5410156 -8495.3808594 -8503.9765625 -8531.8759766 -8460.9833984
-8184.2963867 -8587.0458984 -8249.3261719 -8740.6572266 -8380.4003906 -8480.2294922 -8416.2412109 -7859.1445312 -8435.7802734 -8360.3066406
-7987.1064453 -8453.0078125 -7857.2231445 -8554.0712891 -8225.5937500 -8357.6494141 -8105.4531250 -8124.5444336 -8237.1894531 -8148.5141602
-8126.0952148 -8362.3720703 -7970.4506836 -8508.3720703 -8150.4995117 -8225.8457031 -8144.5039062 -8139.2607422 -8272.8427734 -8205.8798828
-8228.5244141 -8533.3378906 -8307.3007812 -8725.2519531 -8415.3710938 -8504.4892578 -8345.2050781 -8040.7280273 -8420.6748047 -8419.8212891
-7600.1459961 -7846.4116211 -7769.6582031 -8135.6420898 -7801.7226562 -7908.1850586 -7763.4824219 -7315.7573242 -7794.5087891 -7699.8437500
-7609.8593750 -7928.9291992 -7780.5263672 -8182.4624023 -7853.9355469 -7949.4995117 -7756.4047852 -7875.6801758 -7806.3154297 -7792.1523438
-7622.4492188 -7879.6137695 -7687.2709961 -8087.5117188 -7776.0903320 -7871.6699219 -7823.4882812 -7343.5478516 -7764.9746094 -7750.8813477
-7810.0063477 -8072.7172852 -7840.0551758 -8305.5820312 -7999.7290039 -8070.6206055 -7908.3618164 -7421.5966797 -7932.0083008 -7940.4726562
-7657.1577148 -8006.1445312 -7405.1621094 -8282.7490234 -7923.4858398 -8037.6132812 -7752.3559570 -7823.3071289 -7893.0961914 -7883.4296875
-7752.9648438 -8159.3652344 -7355.3247070 -8378.8486328 -8011.8642578 -8161.5361328 -7894.1030273 -7721.3271484 -8028.1025391 -7909.1918945
-7868.9707031 -8166.4389648 -7904.2314453 -8489.2314453 -8014.8007812 -8146.5595703 -7887.2963867 -7456.2041016 -8090.6557617 -7987.5917969
-7909.1601562 -8051.0932617 -7932.7216797 -8013.8100586 -7464.1303711 -7619.4902344 -8046.4145508 -7996.7988281 -7762.4023438 -7834.8950195
-8446.3867188 -8595.7783203 -8400.9160156 -8882.2900391 -8582.1660156 -8662.5234375 -8138.4667969 -8484.0517578 -8550.0341797 -8539.9287109
-8766.5410156 -8705.4472656 -8787.0019531 -8881.6787109 -8473.8916016 -8291.7744141 -8833.0039062 -8767.9160156 -8489.9833984 -8615.0175781
-8587.6923828 -8780.2402344 -8668.9794922 -9057.5146484 -8774.1171875 -8836.8115234 -8440.6435547 -8705.8242188 -8749.4550781 -8682.9228516
-9127.8886719 -9371.1523438 -9194.7021484 -9577.2744141 -9246.9189453 -9334.2910156 -8936.2480469 -9266.8935547 -9281.5644531 -9246.4990234
-8816.0966797 -8998.5263672 -8892.0283203 -9276.3076172 -9044.9912109 -9108.3173828 -8588.7412109 -8939.8701172 -9044.4003906 -8950.7392578
-8406.6083984 -8594.5195312 -8476.7431641 -8895.9482422 -8583.7431641 -8704.1826172 -8204.0341797 -8540.7724609 -8639.7314453 -8554.9091797
-8512.4345703 -8694.8544922 -8663.5595703 -8715.2568359 -8294.9716797 -8166.9624023 -8682.7763672 -8684.2089844 -8405.9238281 -8541.7890625
-8850.1367188 -8966.7265625 -8994.1132812 -9162.9882812 -8664.9238281 -8786.8984375 -8980.8691406 -8976.7626953 -8611.7070312 -8829.9267578
-8708.2802734 -8874.9189453 -8824.3017578 -9052.3037109 -8768.3115234 -8856.4707031 -8792.8593750 -8836.0458984 -8789.5292969 -8528.2070312
-8137.7392578 -8359.9482422 -8250.9755859 -8583.1123047 -8324.1132812 -8399.4902344 -7912.4472656 -8332.0039062 -8320.5000000 -8211.6855469
-7964.1303711 -8139.8359375 -7982.0922852 -8132.0244141 -7673.0742188 -7851.5991211 -8097.5620117 -7996.5781250 -7782.4414062 -7939.2236328
-9239.3906250 -9341.9863281 -9398.2363281 -9513.8505859 -9233.5449219 -9335.9912109 -9250.8984375 -9323.4140625 -9266.5761719 -9091.1357422
-8543.8359375 -8761.7421875 -8629.2109375 -9009.3574219 -8783.8369141 -8795.5244141 -8376.0859375 -8590.0253906 -8708.2294922 -8603.7871094
-8325.4345703 -7875.7192383 -8446.5976562 -8669.7148438 -8408.0068359 -8505.2138672 -8405.0947266 -8425.2890625 -8348.7880859 -8247.7587891
-9004.5380859 -9204.5615234 -9059.2597656 -9390.3447266 -9085.3134766 -9183.6923828 -8781.3564453 -9055.2080078 -9120.2324219 -9072.4218750
-8482.5888672 -8585.2431641 -8580.4130859 -8710.0009766 -8304.1923828 -8132.6542969 -8585.3359375 -8574.9570312 -8350.1328125 -8495.0996094
-9251.5634766 -9451.1835938 -9230.4316406 -9590.1289062 -9382.7304688 -9473.7666016 -9002.1953125 -9248.8671875 -9391.7275391 -9359.6044922
-8660.8964844 -9009.2851562 -8696.7900391 -9195.8300781 -8938.2373047 -8954.9863281 -8493.3212891 -8879.4785156 -8876.4755859 -8853.0527344
-8929.2626953 -8969.9619141 -8925.2558594 -9031.5966797 -8637.3339844 -8551.3535156 -9011.4541016 -8987.5917969 -8774.3007812 -8913.8730469
-8809.2646484 -8905.8173828 -8910.2871094 -9090.6884766 -8707.1298828 -8853.7568359 -8978.0605469 -8902.1367188 -8628.2207031 -8739.6562500
-9059.5429688 -9216.7841797 -9093.2382812 -9495.6738281 -9215.5039062 -9259.7900391 -8789.4394531 -9148.0654297 -9184.9414062 -9184.5439453
-8054.4990234 -8291.4365234 -8137.4599609 -8627.1582031 -8198.8242188 -8332.8886719 -7800.7768555 -8166.3613281 -8209.9052734 -8120.8994141
-8652.7900391 -8943.7148438 -8654.3486328 -9126.6123047 -8799.1455078 -8914.8828125 -8390.6875000 -8788.6992188 -8825.0195312 -8722.2626953
-9367.4042969 -9608.5712891 -9493.6269531 -9705.3779297 -9511.8232422 -9607.9501953 -9213.4687500 -9472.8564453 -9493.9121094 -9483.2080078
-8647.3789062 -8893.1513672 -8691.1953125 -9004.1835938 -8756.0185547 -8804.6826172 -8428.6552734 -8810.5410156 -8814.9580078 -8743.2480469
-8314.8427734 -8545.5390625 -8366.3984375 -8534.0273438 -8184.3374023 -8161.4199219 -8460.5419922 -8422.0576172 -8287.0273438 -8332.0244141
-7975.7353516 -8331.6816406 -8086.9921875 -8534.8544922 -8162.1362305 -8227.7939453 -7738.3173828 -8156.6328125 -8176.9555664 -8140.0561523
-8112.3662109 -8162.8442383 -8287.1728516 -8554.8642578 -8218.8066406 -8209.1787109 -8267.9794922 -8290.5585938 -8139.7880859 -7892.2524414
-7979.8085938 -8287.4794922 -8078.8481445 -8578.2451172 -8244.6806641 -8362.8740234 -7725.6977539 -8123.0512695 -8220.4160156 -8106.6567383
-7649.2812500 -8144.9277344 -7641.1679688 -8281.0009766 -7897.4848633 -7997.5615234 -7359.2739258 -7788.1069336 -7891.8745117 -7823.5371094
-9410.8984375 -9744.3554688 -9363.5078125 -9814.0644531 -9544.2802734 -9626.7578125 -9128.4521484 -9485.7246094 -9590.0234375 -9555.8115234
-8509.8271484 -8751.9726562 -8516.2695312 -9023.8867188 -8806.2080078 -8870.5195312 -8314.2363281 -8681.6562500 -8761.7900391 -8637.1259766
-7563.1542969 -7735.0312500 -7663.9428711 -7786.2075195 -7266.4667969 -7444.6357422 -7685.5751953 -7603.1875000 -7365.9506836 -7527.5571289
-8115.6333008 -8394.4453125 -8218.8154297 -8530.7812500 -8259.2011719 -8384.9023438 -7859.6264648 -8267.0781250 -8245.7744141 -8217.5595703
-7993.1904297 -8045.5444336 -8219.3935547 -8439.8144531 -8080.7954102 -8141.0126953 -8149.0224609 -8091.1298828 -8066.8242188 -7790.6884766
-7623.5595703 -7966.3715820 -7773.0151367 -8266.3691406 -7884.0073242 -8050.6777344 -7445.9477539 -7854.5859375 -7916.3964844 -7856.0180664
-9225.0878906 -9446.4677734 -9210.2167969 -9625.8603516 -9382.4003906 -9425.4130859 -9017.9990234 -9303.7207031 -9356.0332031 -9323.8115234
-8013.7773438 -8211.9648438 -8151.0869141 -8219.6240234 -7751.1469727 -7558.2714844 -8070.1083984 -8146.7709961 -7774.3647461 -8069.3525391
-8093.6406250 -8375.0771484 -8103.8618164 -8607.8359375 -8310.2617188 -8410.2753906 -7839.9941406 -8160.4985352 -8299.0273438 -8191.6289062
-7891.2958984 -8144.4311523 -7984.8212891 -8398.2070312 -8030.2646484 -8163.7778320 -7585.3388672 -8051.8422852 -8077.1132812 -8026.2309570
-9427.1250000 -9574.1484375 -9432.2138672 -9778.6845703 -9544.1718750 -9620.2900391 -9154.4541016 -9505.7080078 -9491.4599609 -9536.0283203
-7374.8300781 -7566.5097656 -7513.2827148 -7656.7656250 -6972.0869141 -7173.0561523 -7537.2641602 -7506.4365234 -7180.4599609 -7448.7412109
-7587.6762695 -7765.1303711 -7868.9321289 -7822.2109375 -7383.5429688 -7380.8642578 -7663.0849609 -7702.0639648 -7298.4492188 -7561.6079102
-7447.1020508 -7595.0991211 -7619.0556641 -7954.3359375 -7532.5366211 -7615.9135742 -7626.7524414 -7519.0937500 -7492.0771484 -7115.1420898
-7604.3989258 -7952.3735352 -7651.5668945 -8168.3325195 -7855.0253906 -7941.2045898 -7273.9072266 -7759.4970703 -7811.9423828 -7782.1625977
-7331.5395508 -6843.9995117 -7528.1494141 -7819.8095703 -7550.6982422 -7564.6108398 -7527.3237305 -7540.2641602 -7446.5224609 -7293.6298828
-7515.8022461 -7887.6230469 -7519.9467773 -8125.5952148 -7713.7353516 -7735.2529297 -7194.0708008 -7614.7197266 -7747.8334961 -7590.0512695
-8593.2578125 -8805.2207031 -8724.2900391 -7730.5966797 -8438.2548828 -8555.9980469 -8759.0976562 -8732.5683594 -8566.9062500 -8622.3300781
-8615.1562500 -8829.0546875 -8744.4736328 -7863.1611328 -8576.6103516 -8637.8935547 -8777.9814453 -8722.9589844 -8669.1494141 -8676.7675781
-8902.6044922 -9092.5009766 -9073.9863281 -9086.6738281 -8670.7138672 -8454.7783203 -9045.9345703 -8969.9912109 -8792.5117188 -8916.1718750
-8181.9179688 -8265.8007812 -8269.2617188 -8336.6416016 -7957.6918945 -7738.8715820 -8345.9169922 -8287.9589844 -7980.5766602 -8150.7016602
-8485.5166016 -8583.7246094 -8579.0517578 -8734.4892578 -8297.5605469 -8077.2626953 -8697.6699219 -8618.9541016 -8319.1201172 -8427.6289062
-8161.7006836 -8418.4306641 -8433.5556641 -8724.6982422 -8389.6962891 -8503.1250000 -8367.6406250 -8369.5146484 -8385.5498047 -8314.2041016
-9054.4716797 -9155.9111328 -9192.0712891 -8280.4160156 -8944.5996094 -9027.1582031 -9232.1708984 -9146.5468750 -8979.0400391 -9040.1347656
-9359.2177734 -9469.1269531 -9489.5507812 -8767.8818359 -9313.8642578 -9358.9238281 -9577.7929688 -9430.1738281 -9349.6689453 -9409.9658203
-8657.2939453 -8768.3916016 -8790.8486328 -8871.3007812 -8492.3310547 -8286.0859375 -8738.3759766 -8768.6591797 -8463.8466797 -8639.7197266
-8351.0429688 -8528.4941406 -8493.2480469 -8672.3037109 -8176.6020508 -8027.0556641 -8471.2382812 -8522.5732422 -8239.8837891 -8335.0341797
-8376.4462891 -8597.5107422 -8545.7441406 -8891.0986328 -8604.1982422 -8669.9199219 -8551.1005859 -8501.2001953 -8620.7138672 -8501.8056641
-8641.0673828 -8784.5419922 -8769.9511719 -8945.6601562 -8480.6806641 -8296.6582031 -8754.4726562 -8727.0439453 -8511.6083984 -8660.1865234
-8591.8964844 -8779.8300781 -8842.3037109 -7910.0009766 -8539.1728516 -8640.5302734 -8855.7109375 -8802.2929688 -8523.1640625 -8722.7187500
-9117.7519531 -9296.0517578 -9052.1572266 -9158.3916016 -8782.9257812 -8543.7226562 -9216.1054688 -9122.6669922 -9017.7294922 -9055.0000000
-8198.2353516 -8266.6845703 -8326.0976562 -8482.3828125 -7928.1181641 -7743.6201172 -8292.8994141 -8228.2529297 -7911.1333008 -8182.5786133
-8344.0888672 -8567.2050781 -8449.4716797 -8584.3886719 -8039.7685547 -8215.1953125 -8599.8105469 -8467.0556641 -8252.8505859 -8426.1757812
-7989.8740234 -8219.9335938 -8173.3613281 -8501.1669922 -8181.9721680 -8337.6376953 -8195.6230469 -8148.6362305 -8211.2089844 -8185.8393555
-9147.5009766 -9300.3320312 -9085.1103516 -8440.3896484 -8879.4121094 -8993.9765625 -9265.8222656 -9267.9804688 -9013.0390625 -9055.4326172
-8787.6298828 -8994.5439453 -8963.1699219 -9196.3066406 -8895.3623047 -8908.9638672 -8973.2314453 -8942.1884766 -8837.2089844 -8682.3056641
-8254.2177734 -8454.0703125 -8387.8437500 -8650.1835938 -8049.0463867 -7890.5000000 -8420.9208984 -8419.5722656 -8122.0693359 -8335.1191406
-8027.4042969 -8162.5131836 -8111.3789062 -8206.1621094 -7700.9311523 -7875.7763672 -8133.5214844 -8119.3598633 -7786.1933594 -8011.6635742
-8603.7519531 -8795.3037109 -8787.6679688 -8025.5737305 -8534.1875000 -8580.5664062 -8756.3076172 -8720.0478516 -8609.5712891 -8608.7099609
-8283.1152344 -8462.4423828 -8353.0507812 -8576.7314453 -8067.2963867 -7965.3168945 -8416.7480469 -8431.7646484 -8136.0288086 -8282.6171875
-8087.9492188 -8282.4355469 -8204.5341797 -8305.0947266 -7721.7993164 -7882.9223633 -8256.5888672 -8169.2963867 -7978.6269531 -8117.0361328
-7913.5117188 -8239.8701172 -8140.6420898 -8494.7128906 -8152.1718750 -8148.0263672 -8110.9462891 -8098.6049805 -8167.6806641 -8111.6435547
-8442.3496094 -8657.2353516 -8598.6748047 -8648.3710938 -8222.4609375 -7977.6015625 -8586.5937500 -8490.2792969 -8339.2988281 -8514.9375000
-9099.9052734 -9212.8427734 -9088.9902344 -9270.5322266 -8923.6093750 -8799.7919922 -9183.7080078 -9215.6943359 -8952.3388672 -9139.6767578
-8872.7333984 -8993.4443359 -8987.4970703 -8978.0576172 -8689.9130859 -8647.7763672 -9020.6201172 -8966.5332031 -8683.0507812 -8908.5654297
-8858.0205078 -8902.5732422 -9018.3544922 -9082.8066406 -8705.6914062 -8836.9042969 -8940.2744141 -8954.3896484 -8649.7978516 -8815.2216797
-8792.3652344 -8964.4687500 -8931.6972656 -8963.1562500 -8529.0976562 -8623.5507812 -8943.4228516 -8817.7412109 -8671.4570312 -8823.9365234
-8264.0654297 -8410.9101562 -8404.7812500 -8444.7451172 -8055.1674805 -7862.2529297 -8316.6386719 -8350.4667969 -8084.3916016 -8262.7607422
-8094.3540039 -8298.1123047 -8259.5361328 -8378.8916016 -7717.3964844 -7973.3144531 -8217.2509766 -8173.5185547 -7961.9721680 -8219.8017578
-8518.6074219 -8503.0732422 -8555.0878906 -7709.5068359 -8301.2255859 -8463.4140625 -8588.9062500 -8578.2929688 -8483.3808594 -8447.1445312
-8607.6376953 -8699.1923828 -8722.4082031 -8820.3232422 -8352.2470703 -8530.4355469 -8817.3095703 -8688.0429688 -8470.6630859 -8631.8867188
-8551.8388672 -8657.5693359 -8713.9023438 -8779.7958984 -8281.1484375 -8459.5478516 -8775.0869141 -8645.3740234 -8415.4453125 -8574.9853516
-8914.7783203 -9008.1757812 -8994.6767578 -9147.7675781 -8692.6601562 -8660.4785156 -9004.1640625 -8953.0996094 -8714.9228516 -8868.0058594
-8376.2187500 -8536.9228516 -8401.5039062 -8515.2099609 -8077.4648438 -7968.1113281 -8495.8593750 -8448.2744141 -8212.7822266 -8385.2812500
-8053.0722656 -8277.3437500 -8214.2968750 -8275.0859375 -7682.8442383 -7824.2929688 -8198.3134766 -8191.4848633 -7858.6376953 -8074.1054688
-8279.3935547 -8380.9912109 -8399.7783203 -7634.1093750 -8153.4301758 -8290.4199219 -8475.6230469 -8391.9580078 -8212.1669922 -8303.5468750
-9035.7197266 -9080.2470703 -9150.6591797 -9308.7060547 -8762.8730469 -8819.5625000 -9104.7480469 -9078.2822266 -8937.3818359 -8972.8105469
-9085.6894531 -9109.8935547 -9106.2656250 -9200.5908203 -8840.1630859 -8690.0576172 -9183.7148438 -9073.8320312 -8841.2587891 -8997.6015625
-8472.1015625 -8603.6015625 -8568.9150391 -8729.8173828 -8180.9331055 -8332.5195312 -8526.7158203 -8510.4511719 -8285.6064453 -8458.1845703
-8333.4921875 -8525.0722656 -8394.2031250 -8593.7050781 -8123.5312500 -8327.5205078 -8465.2890625 -8310.4511719 -8212.4218750 -8306.2070312
-8580.9335938 -8693.5302734 -8652.3105469 -7872.7377930 -8345.2636719 -8430.2744141 -8646.6699219 -8602.4775391 -8449.2275391 -8573.9628906
-8240.7666016 -8427.6425781 -8327.8671875 -8585.2109375 -8014.2460938 -8147.4262695 -8397.3056641 -8310.1269531 -8080.2133789 -8234.0488281
-8635.0234375 -8873.8017578 -8780.2373047 -8947.5244141 -8485.2324219 -8601.4150391 -8834.7177734 -8793.2939453 -8503.0175781 -8685.0361328
-8564.6025391 -8688.5742188 -8599.8603516 -8829.5937500 -8248.5585938 -8453.5185547 -8674.0898438 -8597.7226562 -8426.8574219 -8474.8769531
-7854.0004883 -8095.5878906 -8040.0566406 -8170.4804688 -7595.3544922 -7800.5229492 -8026.2675781 -7983.4843750 -7758.1357422 -7901.7021484
-8133.4082031 -8281.2304688 -8189.2651367 -8240.0781250 -7641.1181641 -7950.1503906 -8279.1953125 -8234.7548828 -7907.1381836 -8121.1181641
-8166.0805664 -8378.4501953 -8389.8916016 -7451.1064453 -8047.0043945 -8198.5488281 -8441.9882812 -8311.3574219 -8105.1420898 -8164.9677734
-8007.6523438 -8279.6816406 -8155.6108398 -7490.9248047 -7871.4428711 -8031.5336914 -8143.1772461 -8198.3408203 -7959.0991211 -8066.9833984
-8671.5849609 -8906.1416016 -8892.4921875 -8943.1718750 -8492.8408203 -8522.0703125 -8937.4462891 -8816.7812500 -8609.3896484 -8725.5332031
-8478.6269531 -8627.6171875 -8560.0097656 -8724.8183594 -8053.6777344 -8310.6064453 -8656.6806641 -8563.7343750 -8266.7792969 -8440.5175781
-8349.8701172 -8566.3818359 -8463.7509766 -8589.9990234 -8035.1782227 -7994.4252930 -8447.0361328 -8439.5263672 -8184.7446289 -8331.7412109
-7796.3876953 -8019.0566406 -7893.0419922 -7992.6938477 -7299.0717773 -7624.3730469 -7860.4658203 -7853.7109375 -7555.0683594 -7682.5322266
-8294.6855469 -8539.2587891 -8530.9003906 -7727.0756836 -8152.0019531 -8334.8564453 -8536.7363281 -8495.2343750 -8277.9833984 -8381.2138672
-8534.4091797 -8704.9208984 -8651.2451172 -8755.0566406 -8157.2158203 -8350.5742188 -8589.2294922 -8628.4882812 -8404.9130859 -8531.3505859
-8532.4414062 -8701.5380859 -8652.1181641 -7933.2197266 -8430.6445312 -8576.1376953 -8662.4345703 -8676.4814453 -8502.7900391 -8512.4863281
-8607.6025391 -8769.7851562 -8695.4345703 -8748.1289062 -8393.8261719 -8475.3251953 -8723.5634766 -8683.9492188 -8348.7353516 -8612.9550781
-8712.1767578 -8892.1513672 -8833.5410156 -8954.0859375 -8403.5009766 -8568.2812500 -8879.5449219 -8778.6835938 -8656.4658203 -8638.8466797
-8225.9326172 -8480.8457031 -8346.8759766 -8561.4599609 -8008.3149414 -7885.3789062 -8391.7382812 -8368.3515625 -8076.9721680 -8279.0087891
-8223.5986328 -8363.3447266 -8190.2065430 -8263.5312500 -7780.6347656 -7547.8393555 -8297.9853516 -8197.3847656 -7974.0126953 -8172.1030273
-8582.1865234 -8654.2744141 -8677.3193359 -7966.3925781 -8409.4443359 -8552.2861328 -8690.0644531 -8659.3144531 -8505.6699219 -8540.8417969
-8365.2968750 -8557.5410156 -8545.8779297 -8439.5654297 -8079.9125977 -7834.2778320 -8610.4833984 -8419.5078125 -8194.5449219 -8411.2675781
-8777.1367188 -8890.4814453 -8668.5839844 -8784.6767578 -8359.7509766 -8119.1240234 -8858.5937500 -8789.7167969 -8577.4472656 -8753.0390625
-8153.0581055 -8194.8867188 -8276.3603516 -8469.2763672 -7885.7065430 -7761.0834961 -8247.9716797 -8252.7207031 -7949.6533203 -8087.6245117
