-8329.4003906 -7921.3041992 -8444.5390625 -8678.4921875 -8342.1992188 -8428.4873047 -8401.9042969 -8371.6230469 -8243.0224609 -8333.2255859
-8560.5029297 -8819.2041016 -8665.7929688 -9055.0410156 -8734.9287109 -8845.2441406 -8815.8007812 -8701.3037109 -8747.2705078 -8332.4560547
-8060.5649414 -7708.9926758 -8254.9462891 -8597.1220703 -8206.0439453 -8275.3916016 -8192.0820312 -8128.4614258 -8151.6938477 -8141.5068359
-8137.5878906 -7853.2138672 -8388.0742188 -8607.1972656 -8384.4218750 -8402.3486328 -8317.6484375 -8347.7802734 -8274.2724609 -8283.8417969
-7906.6030273 -7524.3408203 -8187.3168945 -8419.0937500 -8097.6528320 -8100.3364258 -8154.0917969 -8095.9272461 -8024.1254883 -8073.1987305
-8396.8857422 -8534.8173828 -8539.5097656 -8662.8017578 -8252.1484375 -8368.0166016 -8522.3261719 -8494.3574219 -8105.1147461 -8357.2480469
-8151.0673828 -7651.2939453 -8285.6962891 -8522.7968750 -8366.9472656 -8407.0058594 -8252.8330078 -8303.3359375 -8265.5185547 -8218.5156250
-7879.3535156 -7506.1992188 -8031.0922852 -8338.4326172 -7944.4555664 -8073.3398438 -8064.3574219 -7950.8769531 -7886.1352539 -7856.0546875
-8427.6025391 -8518.1054688 -8552.5546875 -8672.2324219 -8293.0917969 -8378.6367188 -8538.6679688 -8605.7509766 -8211.6503906 -8449.7197266
-8699.4062500 -8817.0156250 -8794.7578125 -9027.3427734 -8728.6923828 -8824.6845703 -8773.7500000 -8743.6484375 -8697.9365234 -8466.7695312
-7899.5190430 -7435.0161133 -8110.9692383 -8427.9589844 -8080.6611328 -8208.4843750 -8054.1274414 -8065.5849609 -8060.2221680 -8061.5952148
-7984.0439453 -7642.3569336 -8257.1748047 -8376.6298828 -8159.3486328 -8259.8017578 -8171.5527344 -8237.2978516 -8096.0957031 -8082.1425781
-8147.8916016 -7812.2270508 -8312.3154297 -8563.0507812 -8318.7119141 -8405.6621094 -8383.8330078 -8320.1416016 -8335.9375000 -8257.6806641
-8390.6123047 -8393.1064453 -8532.0283203 -8509.0585938 -8181.3745117 -8211.8066406 -8544.7363281 -8526.4228516 -8001.1723633 -8334.9423828
-8773.0380859 -8978.9277344 -8925.2470703 -8976.1494141 -8579.6269531 -8743.5566406 -8912.7441406 -8864.5595703 -8534.9306641 -8731.2324219
-8145.8569336 -8280.3818359 -8293.2783203 -8414.4238281 -7946.2309570 -8015.9663086 -8296.8427734 -8244.7626953 -7787.1176758 -8189.6259766
-7907.4077148 -7558.3540039 -8119.3041992 -8465.3876953 -8116.6259766 -8226.4121094 -8069.3720703 -8094.0029297 -8050.9599609 -8004.6318359
-7831.6005859 -7349.5283203 -8025.0903320 -8291.4902344 -7936.4589844 -8070.5244141 -8010.4345703 -7913.5834961 -7857.1323242 -7870.4467773
-7986.3740234 -7481.8339844 -8129.9277344 -8481.5136719 -8145.2412109 -8243.2246094 -8149.9663086 -8109.5546875 -8064.6801758 -8086.4375000
-8088.2495117 -8158.6381836 -8069.4448242 -8310.3740234 -7851.6206055 -8016.2548828 -8212.3222656 -8170.5717773 -7757.6049805 -8041.1586914
-8471.2128906 -8549.4414062 -8600.9990234 -8658.8076172 -8264.3886719 -8363.4345703 -8637.2919922 -8624.1171875 -8017.4028320 -8433.3837891
-8341.2167969 -7877.2670898 -8485.4472656 -8738.5009766 -8423.6357422 -8508.6708984 -8400.2392578 -8391.7392578 -8372.8828125 -8358.6708984
-7903.0756836 -7619.1049805 -8100.4023438 -8380.8359375 -8068.1982422 -8188.8618164 -8127.4428711 -8081.3520508 -8023.5297852 -7940.3681641
-7746.0810547 -7209.4755859 -7889.1933594 -8145.3349609 -7776.6186523 -7866.1240234 -7897.3286133 -7815.3930664 -7711.9169922 -7796.0302734
-8321.0791016 -8398.9697266 -8373.8300781 -8646.9746094 -8159.8310547 -8307.9140625 -8532.7734375 -8427.7412109 -7980.9663086 -8283.4482422
-7980.7954102 -7561.9335938 -8184.8461914 -8374.3867188 -8071.9687500 -8159.2958984 -8071.4873047 -8036.6923828 -8040.1767578 -7998.7895508
-7972.6142578 -7595.2656250 -8017.2446289 -8354.7490234 -8081.7241211 -8125.0175781 -8100.6816406 -8110.1752930 -7991.2695312 -7948.4062500
-7722.6923828 -7321.1411133 -7899.3398438 -8264.2382812 -7827.9726562 -7989.5253906 -7859.9819336 -7896.9360352 -7793.0629883 -7822.1811523
-8511.4267578 -8742.0927734 -8697.0107422 -8837.9111328 -8444.5371094 -8501.9794922 -8619.9140625 -8649.4365234 -8270.0488281 -8663.4384766
-8024.0058594 -8229.4462891 -8139.9179688 -8368.5048828 -8029.6997070 -8160.9765625 -8172.9433594 -8192.9189453 -8018.6875000 -7791.3569336
-7986.5898438 -7526.2475586 -8160.6660156 -8435.6054688 -8076.2758789 -8203.1230469 -8150.7426758 -8087.5883789 -8052.1660156 -7965.8862305
-8165.4628906 -7708.0200195 -8312.3828125 -8562.3085938 -8300.8115234 -8372.4316406 -8349.9511719 -8324.4375000 -8204.1162109 -8226.1396484
-8296.6787109 -8428.3876953 -8346.4296875 -8562.3271484 -8129.1567383 -8126.0332031 -8366.8886719 -8353.4355469 -7999.9682617 -8257.8886719
-7951.5048828 -8100.9013672 -8079.9428711 -8464.0625000 -8030.4931641 -8145.8320312 -8128.6093750 -8017.8266602 -7990.9038086 -7761.0805664
-8454.4697266 -8473.7382812 -8534.7431641 -8827.4765625 -8495.4492188 -8610.9531250 -8581.7099609 -8556.1748047 -8440.0478516 -8202.6679688
-8212.1787109 -8331.9082031 -8332.6835938 -8486.1796875 -8086.0170898 -8144.3544922 -8361.8505859 -8297.2490234 -7947.2983398 -8187.2026367
-8164.9516602 -8298.7792969 -8275.3037109 -8411.6298828 -7910.0781250 -8024.4091797 -8237.3408203 -8142.0029297 -7821.3491211 -8153.9790039
-8249.4931641 -8365.4873047 -8331.2402344 -8520.8193359 -8031.5668945 -8082.7451172 -8328.0078125 -8272.9560547 -7865.9379883 -8207.7695312
-8014.4418945 -8130.1997070 -8169.7851562 -8464.0917969 -8118.0009766 -8182.6533203 -8215.6376953 -8160.7973633 -8107.9458008 -7821.4360352
-8251.4687500 -8354.3798828 -8345.1181641 -8609.3330078 -8082.0390625 -8250.2500000 -8387.2080078 -8329.2919922 -7991.9174805 -8179.8144531
-8095.4365234 -8222.8671875 -8203.0595703 -8368.6699219 -7957.8261719 -8019.1445312 -8213.9960938 -8110.1171875 -7827.4692383 -8085.6889648
-7941.3193359 -8106.1245117 -8110.1176758 -8241.9775391 -7950.6240234 -8103.8378906 -8183.1855469 -8027.3754883 -7950.5898438 -7619.1870117
-7788.9277344 -7952.8320312 -7922.4389648 -8307.3417969 -7872.0424805 -7993.0561523 -7943.4858398 -7889.0273438 -7861.0703125 -7535.1997070
-8169.3833008 -7802.3955078 -8340.6875000 -8679.4111328 -8306.3808594 -8403.9531250 -8394.9589844 -8298.4843750 -8189.8452148 -8244.2431641
-8510.3867188 -8609.5166016 -8582.5986328 -8763.7246094 -8294.5322266 -8367.4326172 -8610.6494141 -8605.1386719 -8202.9609375 -8530.3300781
-8215.5986328 -8298.6972656 -8326.0585938 -8459.9248047 -8062.6787109 -8117.8432617 -8363.4687500 -8312.2128906 -7956.4287109 -8255.2744141
-8559.4863281 -8690.9228516 -8685.8251953 -8708.9843750 -8277.5371094 -8411.2246094 -8672.0566406 -8622.5722656 -8255.0546875 -8578.9052734
-8265.0273438 -7763.4106445 -8466.9101562 -8727.7031250 -8374.4355469 -8435.1669922 -8411.2265625 -8411.5498047 -8276.2666016 -8337.7451172
-8388.7265625 -8526.1406250 -8529.5830078 -8651.9228516 -8259.3544922 -8318.7822266 -8537.8105469 -8526.6816406 -7993.6875000 -8366.5830078
-8181.0024414 -8376.9238281 -8347.3808594 -8477.9941406 -8099.6552734 -8177.8588867 -8382.7275391 -8298.0117188 -7959.0312500 -8199.8095703
-8174.2402344 -8283.9111328 -8329.0449219 -8413.2558594 -7966.3227539 -8009.1293945 -8346.8203125 -8205.4101562 -7875.6767578 -8114.5122070
-8470.2978516 -8675.2636719 -8639.0107422 -8825.4052734 -8611.9287109 -8725.5888672 -8755.7070312 -8706.8876953 -8618.2187500 -8259.0996094
-7694.9169922 -7795.1020508 -7733.5859375 -8239.7509766 -7766.8662109 -7839.5761719 -7893.3745117 -7749.5424805 -7681.3100586 -7376.7885742
-8737.7988281 -8985.6591797 -8876.2392578 -9166.0400391 -8844.8779297 -8873.1298828 -8916.1923828 -8888.3945312 -8788.7500000 -8453.9062500
-8536.3808594 -8746.1357422 -8644.2207031 -9011.6650391 -8589.9589844 -8802.5048828 -8676.7958984 -8649.9560547 -8540.4970703 -8302.0146484
-8586.4492188 -8783.3164062 -8704.2128906 -9000.2656250 -8646.9609375 -8773.4169922 -8660.8164062 -8729.7880859 -8622.5556641 -8354.0175781
-8407.9433594 -8476.9238281 -8496.4697266 -8713.5273438 -8392.4111328 -8509.5498047 -8526.0175781 -8484.3935547 -8387.9863281 -8169.3720703
-8233.5830078 -8456.8759766 -8366.1816406 -8762.3105469 -8285.6679688 -8399.1992188 -8356.9199219 -8338.4501953 -8347.9199219 -8079.5898438
-7952.2954102 -8060.1542969 -8152.9521484 -8408.4101562 -8034.7216797 -8152.6010742 -8102.9218750 -8079.7832031 -8045.2319336 -7627.8256836
-8094.8403320 -8238.8300781 -8248.2070312 -8452.8398438 -8121.0190430 -8215.0908203 -8177.5297852 -8209.6748047 -8126.5449219 -7844.3134766
-7632.8076172 -7084.1528320 -7838.3066406 -8108.6333008 -7738.8666992 -7834.7788086 -7682.6958008 -7732.9599609 -7698.0063477 -7698.6596680
-8080.1762695 -7794.1206055 -8279.6035156 -8589.8232422 -8256.0439453 -8412.1201172 -8220.5664062 -8265.8808594 -8219.1894531 -8156.3769531
-8116.6660156 -8250.1630859 -8267.2998047 -8436.3974609 -7935.4155273 -8082.6987305 -8221.8408203 -8280.6103516 -7867.3769531 -8153.3720703
-7715.6401367 -7856.0371094 -7872.9843750 -8185.5620117 -7770.6201172 -7959.9130859 -7852.8725586 -7799.1215820 -7819.6259766 -7461.5917969
-7925.8808594 -8259.8964844 -8062.5229492 -8459.0517578 -8063.1484375 -8192.4267578 -8146.6108398 -8093.3696289 -8106.1523438 -7722.4936523
-8390.8906250 -8590.2294922 -8564.2578125 -8796.9609375 -8594.7724609 -8616.1396484 -8614.2929688 -8530.1708984 -8573.4335938 -8544.8535156
-8627.0839844 -8957.4833984 -8827.0253906 -9210.6044922 -8966.6142578 -9048.7421875 -8926.4296875 -8842.2773438 -8972.4228516 -8833.8486328
-8279.8808594 -8606.6171875 -8349.4404297 -8770.9384766 -8508.1552734 -8641.9853516 -8442.3652344 -7980.4755859 -8510.9111328 -8387.9130859
-8311.8623047 -8564.9277344 -8347.8808594 -8749.7880859 -8459.0429688 -8607.6240234 -8474.1074219 -8011.8945312 -8427.4814453 -8464.3886719
-8133.9472656 -8548.7548828 -7900.1513672 -8763.8144531 -8451.4658203 -8606.4423828 -8291.2099609 -8258.8251953 -8430.6298828 -8342.7773438
-8359.4755859 -8619.7285156 -8122.8911133 -8789.6210938 -8541.4384766 -8609.8730469 -8438.7783203 -8484.5175781 -8567.3085938 -8610.3818359
-7801.6318359 -8009.6850586 -7967.8647461 -8264.0585938 -7935.1396484 -7991.8745117 -7982.3740234 -7530.8930664 -7958.4780273 -7897.9121094
-8660.9960938 -8885.2119141 -8440.4775391 -9015.0546875 -8785.8613281 -8840.0488281 -8674.9404297 -8768.2109375 -8793.4619141 -8742.9794922
-8701.9072266 -8910.1386719 -8724.2402344 -9096.6875000 -8843.5615234 -8903.9902344 -8851.4746094 -8434.1064453 -8881.9013672 -8768.9179688
-8852.9804688 -9077.5566406 -9046.1191406 -9309.2832031 -9026.0166016 -9136.5986328 -9022.9970703 -9086.9638672 -9017.4306641 -8998.1669922
-8882.2890625 -9120.6767578 -9092.9287109 -9401.9423828 -9156.0195312 -9177.2392578 -8992.1894531 -8977.2470703 -9003.8642578 -9051.9404297
-8819.8037109 -9191.2724609 -8821.7285156 -9276.7587891 -9000.4736328 -9156.8632812 -8992.7011719 -8614.6962891 -9051.1923828 -8988.3750000
-8517.8720703 -8763.0371094 -8375.6904297 -9008.0117188 -8702.8652344 -8762.8173828 -8629.3339844 -8622.1357422 -8670.1367188 -8701.3750000
-8480.8505859 -8674.6181641 -8166.8613281 -8878.7333984 -8659.1455078 -8714.2177734 -8439.7382812 -8589.1582031 -8621.1591797 -8600.4912109
-8920.8271484 -9169.9755859 -8670.8466797 -9290.0917969 -8986.8505859 -9041.5087891 -9036.3574219 -8899.8154297 -9036.0732422 -9033.7617188
-8297.4589844 -8622.8769531 -8001.4956055 -8825.8369141 -8540.1787109 -8623.5068359 -8403.7246094 -8388.3251953 -8511.7021484 -8468.2792969
-8199.4062500 -8365.0664062 -8148.0874023 -8617.4785156 -8241.2343750 -8355.5664062 -8249.6464844 -7882.5424805 -8254.3789062 -8352.5957031
-8132.2280273 -8422.2089844 -8399.3701172 -8740.9345703 -8419.0166016 -8504.2724609 -8308.0156250 -8394.3798828 -8434.3457031 -8338.9843750
-8389.7392578 -8640.2988281 -8531.3398438 -8886.3144531 -8686.6044922 -8761.8847656 -8544.2607422 -8642.0234375 -8654.5810547 -8605.1552734
-8332.9072266 -8726.4648438 -8104.0527344 -8959.2617188 -8650.8750000 -8760.0996094 -8499.6728516 -8509.3291016 -8646.5839844 -8636.9550781
-7989.5151367 -8295.4394531 -8059.5302734 -8602.4482422 -8196.5605469 -8400.6289062 -8116.8203125 -7911.7080078 -8234.7187500 -8271.8896484
-8078.1210938 -8272.2236328 -8144.8779297 -8474.1845703 -8238.5048828 -8361.0810547 -8142.3862305 -7742.2065430 -8182.2246094 -8205.9277344
-8203.1005859 -8427.2939453 -8049.5283203 -8644.2675781 -8396.9042969 -8539.4091797 -8203.9287109 -8233.7998047 -8343.3681641 -8341.5351562
-8258.1015625 -8572.4199219 -7861.1259766 -8771.3232422 -8431.8076172 -8487.0996094 -8375.1630859 -8326.6884766 -8448.0332031 -8384.1630859
-7961.0722656 -8206.8701172 -8026.9770508 -8386.2822266 -8056.8208008 -8226.8378906 -8081.6508789 -7603.8496094 -8120.7309570 -8136.3452148
-8191.8525391 -8559.5664062 -8360.2890625 -8748.7832031 -8463.7705078 -8536.8603516 -8429.1718750 -8374.6699219 -8445.1787109 -8429.9589844
-8196.0771484 -8497.6123047 -8394.4931641 -8801.3222656 -8456.4326172 -8560.2041016 -8410.4404297 -8350.7226562 -8449.3388672 -8319.2548828
-8427.4677734 -8601.9199219 -8462.1142578 -8956.4570312 -8544.9511719 -8624.2656250 -8477.1093750 -8160.7495117 -8484.3818359 -8520.9111328
-8272.2402344 -8618.1484375 -8050.5390625 -8846.4414062 -8630.4130859 -8660.3164062 -8452.3779297 -8442.2187500 -8517.7480469 -8526.6728516
-8196.1621094 -8448.4492188 -7819.2490234 -8668.5527344 -8354.4228516 -8494.5498047 -8207.1894531 -8248.5654297 -8357.0185547 -8276.8300781
-7727.8930664 -8031.7534180 -7760.1166992 -8261.9345703 -7908.5815430 -8055.3310547 -7891.7963867 -7364.7587891 -7871.1816406 -7855.6069336
-9046.5117188 -9324.1230469 -8849.0048828 -9569.8408203 -9302.5136719 -9406.8847656 -9202.6513672 -9129.8906250 -9232.8798828 -9072.4287109
-8687.1103516 -8897.3066406 -8842.3652344 -9116.7568359 -8804.5937500 -8947.1250000 -8835.7148438 -8863.4912109 -8818.4326172 -8789.2363281
-8393.5898438 -8722.3154297 -8521.2744141 -8990.3017578 -8713.7138672 -8788.1347656 -8594.2939453 -8570.3515625 -8669.6542969 -8645.1474609
-8551.5791016 -8767.7333984 -8664.5478516 -9008.8525391 -8789.3427734 -8899.3769531 -8708.4492188 -8406.8496094 -8714.8154297 -8734.3847656
-8681.3300781 -8887.4726562 -8740.9902344 -9109.4687500 -8770.2343750 -8842.0595703 -8735.1962891 -8376.8808594 -8803.2783203 -8786.0292969
-8044.0327148 -8316.5625000 -7904.4516602 -8468.1113281 -8294.4492188 -8403.1669922 -8100.1386719 -8093.6020508 -8289.4189453 -8250.7187500
-7911.7636719 -8091.8061523 -8011.8969727 -8323.1816406 -7972.4814453 -8148.9560547 -8062.4702148 -7602.5395508 -8003.3403320 -7996.2363281
-7838.8637695 -8147.7758789 -8150.0766602 -8563.1699219 -8123.4902344 -8283.0898438 -8115.1845703 -8076.9301758 -8152.9291992 -8100.8549805
-8678.6093750 -9024.7714844 -8880.5937500 -9216.3154297 -9029.7158203 -9150.9140625 -8827.3271484 -8890.1416016 -8969.4746094 -8814.5966797
-8506.8271484 -8785.8505859 -8711.5166016 -9109.3525391 -8772.8691406 -8904.3525391 -8716.9736328 -8705.8281250 -8740.0000000 -8732.4013672
-7814.4365234 -8039.1538086 -7612.8920898 -8297.0136719 -7983.0634766 -8120.8588867 -7906.6904297 -7867.3613281 -7955.4472656 -7928.3242188
-8407.6689453 -8670.2695312 -8034.5366211 -8915.5332031 -8579.9667969 -8649.4902344 -8467.2998047 -8504.7910156 -8608.8427734 -8573.2255859
-8048.9267578 -8307.7343750 -8185.7006836 -8579.6796875 -8158.2309570 -8294.0878906 -8181.2031250 -7786.1801758 -8130.6542969 -8189.3471680
-8749.8681641 -8981.6562500 -8872.3955078 -9286.4931641 -8968.7138672 -9102.8222656 -8887.4326172 -8900.5839844 -8988.7333984 -8882.6425781
-8932.7167969 -9152.1357422 -8962.1835938 -9265.5341797 -9034.0078125 -9151.8964844 -8975.8525391 -8661.5722656 -8967.9726562 -9010.7783203
-8453.0839844 -8680.6806641 -8195.5595703 -8888.7255859 -8593.1669922 -8704.7900391 -8527.4941406 -8457.4726562 -8590.4160156 -8567.9345703
-8449.3691406 -8726.4140625 -8314.7802734 -8915.2246094 -8628.0029297 -8650.1113281 -8519.4638672 -8430.7167969 -8602.3447266 -8545.1455078
-7969.1230469 -8176.0898438 -8115.0869141 -8675.5117188 -8222.5410156 -8318.9609375 -8204.0273438 -8134.3520508 -8234.6347656 -8097.8725586
-8059.1064453 -8396.5019531 -8263.5449219 -8761.9970703 -8431.6796875 -8524.0742188 -8398.4921875 -8259.0019531 -8371.1816406 -8291.8808594
-8118.4873047 -8471.1220703 -8268.4062500 -8748.5566406 -8336.7470703 -8532.9091797 -8209.0976562 -8273.7177734 -8361.1064453 -8351.7685547
-8088.6757812 -8457.4384766 -8347.3496094 -8804.4697266 -8406.2666016 -8510.0283203 -8356.7158203 -8296.9609375 -8400.2539062 -8342.1738281
-8441.1396484 -8788.3652344 -8557.4501953 -8889.7880859 -8664.5000000 -8820.5781250 -8591.6582031 -8155.4233398 -8653.6669922 -8555.1464844
-7910.0258789 -8301.0537109 -7838.1079102 -8528.8330078 -8199.3623047 -8328.6757812 -8042.5771484 -8075.7446289 -8204.6904297 -8044.6005859
-7961.0776367 -8171.9614258 -7705.3686523 -8485.3847656 -8191.7568359 -8305.3125000 -8074.1884766 -8047.7885742 -8214.4248047 -8080.3427734
-7850.0698242 -8225.6933594 -7804.6503906 -8246.5732422 -7920.8842773 -7988.0283203 -8036.3520508 -7779.0917969 -8036.6743164 -7932.8706055
-8082.4985352 -8481.1210938 -7991.7465820 -8697.9316406 -8424.8623047 -8535.3310547 -8249.3193359 -8265.3750000 -8382.2812500 -8308.1445312
-8184.4594727 -8513.4921875 -8357.7119141 -8652.7109375 -8350.4345703 -8481.2558594 -8314.9316406 -8000.6147461 -8378.3554688 -8322.4306641
-8242.8115234 -8602.1396484 -8425.0078125 -8947.9326172 -8548.2968750 -8674.8759766 -8368.6455078 -8482.7939453 -8571.8339844 -8440.1601562
-8521.3007812 -8706.4843750 -8588.4267578 -8953.0166016 -8707.6611328 -8838.5107422 -8591.0390625 -8316.7207031 -8688.6484375 -8589.7636719
-7927.7387695 -8214.4091797 -8140.2387695 -8566.5185547 -8126.7944336 -8389.2988281 -8115.9033203 -8123.7856445 -8190.4990234 -8078.3793945
-7919.2524414 -8201.1699219 -7456.5146484 -8439.7187500 -8054.8989258 -8152.2968750 -7990.5200195 -7946.9467773 -8057.2856445 -8081.4858398
-8082.1479492 -8281.7871094 -8103.6030273 -8603.8632812 -8249.1396484 -8411.3740234 -8175.9067383 -7855.7851562 -8289.6718750 -8186.2861328
-8277.9013672 -8528.3232422 -8399.3447266 -8844.9267578 -8484.9013672 -8578.0107422 -8455.4072266 -8429.5986328 -8446.4951172 -8451.1083984
-8249.5000000 -8545.5126953 -8243.5283203 -8680.2949219 -8356.7792969 -8448.9365234 -8328.5458984 -8008.3862305 -8411.8769531 -8333.2050781
-7927.9394531 -8225.1289062 -7760.6997070 -8383.1318359 -8101.0263672 -8248.4375000 -7953.1596680 -7974.6254883 -8107.6591797 -8079.9213867
-8203.8281250 -8594.3359375 -8081.2197266 -8637.6513672 -8398.3916016 -8490.1621094 -8254.1806641 -8299.6230469 -8436.4638672 -8425.3242188
-8357.0175781 -8664.6669922 -8479.5917969 -8937.2392578 -8608.4746094 -8709.3652344 -8490.3271484 -8097.3603516 -8568.5820312 -8501.1210938
-7950.9096680 -8162.6547852 -8067.7832031 -8501.7070312 -8142.3881836 -8265.9316406 -8040.3930664 -7632.6591797 -8143.9389648 -8151.1479492
-7590.2099609 -7933.1542969 -7795.3593750 -8212.4990234 -7810.0878906 -7985.2177734 -7880.9731445 -7870.8012695 -7837.4936523 -7851.0190430
-7992.2768555 -8278.9824219 -8078.3471680 -8481.8925781 -8196.2939453 -8326.7958984 -8180.6743164 -7839.7114258 -8207.2763672 -8130.7377930
-8057.0927734 -8324.0771484 -8165.3867188 -8527.2089844 -8236.4365234 -8362.2705078 -8223.4228516 -7702.6206055 -8278.0517578 -8154.5678711
-7747.6240234 -8036.9497070 -7496.1381836 -8319.4160156 -7978.4365234 -8059.6064453 -7918.1718750 -7842.2480469 -7921.5556641 -7905.4350586
-7719.4477539 -7982.9941406 -7428.5190430 -8306.0527344 -7909.4394531 -8001.6088867 -7730.4584961 -7768.6425781 -7925.6455078 -7780.0703125
-7847.9643555 -8136.8105469 -8013.9750977 -8371.7832031 -8049.6835938 -8200.7041016 -7996.7651367 -7543.5434570 -8064.2373047 -8077.1611328
-8300.5253906 -8511.6630859 -8387.4365234 -8488.0292969 -7785.8002930 -7932.9233398 -8441.2792969 -8280.9775391 -8059.1049805 -8294.9179688
-8556.5595703 -8768.5732422 -8541.2304688 -9043.3984375 -8695.2324219 -8791.6708984 -8320.6992188 -8661.0322266 -8650.2656250 -8731.1464844
-8671.1679688 -8807.1962891 -8797.0332031 -8915.3212891 -8480.7792969 -8307.2021484 -8839.4228516 -8788.3261719 -8518.2343750 -8668.4296875
-8692.7001953 -8877.5683594 -8673.2568359 -9070.6572266 -8796.6923828 -8917.9501953 -8436.9013672 -8757.4160156 -8845.2451172 -8789.9531250
-9100.2500000 -9295.2490234 -9177.3300781 -9459.5029297 -9299.9384766 -9317.0351562 -8905.4687500 -9180.4228516 -9225.1367188 -9190.9941406
-8874.9521484 -9146.1738281 -9002.1601562 -9256.4462891 -9088.0478516 -9159.4531250 -8597.6347656 -9032.1396484 -9097.5820312 -9050.4355469
-8566.6435547 -8821.9091797 -8693.3037109 -9057.5087891 -8784.5097656 -8837.7441406 -8290.0371094 -8675.2607422 -8770.2597656 -8657.6611328
-8808.9316406 -8985.0048828 -8929.8750000 -8969.4599609 -8524.7568359 -8458.4296875 -9032.1855469 -8989.3525391 -8619.2080078 -8902.0058594
-8905.7382812 -9031.3906250 -9065.8271484 -9165.4140625 -8830.4199219 -8874.0800781 -9050.9072266 -9074.5927734 -8763.1562500 -8927.7294922
-8587.3955078 -8796.0820312 -8713.5068359 -8987.7763672 -8696.3144531 -8805.7539062 -8744.4267578 -8733.3789062 -8646.7812500 -8493.9013672
-8602.1533203 -8888.4199219 -8625.3017578 -9074.5527344 -8848.7197266 -8883.2187500 -8413.1962891 -8745.2978516 -8794.1035156 -8730.1562500
-8255.5703125 -8373.6132812 -8444.6689453 -8449.3046875 -7980.7866211 -8134.3671875 -8457.4013672 -8308.8857422 -8083.8530273 -8298.5419922
-9220.8945312 -9358.1191406 -9293.3242188 -9537.7128906 -9293.3398438 -9412.6035156 -9296.1474609 -9316.3613281 -9273.5820312 -8994.7705078
-8604.7578125 -8884.9599609 -8661.1904297 -9080.8095703 -8821.6738281 -8910.2949219 -8306.0273438 -8739.8828125 -8725.2900391 -8773.8701172
-8502.0478516 -8047.7734375 -8587.5263672 -8866.3642578 -8541.0820312 -8682.6005859 -8569.1162109 -8579.4736328 -8551.8759766 -8479.6455078
-8956.7167969 -9162.6992188 -9037.8291016 -9377.7958984 -9102.7138672 -9175.5458984 -8751.3662109 -9038.3339844 -9094.1542969 -9104.4052734
-8832.1220703 -9047.9580078 -8921.0605469 -9049.1152344 -8535.2099609 -8414.2949219 -8932.5742188 -8873.1035156 -8633.8125000 -8831.6728516
-8928.0332031 -9185.6357422 -9021.3291016 -9364.9833984 -9078.9687500 -9131.7802734 -8813.0517578 -9016.1230469 -9082.3261719 -9125.9482422
-8683.9755859 -8989.0986328 -8757.4755859 -9077.5449219 -8948.4970703 -9006.3251953 -8498.7939453 -8775.4121094 -8863.4326172 -8901.9716797
-9051.9277344 -9210.0322266 -9032.7138672 -9156.9238281 -8742.2470703 -8637.8789062 -9193.4824219 -9064.6835938 -8939.0791016 -9063.0498047
-9086.9716797 -9125.6552734 -9165.7031250 -9173.6259766 -8928.0537109 -9010.9121094 -9182.1962891 -9168.9169922 -8812.0634766 -9141.0117188
-9251.8027344 -9449.3886719 -9295.8115234 -9675.9619141 -9421.9277344 -9500.9150391 -9043.0380859 -9327.5693359 -9395.8691406 -9317.7929688
-8118.5585938 -8426.1933594 -8189.9672852 -8614.9619141 -8314.0380859 -8435.8085938 -7912.5976562 -8199.6962891 -8250.4931641 -8185.5424805
-8625.1767578 -8856.9160156 -8722.2470703 -9093.4863281 -8856.5361328 -8936.6250000 -8409.3437500 -8786.5869141 -8792.1259766 -8751.3886719
-9307.4492188 -9540.4794922 -9398.2851562 -9739.3046875 -9504.7392578 -9568.5849609 -9193.5078125 -9359.6972656 -9478.7382812 -9468.0849609
-8905.3945312 -9113.2558594 -8927.7119141 -9336.4550781 -9043.8642578 -9178.3291016 -8658.0156250 -8975.0195312 -9043.3632812 -8988.0986328
-8537.8769531 -8833.6640625 -8474.3300781 -8692.3437500 -8331.0146484 -8289.3935547 -8701.2041016 -8530.7636719 -8373.6318359 -8571.3505859
-8260.0732422 -8485.0449219 -8255.0419922 -8753.3046875 -8527.5341797 -8625.5898438 -8040.6914062 -8447.1162109 -8440.4189453 -8384.8056641
-8294.9052734 -8417.5019531 -8438.6123047 -8674.0537109 -8402.6230469 -8472.5625000 -8465.3642578 -8497.4941406 -8368.9052734 -8038.8134766
-7783.1166992 -8078.1958008 -7914.7451172 -8337.0429688 -8033.1088867 -8208.0546875 -7550.2324219 -7933.9252930 -8039.7861328 -7960.5541992
-7561.7797852 -7767.6005859 -7568.3466797 -8189.1069336 -7732.5209961 -7886.6494141 -7342.5209961 -7681.9448242 -7745.2060547 -7745.6123047
-9073.0009766 -9255.3115234 -9161.5615234 -9410.4873047 -9246.2871094 -9357.8955078 -8867.8671875 -9118.0839844 -9229.0029297 -9176.1093750
-8418.4228516 -8602.6630859 -8456.0439453 -8902.3632812 -8638.1816406 -8736.7666016 -8182.3925781 -8473.2978516 -8627.9228516 -8603.1660156
-7695.6948242 -7909.5898438 -7838.4394531 -8065.2587891 -7411.3930664 -7636.6870117 -7838.6855469 -7862.7753906 -7551.0180664 -7719.8662109
-8073.6582031 -8303.1982422 -8153.2773438 -8523.0273438 -8245.9326172 -8360.8955078 -7797.3095703 -8186.8203125 -8260.5468750 -8181.3623047
-7844.7695312 -8025.4199219 -7976.8823242 -8431.7226562 -7948.9414062 -8090.3339844 -8019.1997070 -8007.7670898 -7973.4458008 -7728.2919922
-8029.9936523 -8248.8056641 -8155.1098633 -8515.9257812 -8276.3691406 -8397.1669922 -7807.0820312 -8109.2817383 -8205.0761719 -8177.7192383
-9301.0693359 -9438.2001953 -9260.1718750 -9569.8691406 -9358.8486328 -9401.1552734 -9018.9062500 -9349.9892578 -9358.4287109 -9330.9404297
-7954.3144531 -8111.4306641 -8102.7866211 -8180.4853516 -7605.6123047 -7522.9204102 -8059.5283203 -8109.4775391 -7670.7119141 -7928.4228516
-8355.4511719 -8535.9951172 -8420.8417969 -8775.2675781 -8458.6923828 -8606.6240234 -8082.6616211 -8426.1152344 -8461.0625000 -8467.0937500
-7788.1489258 -8077.8374023 -7816.5419922 -8301.2031250 -8030.5341797 -8130.9560547 -7504.1049805 -7886.6909180 -7994.2709961 -7878.1420898
-9159.8691406 -9305.2783203 -9195.1816406 -9508.5927734 -9267.8447266 -9375.5029297 -8972.3710938 -9162.6826172 -9269.6416016 -9222.3066406
-7704.4311523 -7890.4877930 -7834.1542969 -7963.1254883 -7284.2778320 -7413.3994141 -7805.1025391 -7806.4038086 -7462.1621094 -7634.5581055
-7919.1630859 -7978.0922852 -7960.6835938 -7995.5986328 -7584.3989258 -7546.4365234 -7982.2133789 -7842.5112305 -7563.9887695 -7849.0883789
-7699.9995117 -7858.5512695 -7877.1264648 -8141.6635742 -7736.4707031 -7827.0810547 -7832.3476562 -7794.4951172 -7712.2700195 -7339.5932617
-7641.0249023 -7906.1420898 -7736.7963867 -8165.3886719 -7873.0004883 -7990.3720703 -7372.1396484 -7867.3388672 -7899.8681641 -7798.0063477
-7169.7294922 -6836.4741211 -7341.3315430 -7805.9926758 -7394.2094727 -7468.9746094 -7395.9580078 -7346.1059570 -7319.0375977 -7239.0126953
-7669.6328125 -8090.1127930 -7731.6166992 -8397.1494141 -7938.6489258 -8057.0898438 -7492.9150391 -7870.8007812 -7903.3520508 -7805.3178711
-8743.4941406 -8868.8623047 -8876.5126953 -7858.8813477 -8559.1806641 -8589.9013672 -8857.3125000 -8785.8544922 -8618.2109375 -8734.2910156
-8847.0839844 -8986.2060547 -8942.6533203 -8087.6582031 -8729.6708984 -8815.3378906 -9003.1240234 -8918.2666016 -8728.9921875 -8883.9453125
-8789.9384766 -8905.9833984 -8952.6816406 -9031.6054688 -8504.6767578 -8380.2900391 -8947.4912109 -8879.3359375 -8627.6318359 -8771.9111328
-8407.6347656 -8577.1455078 -8581.3164062 -8577.9433594 -8198.3222656 -8041.8320312 -8589.5175781 -8531.8066406 -8186.9462891 -8376.6093750
-8424.9394531 -8582.3095703 -8547.1542969 -8521.6328125 -8141.4697266 -8010.6030273 -8535.7783203 -8502.3388672 -8203.4814453 -8366.7255859
-8362.5029297 -8669.7460938 -8485.0546875 -8859.9306641 -8640.4394531 -8770.4062500 -8647.0986328 -8513.0263672 -8654.1347656 -8568.8984375
-9183.4814453 -9276.0195312 -9169.0800781 -8335.9550781 -9035.6289062 -9020.9414062 -9235.5556641 -9169.7294922 -9052.9492188 -9180.4765625
-9398.9931641 -9507.5771484 -9492.5205078 -8722.7421875 -9313.5507812 -9340.0341797 -9438.2675781 -9446.9199219 -9295.8281250 -9401.4082031
-8722.6884766 -8867.7734375 -8771.5957031 -8851.2792969 -8531.8437500 -8415.4433594 -8861.0830078 -8825.2910156 -8612.6972656 -8770.4257812
-8647.0849609 -8722.1367188 -8694.7031250 -8876.6767578 -8348.6259766 -8261.0693359 -8750.5527344 -8712.7480469 -8455.8300781 -8636.7041016
-8419.7626953 -8745.5361328 -8601.1718750 -9002.8388672 -8733.5166016 -8874.9169922 -8540.8408203 -8584.4775391 -8693.9843750 -8590.8144531
-8954.1562500 -9136.0556641 -9083.7236328 -9144.0039062 -8688.4257812 -8528.0966797 -9098.0068359 -9032.8037109 -8821.3525391 -8964.2773438
-8757.5849609 -8941.8281250 -8882.6982422 -8121.2241211 -8689.0595703 -8679.0458984 -8919.0917969 -8936.5683594 -8677.4150391 -8868.6630859
-9237.6972656 -9361.7343750 -9258.1298828 -9404.8945312 -8921.5644531 -8709.9990234 -9284.1123047 -9230.9003906 -9161.0537109 -9290.4707031
-8517.5527344 -8698.0527344 -8685.3037109 -8717.5361328 -8155.0727539 -7993.5185547 -8667.9189453 -8594.5644531 -8258.8750000 -8574.5810547
-8240.5087891 -8428.2705078 -8367.4169922 -8552.8632812 -8021.5463867 -8168.2128906 -8363.5849609 -8371.2695312 -8113.6445312 -8259.3652344
-8039.1933594 -8292.1044922 -8248.6806641 -8620.6464844 -8261.9589844 -8400.8144531 -8216.5839844 -8264.7177734 -8256.2031250 -8287.3447266
-9072.0957031 -9261.5751953 -9026.8466797 -8310.1669922 -8844.0615234 -8798.7294922 -9186.3642578 -9081.8964844 -8998.3300781 -9070.1318359
-8806.1708984 -9013.7207031 -8902.1650391 -9159.7421875 -8841.8193359 -8886.7773438 -8878.9843750 -8840.2802734 -8794.4541016 -8627.5488281
-8531.9365234 -8630.1582031 -8618.1630859 -8671.5175781 -8227.7832031 -7952.7265625 -8670.6787109 -8619.3320312 -8202.9589844 -8474.3417969
-8319.1943359 -8549.7197266 -8422.7382812 -8508.0517578 -7940.8085938 -8091.7924805 -8403.2773438 -8265.4482422 -8171.5771484 -8345.4326172
-8942.2314453 -9107.1210938 -8942.9033203 -8345.5566406 -8791.7861328 -8813.0292969 -9044.1972656 -8939.0449219 -8818.6572266 -8944.9951172
-8683.3769531 -8765.1816406 -8762.7539062 -8903.1113281 -8343.2734375 -8341.1074219 -8812.2646484 -8770.1035156 -8508.7773438 -8649.8759766
-8176.8286133 -8445.1933594 -8249.3896484 -8587.8144531 -7963.9648438 -8138.4790039 -8438.9169922 -8256.9667969 -8110.8652344 -8155.9731445
-8173.4902344 -8565.8613281 -8346.6435547 -8757.3154297 -8490.8730469 -8517.0244141 -8442.8955078 -8364.4794922 -8508.0351562 -8399.4853516
-8840.2548828 -8995.2978516 -8888.5263672 -8891.7568359 -8533.5429688 -8309.8740234 -8961.0937500 -8845.7128906 -8660.6181641 -8777.5458984
-9210.6152344 -9292.0732422 -9170.8632812 -9291.9267578 -8906.6171875 -8858.2568359 -9282.1562500 -9173.7539062 -9027.6523438 -9089.6367188
-9206.5605469 -9251.4492188 -9234.5908203 -9284.0634766 -8951.3994141 -8850.7441406 -9336.3623047 -9213.1884766 -9025.2304688 -9182.1044922
-8993.7275391 -9248.5830078 -9118.6162109 -9225.6523438 -8950.5429688 -8972.9755859 -9132.6884766 -9146.4638672 -8822.7304688 -8926.2353516
-8787.6513672 -8967.2988281 -8970.6191406 -9084.2558594 -8553.6757812 -8681.6582031 -8966.6582031 -8907.8779297 -8692.7187500 -8856.3056641
-8530.3603516 -8635.9062500 -8629.8134766 -8713.7705078 -8333.9375000 -8211.3544922 -8662.3994141 -8720.5751953 -8413.1806641 -8522.4423828
-8296.1181641 -8373.2744141 -8388.4238281 -8535.9570312 -7994.2885742 -8148.5766602 -8508.6816406 -8406.0517578 -8180.5356445 -8235.9726562
-8352.3681641 -8526.0830078 -8426.9531250 -7623.4599609 -8237.4179688 -8225.5000000 -8494.6650391 -8413.1943359 -8295.8691406 -8349.5654297
-9224.3222656 -9329.7519531 -9343.7919922 -9325.3710938 -8840.3105469 -8988.7939453 -9381.8437500 -9329.8876953 -9052.1230469 -9205.1806641
-9044.5078125 -9150.8886719 -9199.7109375 -9241.5175781 -8650.9443359 -8827.3808594 -9187.8603516 -9200.8447266 -8832.1171875 -9031.1992188
-9148.8417969 -9308.5029297 -9241.0185547 -9257.8906250 -8968.8671875 -8798.5273438 -9223.0302734 -9276.1347656 -8967.5000000 -9100.9687500
-8735.4013672 -8892.6396484 -8826.6035156 -8746.9931641 -8383.5371094 -8234.4335938 -8807.0644531 -8689.9365234 -8458.9228516 -8681.1005859
-8334.2080078 -8605.1005859 -8511.5126953 -8628.7539062 -7969.8779297 -8211.2158203 -8551.2421875 -8446.2792969 -8200.1826172 -8361.9404297
-8582.0957031 -8685.0117188 -8688.5244141 -7926.5996094 -8301.4794922 -8408.4736328 -8694.7255859 -8628.1679688 -8370.6259766 -8482.7617188
-9221.1767578 -9351.8642578 -9310.1308594 -9409.1650391 -8869.5214844 -9043.1015625 -9386.9814453 -9321.4472656 -9103.4804688 -9186.0957031
-9137.6523438 -9248.3642578 -9142.7060547 -9210.9365234 -8839.1152344 -8804.9804688 -9184.1621094 -9147.6767578 -8920.9296875 -9092.0625000
-8711.5087891 -8900.5976562 -8929.8886719 -8889.2294922 -8361.6816406 -8557.5595703 -8869.8476562 -8817.3789062 -8548.7333984 -8703.6347656
-8730.3886719 -8927.9335938 -8841.7441406 -8913.3876953 -8534.4833984 -8592.7119141 -8869.2119141 -8882.9257812 -8623.9716797 -8730.8583984
-8608.0507812 -8800.3945312 -8725.4130859 -7978.5268555 -8538.7685547 -8632.2304688 -8662.1904297 -8655.3183594 -8527.2080078 -8647.3974609
-8390.6738281 -8492.5009766 -8488.7978516 -8570.2070312 -8020.4916992 -8118.4291992 -8581.5732422 -8458.8046875 -8236.4550781 -8312.8623047
-8874.8408203 -9016.7041016 -8980.6025391 -9111.3505859 -8517.7861328 -8627.8593750 -9049.9169922 -8930.1640625 -8693.8076172 -8866.9482422
-8591.1289062 -8736.0400391 -8764.4306641 -8848.1123047 -8299.7871094 -8524.1992188 -8720.4238281 -8699.0107422 -8477.3994141 -8603.6093750
-7955.1904297 -8164.1020508 -8059.7690430 -8239.1464844 -7615.1953125 -7814.8940430 -8061.8027344 -8040.1298828 -7755.6694336 -8030.4130859
-8122.0893555 -8356.7431641 -8296.6171875 -8476.2304688 -7766.4360352 -8009.1713867 -8334.5849609 -8292.6552734 -8007.5063477 -8238.3945312
-8213.6210938 -8382.8554688 -8281.0185547 -7418.0507812 -7973.1860352 -8125.7045898 -8376.0263672 -8222.3808594 -8015.2929688 -8214.3398438
-8179.7436523 -8303.1240234 -8214.9501953 -7462.0917969 -8029.2993164 -8090.6562500 -8213.8642578 -8264.6210938 -7990.5361328 -8149.8759766
-9064.0478516 -9221.1796875 -9189.9394531 -9289.5000000 -8837.9521484 -8822.3496094 -9243.4169922 -9209.3339844 -8971.0175781 -9082.5478516
-8586.6875000 -8802.5546875 -8687.5390625 -8800.4658203 -8217.5781250 -8400.2431641 -8689.6806641 -8626.3730469 -8423.5761719 -8599.2470703
-8409.6572266 -8618.2138672 -8586.6191406 -8567.8183594 -8091.4350586 -7988.5239258 -8563.1894531 -8534.3046875 -8237.3730469 -8473.4199219
-7890.6416016 -8048.4716797 -8010.0317383 -8101.8779297 -7511.0444336 -7707.1914062 -8070.4169922 -8058.2309570 -7679.5429688 -7850.0009766
-8378.8847656 -8572.3320312 -8584.2910156 -7819.7817383 -8247.4082031 -8340.4003906 -8524.4931641 -8511.1455078 -8274.9511719 -8393.0488281
-8519.9150391 -8746.7558594 -8775.0712891 -8865.5087891 -8255.4746094 -8417.4931641 -8642.9882812 -8662.6816406 -8405.7968750 -8549.2158203
-8871.3632812 -9035.0625000 -9027.1083984 -8142.7216797 -8719.6845703 -8813.6884766 -8970.7021484 -8904.6464844 -8758.5156250 -8910.4482422
-8668.5146484 -8779.3671875 -8763.7294922 -8866.2666016 -8449.2519531 -8515.9101562 -8782.8583984 -8671.2041016 -8459.1484375 -8653.8750000
-8634.6435547 -8803.0498047 -8762.6484375 -8833.1201172 -8364.0488281 -8587.9003906 -8728.2958984 -8766.6689453 -8517.9082031 -8717.5917969
-8838.7626953 -8874.2832031 -8946.9951172 -8887.1542969 -8485.4082031 -8388.3867188 -8887.7089844 -8742.7666016 -8551.5927734 -8771.7207031
-8382.5781250 -8542.1289062 -8406.7275391 -8358.0351562 -8028.7675781 -7716.1308594 -8562.2792969 -8335.0214844 -8178.6210938 -8306.2871094
-8372.9296875 -8522.1845703 -8477.3935547 -7844.0908203 -8275.3457031 -8345.6689453 -8537.1181641 -8476.7685547 -8323.0781250 -8436.9462891
-8592.0478516 -8747.4248047 -8614.2558594 -8711.3906250 -8327.1503906 -8164.4116211 -8779.1943359 -8634.5585938 -8484.5410156 -8625.8359375
-8810.5175781 -8964.7197266 -8802.7255859 -8815.6367188 -8421.1337891 -8289.2373047 -8922.7578125 -8804.3378906 -8663.5273438 -8782.0830078
-8216.6093750 -8351.6435547 -8324.4111328 -8466.9365234 -7904.2441406 -7802.9106445 -8396.3759766 -8293.0361328 -7999.8349609 -8164.4975586
