-8391.7919922 -8053.5317383 -8569.8046875 -8802.4179688 -8624.4589844 -8712.0019531 -8574.9667969 -8641.7851562 -8564.8769531 -8435.2109375
-8562.0732422 -8672.6230469 -8668.8447266 -8892.0664062 -8636.8808594 -8673.0380859 -8685.8242188 -8747.9150391 -8633.0703125 -8433.1162109
-8693.9697266 -8277.1289062 -8911.4267578 -9012.9960938 -8843.9091797 -9003.6357422 -8804.4228516 -8808.0136719 -8862.4472656 -8752.8837891
-8487.1210938 -8086.9277344 -8664.0351562 -8824.7304688 -8675.2011719 -8781.1611328 -8689.2812500 -8581.1484375 -8584.9619141 -8483.3056641
-8136.8833008 -7833.8007812 -8378.9335938 -8524.6142578 -8328.8261719 -8441.9902344 -8388.9589844 -8298.6064453 -8259.1416016 -8226.4794922
-8485.9775391 -8638.8671875 -8637.2988281 -8804.6708984 -8404.4453125 -8536.4707031 -8675.8623047 -8594.8203125 -8318.5107422 -8519.2089844
-8291.6269531 -7837.8564453 -8571.3857422 -8590.8291016 -8522.1533203 -8663.9921875 -8499.2509766 -8484.7890625 -8381.6816406 -8340.3310547
-7891.6274414 -7524.0800781 -8047.7451172 -8271.5234375 -8051.2124023 -8211.8671875 -8029.8598633 -7972.7534180 -7958.5737305 -7899.9995117
-8403.0849609 -8522.2626953 -8578.5400391 -8676.1621094 -8285.5781250 -8375.2744141 -8537.4462891 -8514.4472656 -8191.3525391 -8429.3144531
-8507.0136719 -8612.5732422 -8633.9296875 -8934.7167969 -8580.8037109 -8716.0361328 -8651.7265625 -8654.0654297 -8585.2412109 -8408.6162109
-8208.4375000 -7645.6684570 -8402.4667969 -8529.8017578 -8344.7441406 -8462.6845703 -8429.7226562 -8328.0068359 -8308.2529297 -8220.3066406
-8186.0541992 -7676.0107422 -8434.8437500 -8588.0800781 -8384.4326172 -8523.9736328 -8410.8261719 -8342.0439453 -8321.3847656 -8197.4160156
-8326.0927734 -7856.7114258 -8435.1787109 -8546.6162109 -8370.1855469 -8475.0976562 -8348.5996094 -8332.9208984 -8344.5351562 -8280.9560547
-8190.5756836 -8496.4287109 -8422.7490234 -8583.6191406 -8194.9316406 -8198.2705078 -8437.2539062 -8369.1621094 -8012.6386719 -8221.2587891
-8800.7363281 -8958.4833984 -8979.8916016 -9052.5498047 -8629.2333984 -8709.2109375 -8978.3251953 -8938.8984375 -8672.4833984 -8802.6787109
-8201.7363281 -8381.3408203 -8331.3466797 -8533.6982422 -8082.3242188 -8191.5859375 -8404.7978516 -8299.5468750 -7980.6591797 -8145.5986328
-8381.7675781 -7900.8999023 -8599.0507812 -8773.5263672 -8450.5878906 -8575.8085938 -8539.9130859 -8519.4335938 -8395.9365234 -8365.7070312
-7806.6220703 -7409.8774414 -8031.2612305 -8277.3212891 -7981.8706055 -8061.4282227 -7960.1225586 -7980.5585938 -7939.5708008 -7837.5063477
-8042.7763672 -7520.6181641 -8221.0400391 -8387.1240234 -8158.3388672 -8343.1386719 -8154.5996094 -8185.9228516 -8146.4204102 -7995.2309570
-8273.6123047 -8454.2060547 -8416.4140625 -8582.3828125 -8098.3164062 -8178.2050781 -8444.0097656 -8388.6630859 -7926.7338867 -8264.5605469
-8501.0351562 -8573.1318359 -8563.2753906 -8631.5507812 -8236.2119141 -8366.2675781 -8610.5683594 -8594.2646484 -8051.4687500 -8448.2421875
-8426.9980469 -7978.8876953 -8606.1679688 -8675.4863281 -8427.8808594 -8561.9882812 -8523.7998047 -8504.7900391 -8383.0458984 -8373.6171875
-8161.2446289 -7851.6005859 -8412.7714844 -8536.8056641 -8267.7255859 -8366.4902344 -8329.1220703 -8347.5644531 -8297.9248047 -8089.4980469
-8076.2402344 -7642.9785156 -8269.0312500 -8442.7246094 -8201.7597656 -8397.7275391 -8210.3710938 -8321.8837891 -8156.6215820 -8052.7626953
-8031.7089844 -8309.9833984 -8229.0585938 -8415.2275391 -7921.4116211 -8003.0610352 -8351.2314453 -8195.2734375 -7823.6689453 -8049.7456055
-8329.3105469 -7927.5175781 -8515.4697266 -8672.7792969 -8522.1630859 -8622.3984375 -8495.5117188 -8497.2324219 -8416.6386719 -8304.3095703
-7935.0234375 -7587.8994141 -8154.1630859 -8287.1669922 -8089.4335938 -8203.0937500 -8165.7133789 -8160.4399414 -8049.8154297 -7973.9194336
-7993.9633789 -7671.3681641 -8198.5449219 -8443.4912109 -8203.7421875 -8320.2587891 -8078.7744141 -8200.3300781 -8168.1010742 -8006.2744141
-8927.2480469 -9110.4208984 -9104.3134766 -9203.8154297 -8898.8701172 -9016.1669922 -9147.3720703 -9082.4599609 -8708.6113281 -8944.2900391
-8203.3857422 -8433.1054688 -8468.3222656 -8599.4648438 -8352.1621094 -8447.2050781 -8414.0908203 -8403.0605469 -8278.9296875 -8098.5253906
-8221.2265625 -7907.9042969 -8490.4726562 -8558.7001953 -8354.0869141 -8443.9404297 -8361.3632812 -8415.6611328 -8294.9306641 -8243.1279297
-8028.5952148 -7613.8857422 -8234.9433594 -8372.3837891 -8208.0810547 -8333.6162109 -8221.2929688 -8208.7744141 -8163.3676758 -8053.0175781
-8194.7236328 -8341.0224609 -8327.3886719 -8453.5068359 -7990.2055664 -8092.6650391 -8377.8369141 -8349.9228516 -7916.8872070 -8142.0864258
-7780.9311523 -7984.7480469 -7922.3017578 -8142.0512695 -7780.4135742 -7892.9995117 -7969.5161133 -7960.5556641 -7774.8735352 -7573.4863281
-8586.4794922 -8724.5703125 -8729.3369141 -8911.5136719 -8658.7285156 -8745.0175781 -8772.6601562 -8766.5566406 -8642.0341797 -8395.8818359
-8507.5332031 -8695.7763672 -8706.9462891 -8731.7167969 -8308.6201172 -8421.7607422 -8711.9111328 -8611.2626953 -8223.2138672 -8424.8466797
-8334.0126953 -8436.2001953 -8469.5400391 -8488.7050781 -8182.5244141 -8251.5537109 -8601.1308594 -8458.2548828 -7923.0410156 -8281.8916016
-8403.3007812 -8572.4316406 -8535.2714844 -8645.9101562 -8140.3657227 -8273.0136719 -8590.9316406 -8584.6689453 -7908.0366211 -8348.2021484
-7969.5346680 -8093.8828125 -8147.5971680 -8423.9970703 -8165.4790039 -8265.4199219 -8247.5634766 -8132.0541992 -8059.3364258 -7724.3784180
-8185.8295898 -8289.9980469 -8329.2861328 -8325.2558594 -7942.9863281 -8022.5253906 -8390.1191406 -8254.1757812 -7889.2104492 -8160.9677734
-8445.1669922 -8588.4501953 -8591.4121094 -8699.7753906 -8268.8925781 -8395.0683594 -8642.6728516 -8528.1406250 -8096.8662109 -8388.4882812
-8066.1518555 -8205.3486328 -8221.7324219 -8476.8183594 -8017.2099609 -8194.4179688 -8297.2636719 -8234.3515625 -8017.0654297 -7619.5439453
-7980.5893555 -8056.2011719 -8117.2143555 -8450.4707031 -8137.5175781 -8240.9814453 -8140.6166992 -8126.2749023 -7999.6704102 -7744.1406250
-8564.5449219 -8202.1875000 -8743.9248047 -8906.2382812 -8718.0341797 -8827.8242188 -8660.3759766 -8650.4628906 -8711.5722656 -8539.1474609
-8230.1484375 -8430.9648438 -8478.6406250 -8583.5107422 -8179.2729492 -8205.9599609 -8420.2089844 -8393.8593750 -8045.5473633 -8212.3486328
-8004.0151367 -8276.0048828 -8200.3085938 -8292.2812500 -7996.9384766 -8074.4667969 -8167.4824219 -8134.4570312 -7814.3696289 -8027.3261719
-8556.2617188 -8677.5175781 -8722.9667969 -8804.0742188 -8419.2246094 -8492.0595703 -8725.7304688 -8670.6757812 -8184.5903320 -8585.9160156
-8456.0869141 -8000.7983398 -8699.4169922 -8831.3232422 -8655.0947266 -8757.2734375 -8548.5507812 -8650.1582031 -8575.8447266 -8509.2460938
-8521.4599609 -8636.0673828 -8707.5800781 -8642.7802734 -8367.1640625 -8473.9257812 -8735.2207031 -8670.2226562 -8182.6191406 -8474.5976562
-8572.9287109 -8738.5185547 -8760.1904297 -8851.6435547 -8454.9599609 -8517.6210938 -8754.6005859 -8661.2958984 -8257.9960938 -8548.0126953
-8403.9921875 -8558.8642578 -8530.7763672 -8613.4003906 -8157.1005859 -8174.5805664 -8558.4941406 -8486.2480469 -8001.3671875 -8355.3359375
-8349.5898438 -8478.3339844 -8417.4804688 -8699.2148438 -8451.7822266 -8555.9560547 -8438.5576172 -8467.0175781 -8395.7841797 -8137.7016602
-7772.9028320 -7865.5966797 -7895.2724609 -8146.5668945 -7841.6679688 -7997.1220703 -7848.6005859 -7978.0180664 -7843.8041992 -7581.3647461
-8369.1796875 -8531.1591797 -8561.1367188 -8681.5673828 -8436.7861328 -8520.9990234 -8551.0859375 -8548.8095703 -8469.9326172 -8252.6044922
-8415.3710938 -8421.2441406 -8500.6142578 -8741.3828125 -8567.7968750 -8649.8544922 -8492.9658203 -8559.9414062 -8468.6533203 -8313.5615234
-8671.2714844 -8703.9208984 -8727.9785156 -8994.3281250 -8763.1289062 -8883.5371094 -8801.6054688 -8744.9902344 -8692.8066406 -8456.0683594
-8546.1601562 -8667.9257812 -8779.5937500 -8883.3613281 -8629.4531250 -8699.6396484 -8708.5917969 -8626.4169922 -8572.0507812 -8329.4609375
-8347.2294922 -8486.9589844 -8433.9707031 -8721.5048828 -8394.6777344 -8482.9003906 -8452.0556641 -8455.1464844 -8351.6835938 -8091.4584961
-7904.7739258 -8044.1948242 -8164.7065430 -8364.3427734 -7963.8940430 -8160.2734375 -8187.7084961 -8097.4907227 -7985.6987305 -7729.7255859
-8238.4384766 -8446.3251953 -8364.5244141 -8626.8505859 -8327.6425781 -8419.0712891 -8414.1220703 -8420.1826172 -8318.5595703 -8027.2753906
-8028.1591797 -7473.0366211 -8228.8271484 -8282.4531250 -8189.5722656 -8284.4599609 -8078.4877930 -8153.2900391 -8192.1064453 -7987.2158203
-8243.9199219 -7925.4853516 -8475.5947266 -8655.3886719 -8379.8564453 -8568.4599609 -8469.0810547 -8508.2041016 -8423.5976562 -8282.9248047
-8226.7753906 -8335.3085938 -8455.9404297 -8565.8681641 -8138.7348633 -8286.1884766 -8449.8564453 -8352.5244141 -8023.8925781 -8215.7275391
-7877.3569336 -7942.8554688 -8013.0717773 -8290.7656250 -7942.0561523 -8041.0605469 -7997.1269531 -7973.7778320 -7919.5791016 -7610.8842773
-7854.8251953 -8055.7084961 -7973.0991211 -8290.7773438 -7978.3564453 -8020.0849609 -8106.0756836 -8101.3769531 -7891.3007812 -7630.6235352
-8714.1601562 -8931.5927734 -8897.8281250 -9217.3076172 -9056.7871094 -9215.2177734 -8873.8857422 -8950.1328125 -9052.8437500 -9008.9326172
-8654.8349609 -8924.4228516 -9001.6064453 -9195.9970703 -8996.7587891 -9129.6962891 -8984.7724609 -8902.9589844 -8971.5751953 -8843.8818359
-8218.8300781 -8497.5380859 -8263.7792969 -8647.2832031 -8480.8066406 -8493.8759766 -8350.4804688 -8002.4736328 -8384.2792969 -8349.0361328
-8267.4619141 -8577.9257812 -8307.8623047 -8671.3554688 -8467.9130859 -8620.5136719 -8345.9072266 -8100.1127930 -8432.4130859 -8464.6621094
-8384.0146484 -8763.5722656 -8201.0615234 -8839.1093750 -8647.0166016 -8690.1562500 -8535.5546875 -8525.6845703 -8639.7011719 -8571.4248047
-8610.8037109 -8878.8466797 -8416.9062500 -9017.5498047 -8783.7988281 -8844.4287109 -8640.3671875 -8672.2832031 -8751.8281250 -8727.4462891
-7927.0126953 -8254.3271484 -8005.1396484 -8368.8427734 -8057.7231445 -8202.2128906 -7986.9233398 -7727.0893555 -8093.9418945 -8010.7709961
-8886.2382812 -9139.3642578 -8653.9375000 -9264.8242188 -9092.2246094 -9152.0791016 -8950.3613281 -8978.6240234 -9022.0205078 -9035.9052734
-8777.9345703 -8985.0605469 -8840.9580078 -9105.8662109 -8893.7060547 -8989.7353516 -8857.5605469 -8506.0390625 -8881.0869141 -8806.2958984
-9007.1445312 -9267.5781250 -9163.9013672 -9423.1689453 -9217.4121094 -9323.7343750 -9163.7050781 -9181.1103516 -9252.6113281 -9174.0097656
-9032.5996094 -9292.3037109 -9211.4091797 -9505.6416016 -9285.3486328 -9396.2343750 -9259.1982422 -9238.5019531 -9196.3759766 -9184.7968750
-8887.2128906 -9150.5380859 -9003.8613281 -9289.1865234 -9052.3476562 -9177.5146484 -8997.1250000 -8663.8691406 -9025.1552734 -8976.6982422
-8616.4531250 -8819.2900391 -8475.6044922 -9050.7119141 -8789.6113281 -8861.3183594 -8544.2441406 -8615.0595703 -8819.9453125 -8707.2070312
-8456.9414062 -8700.4072266 -8145.0644531 -8901.1552734 -8690.1962891 -8761.9003906 -8448.9335938 -8466.2958984 -8650.5917969 -8593.4804688
-9256.2109375 -9436.9453125 -8946.1367188 -9506.9687500 -9314.6464844 -9362.5917969 -9276.7607422 -9222.0439453 -9446.1933594 -9306.1210938
-8452.6660156 -8748.8955078 -8124.8032227 -8797.0029297 -8617.5927734 -8694.5576172 -8425.4550781 -8484.2734375 -8593.7558594 -8591.3437500
-8309.8457031 -8521.0302734 -8360.3916016 -8702.7714844 -8412.3203125 -8538.2841797 -8378.4736328 -7949.3945312 -8394.0615234 -8423.0166016
-8108.2065430 -8434.6962891 -8426.5605469 -8711.0400391 -8482.1513672 -8608.3203125 -8378.2177734 -8312.1103516 -8448.2832031 -8407.1132812
-8647.7978516 -8950.7314453 -8850.6962891 -9141.0126953 -8966.0839844 -9018.3251953 -8846.2832031 -8834.3310547 -8900.0986328 -8789.8037109
-8434.5605469 -8695.2060547 -8046.9570312 -8860.0556641 -8643.8701172 -8707.9882812 -8499.1054688 -8488.1845703 -8601.0244141 -8555.4824219
-8260.7968750 -8515.3769531 -8300.6611328 -8604.0771484 -8364.2099609 -8551.2060547 -8219.5273438 -7918.8515625 -8405.1386719 -8375.5605469
-8433.3408203 -8739.5380859 -8516.9687500 -8909.7548828 -8639.4531250 -8804.7246094 -8540.2832031 -8167.6508789 -8638.4785156 -8596.2021484
-8615.6328125 -8886.0742188 -8268.7011719 -9040.3876953 -8781.6699219 -8837.6113281 -8666.7636719 -8631.2841797 -8742.0341797 -8720.1210938
-8356.0341797 -8663.7880859 -7991.5039062 -8733.0537109 -8440.3261719 -8526.6406250 -8403.3447266 -8418.6005859 -8582.9042969 -8491.6054688
-7904.2622070 -8142.3349609 -7952.8745117 -8365.8681641 -8100.1982422 -8181.0566406 -7983.8125000 -7561.5136719 -8128.8959961 -8074.1362305
-8173.5131836 -8393.1650391 -8312.3320312 -8638.9062500 -8385.7509766 -8487.8808594 -8358.4746094 -8336.5996094 -8401.4218750 -8291.8964844
-8417.8271484 -8690.8828125 -8730.8798828 -8996.4091797 -8713.8642578 -8819.8251953 -8674.9863281 -8680.0966797 -8625.2402344 -8558.7753906
-8349.0966797 -8570.2929688 -8422.2949219 -8813.8740234 -8504.6640625 -8592.5390625 -8437.2880859 -8035.2617188 -8465.9384766 -8502.9316406
-8469.5722656 -8852.3105469 -8157.7866211 -8906.3125000 -8715.9130859 -8755.7597656 -8542.0019531 -8466.9033203 -8722.3007812 -8681.7949219
-7994.2788086 -8334.2460938 -7575.9150391 -8474.7421875 -8268.9423828 -8246.2607422 -8031.1357422 -8091.9121094 -8198.1523438 -8125.6918945
-7702.8740234 -8007.3715820 -7774.7045898 -8292.7871094 -7939.1655273 -8073.6850586 -7817.8525391 -7338.8417969 -7951.7578125 -7887.8408203
-8922.3730469 -9232.6240234 -8710.7177734 -9300.7763672 -9092.4648438 -9118.6933594 -8995.9804688 -9015.9277344 -9078.2441406 -9044.1894531
-8808.1503906 -9085.0429688 -9062.8652344 -9265.5605469 -9088.8935547 -9179.9462891 -9009.2451172 -8975.1816406 -9074.9687500 -9026.3066406
-8482.4619141 -8790.0595703 -8804.9648438 -9118.4609375 -8805.6845703 -8914.1494141 -8758.7089844 -8750.6826172 -8791.2734375 -8694.4296875
-8620.1044922 -8792.0507812 -8779.4150391 -8929.4511719 -8760.6181641 -8819.5390625 -8717.9619141 -8413.4335938 -8713.5566406 -8702.5058594
-8829.2343750 -9037.4492188 -8886.4345703 -9262.4609375 -9005.2763672 -9136.7021484 -8841.4023438 -8637.7001953 -9001.0097656 -8944.6113281
-8269.1601562 -8529.8066406 -8226.2255859 -8688.7792969 -8426.7812500 -8506.6328125 -8378.1074219 -8357.4892578 -8457.2207031 -8342.8867188
-8035.5205078 -8294.2226562 -8156.8745117 -8593.0058594 -8308.7285156 -8420.5654297 -8142.9038086 -7752.3588867 -8276.4550781 -8183.2846680
-7953.1962891 -8350.3798828 -8215.9306641 -8546.7207031 -8259.9824219 -8404.7080078 -8227.3017578 -8241.4042969 -8222.9287109 -8228.7158203
-8715.3242188 -8949.0283203 -8962.4472656 -9265.9443359 -8967.7929688 -9065.0283203 -8892.5722656 -8876.2089844 -8960.8349609 -8866.3974609
-8515.1005859 -8859.8818359 -8706.3701172 -9053.8349609 -8820.6298828 -8846.8828125 -8662.9902344 -8730.8408203 -8749.3876953 -8744.4052734
-8054.5644531 -8352.1025391 -7867.0747070 -8614.6220703 -8267.4726562 -8306.4960938 -8166.4287109 -8077.3872070 -8248.7568359 -8193.7138672
-8528.5712891 -8872.5849609 -8202.1025391 -8979.7138672 -8711.9833984 -8788.6582031 -8628.7402344 -8590.7138672 -8734.2080078 -8644.4267578
-8228.3476562 -8387.0136719 -8255.8671875 -8577.0625000 -8442.4765625 -8553.7431641 -8287.7695312 -7966.9467773 -8441.4453125 -8327.7695312
-8961.9326172 -9245.6289062 -9177.0537109 -9398.7656250 -9247.3759766 -9293.3710938 -9080.0673828 -9106.9609375 -9184.3027344 -9158.2871094
-8687.7216797 -8883.8496094 -8647.2617188 -9028.3818359 -8796.7500000 -8964.2832031 -8674.3466797 -8444.9267578 -8818.0009766 -8771.0966797
-8756.3720703 -8955.5957031 -8536.9638672 -9180.9960938 -8864.3037109 -9000.5185547 -8713.4570312 -8834.5585938 -8881.1367188 -8787.6972656
-8720.6240234 -8932.5312500 -8493.2041016 -9015.7041016 -8801.0126953 -8939.0195312 -8654.2412109 -8760.1318359 -8811.4648438 -8664.9248047
-8337.5322266 -8716.5361328 -8520.6113281 -8844.3740234 -8568.6972656 -8712.8398438 -8546.2060547 -8584.4062500 -8610.3457031 -8446.7275391
-8184.0903320 -8510.8183594 -8420.4472656 -8739.5869141 -8511.9843750 -8703.6962891 -8423.2226562 -8465.7236328 -8539.1826172 -8373.3125000
-8160.5229492 -8543.4492188 -8382.4785156 -8729.0087891 -8426.8007812 -8523.0888672 -8395.4033203 -8427.5927734 -8374.7412109 -8353.0312500
-7966.4482422 -8283.4296875 -8169.1699219 -8541.9521484 -8241.5703125 -8332.5996094 -8116.0493164 -8155.1708984 -8178.9848633 -8165.6762695
-8366.4160156 -8582.8583984 -8460.0800781 -8823.6640625 -8565.3271484 -8623.3115234 -8391.8291016 -8111.6362305 -8521.1435547 -8462.7246094
-7999.8774414 -8296.1914062 -7739.4741211 -8392.2871094 -8164.0258789 -8304.2509766 -8021.1044922 -8016.8764648 -8226.0947266 -8121.6323242
-8044.5375977 -8267.9101562 -7769.8623047 -8510.4179688 -8244.9980469 -8308.5068359 -8114.5888672 -8131.1186523 -8306.0791016 -8119.3295898
-7908.7153320 -8151.7290039 -7803.9863281 -8262.9912109 -7889.8315430 -7981.6059570 -8082.1220703 -7845.4711914 -8002.1835938 -7890.7690430
-8224.8574219 -8480.0751953 -7933.7924805 -8623.7910156 -8442.6826172 -8524.9589844 -8243.9902344 -8243.0126953 -8455.7109375 -8271.1992188
-8534.5185547 -8811.0185547 -8588.3027344 -8878.7988281 -8615.4580078 -8819.5185547 -8695.4062500 -8229.0605469 -8674.6396484 -8693.6884766
-8337.8632812 -8566.1875000 -8578.9375000 -8853.4619141 -8651.2373047 -8795.1113281 -8613.9833984 -8544.5644531 -8566.5117188 -8494.9453125
-8595.1708984 -8709.4609375 -8625.0410156 -8925.8564453 -8704.0537109 -8887.2470703 -8693.1396484 -8239.5449219 -8659.3642578 -8658.7128906
-8170.3466797 -8562.9951172 -8352.0527344 -8742.6259766 -8414.9287109 -8514.1601562 -8499.7041016 -8424.2011719 -8426.8300781 -8345.3750000
-7818.8330078 -8167.8291016 -7430.1914062 -8274.2626953 -8012.5361328 -8107.2319336 -7873.2294922 -7884.3593750 -8016.7480469 -7861.2221680
-7954.4912109 -8191.3398438 -8074.7792969 -8339.5283203 -8144.6870117 -8245.5917969 -8063.9404297 -7682.9863281 -8147.4965820 -8166.0141602
-8585.9726562 -8870.8144531 -8707.5751953 -9033.6318359 -8759.6005859 -8860.9599609 -8666.4345703 -8695.4375000 -8735.4804688 -8610.2753906
-8468.1435547 -8646.1132812 -8505.0957031 -8734.3535156 -8508.8388672 -8605.3291016 -8423.1748047 -8032.3872070 -8601.2617188 -8559.4345703
-8086.2275391 -8393.1660156 -8036.6166992 -8561.3828125 -8249.5019531 -8323.4736328 -8221.0556641 -8130.0908203 -8284.4248047 -8199.9824219
-8571.3515625 -8753.2792969 -8197.1357422 -8870.0468750 -8614.2812500 -8620.8671875 -8497.4707031 -8453.3564453 -8700.4931641 -8564.7421875
-8548.7822266 -8833.7636719 -8630.0517578 -8988.4990234 -8743.9960938 -8884.8261719 -8521.1914062 -8296.3574219 -8731.8583984 -8688.6386719
-7999.9565430 -8344.1289062 -8121.9316406 -8426.3935547 -8108.9877930 -8382.2939453 -8090.8666992 -7668.2583008 -8158.1782227 -8079.2548828
-7874.3066406 -8130.3457031 -8135.1337891 -8284.5292969 -8138.8916016 -8187.1289062 -8106.2841797 -8144.4643555 -8031.5219727 -8013.7529297
-8037.1972656 -8229.9433594 -8001.1518555 -8386.6113281 -8094.1406250 -8256.7255859 -8136.9584961 -7725.4892578 -8134.2421875 -8091.4755859
-8032.6093750 -8278.0917969 -8101.8632812 -8530.0732422 -8195.9511719 -8370.2978516 -8056.9277344 -7677.4506836 -8143.3466797 -8173.2993164
-7565.9863281 -7924.7045898 -7283.1801758 -8057.0747070 -7792.8100586 -7939.6987305 -7609.9838867 -7644.4873047 -7802.3452148 -7763.6279297
-8103.6005859 -8326.1601562 -7697.9887695 -8650.8818359 -8282.2988281 -8445.8671875 -8075.5834961 -8119.9619141 -8326.4404297 -8266.5136719
-7728.2846680 -7994.8452148 -7839.5332031 -8190.2641602 -7915.7500000 -8078.3056641 -7781.4033203 -7401.5102539 -7934.9638672 -7922.3349609
-8191.8168945 -8383.8417969 -8226.0644531 -8387.5468750 -7719.8784180 -7976.0766602 -8276.0390625 -8147.7270508 -7915.9384766 -8132.2578125
-8498.6669922 -8742.9472656 -8565.0351562 -8914.5527344 -8702.1152344 -8703.9033203 -8294.7880859 -8590.7089844 -8649.7529297 -8585.6796875
-8819.6044922 -8995.1152344 -8937.6484375 -9035.7080078 -8531.8808594 -8316.1494141 -8927.0712891 -8925.6015625 -8644.8759766 -8750.9072266
-8754.6533203 -9013.5029297 -8815.7861328 -9141.9609375 -8972.1386719 -9076.5478516 -8571.0361328 -8849.8808594 -8954.2304688 -8924.4365234
-9275.1044922 -9510.9042969 -9271.0703125 -9610.3671875 -9438.0126953 -9512.4736328 -9012.3896484 -9330.2363281 -9438.7939453 -9321.6220703
-9040.5527344 -9230.6298828 -9030.5791016 -9306.6083984 -9207.3261719 -9266.9052734 -8759.8281250 -9050.7753906 -9219.3183594 -9160.6816406
-8559.5898438 -8764.2968750 -8580.3759766 -8956.4023438 -8695.8710938 -8864.8945312 -8328.5371094 -8598.5849609 -8785.1757812 -8616.7919922
-8857.9160156 -9029.9062500 -8877.5751953 -9013.1855469 -8573.6269531 -8505.7861328 -8942.6259766 -8903.4287109 -8689.6523438 -8866.4677734
-9156.8203125 -9305.0214844 -9280.1416016 -9303.2988281 -8986.1767578 -9096.0927734 -9231.9951172 -9243.4326172 -8917.2363281 -9141.1933594
-8593.7851562 -8688.5703125 -8771.7050781 -8983.6386719 -8757.1865234 -8860.0244141 -8752.3925781 -8732.7968750 -8679.9462891 -8437.2080078
-8511.6855469 -8764.2041016 -8453.2958984 -8904.7822266 -8747.2431641 -8822.1044922 -8322.0312500 -8502.6503906 -8758.3359375 -8711.0839844
-8270.5673828 -8498.3017578 -8389.3759766 -8547.9951172 -7898.4643555 -8109.4682617 -8430.5458984 -8326.0009766 -8091.3159180 -8264.9404297
-9349.8740234 -9417.4414062 -9518.6708984 -9658.0615234 -9440.8994141 -9501.4804688 -9477.3613281 -9486.0068359 -9395.4511719 -9215.0380859
-8583.4072266 -8845.2431641 -8707.1718750 -9064.3808594 -8777.6259766 -8911.3076172 -8382.4169922 -8656.7031250 -8797.0712891 -8771.0371094
-8513.4072266 -8203.0429688 -8774.5488281 -8962.6972656 -8721.2539062 -8842.4257812 -8714.1015625 -8706.9404297 -8721.0029297 -8574.5058594
-9140.9697266 -9282.4501953 -9181.4638672 -9461.3027344 -9328.6054688 -9389.4531250 -8975.6259766 -9122.9316406 -9321.0468750 -9206.2382812
-8894.1562500 -9037.6699219 -9010.1884766 -9153.5214844 -8638.4199219 -8508.5585938 -9026.5449219 -8991.4218750 -8743.3886719 -8874.1562500
-9066.3359375 -9182.6054688 -9015.5156250 -9433.7490234 -9191.9013672 -9289.2558594 -8785.8876953 -9069.1103516 -9190.9394531 -9146.2890625
-9021.2314453 -9123.3056641 -9037.6777344 -9455.4482422 -9177.7529297 -9294.0332031 -8735.0527344 -9022.4326172 -9198.2197266 -9131.5156250
-9152.8242188 -9346.2666016 -9178.3359375 -9307.4140625 -8828.9316406 -8686.5371094 -9265.3046875 -9203.4619141 -8908.8681641 -9133.2851562
-9071.4140625 -9149.8769531 -9225.5839844 -9237.4541016 -8962.2138672 -9045.7988281 -9199.6152344 -9169.2646484 -8838.6689453 -9090.3896484
-9278.0488281 -9439.7138672 -9293.3085938 -9624.4482422 -9403.3222656 -9538.7324219 -9101.5820312 -9380.3593750 -9416.7880859 -9373.0166016
-8295.3466797 -8506.2958984 -8336.0332031 -8824.5664062 -8547.6562500 -8615.2050781 -8124.3940430 -8292.8798828 -8529.5849609 -8439.4726562
-8778.8222656 -9052.1962891 -8841.3017578 -9200.4072266 -8988.9472656 -9118.7128906 -8557.1220703 -8823.4951172 -9023.8427734 -8868.5634766
-9444.0546875 -9629.7509766 -9487.1884766 -9766.1054688 -9671.9794922 -9753.2490234 -9339.7431641 -9554.5244141 -9660.2783203 -9559.8476562
-8791.9882812 -9039.7431641 -8844.3486328 -9195.2597656 -8958.9658203 -9028.1806641 -8638.9853516 -8865.7714844 -9008.8564453 -8852.3378906
-8305.1318359 -8506.2353516 -8294.6298828 -8451.6191406 -8103.7534180 -8042.4301758 -8456.8603516 -8305.9833984 -8178.4130859 -8295.3623047
-8172.6264648 -8390.6894531 -8149.1992188 -8660.7431641 -8394.0273438 -8530.7441406 -7949.2807617 -8288.7363281 -8419.7773438 -8333.5703125
-8271.2597656 -8414.4257812 -8372.9345703 -8567.0351562 -8368.9033203 -8437.1923828 -8417.7529297 -8387.4863281 -8315.8476562 -7973.9194336
-8133.6918945 -8373.5771484 -8210.0947266 -8574.3486328 -8392.0800781 -8474.7822266 -7875.2241211 -8312.7792969 -8375.7011719 -8236.2197266
-7708.3364258 -7952.4125977 -7688.6918945 -8235.6923828 -7853.1796875 -7993.2089844 -7497.9780273 -7740.4604492 -7855.3408203 -7854.1665039
-9379.4433594 -9464.6367188 -9374.5322266 -9741.0097656 -9542.8847656 -9530.1796875 -9279.2207031 -9428.6484375 -9527.9589844 -9431.8691406
-8595.7226562 -8780.5078125 -8683.5419922 -9014.4375000 -8786.4306641 -8910.7373047 -8295.8027344 -8661.3798828 -8797.4062500 -8753.7080078
-7833.7817383 -8031.1489258 -7986.9658203 -8010.3105469 -7471.5541992 -7594.9643555 -7978.4165039 -7964.1381836 -7651.9648438 -7828.8120117
-8234.8759766 -8449.9873047 -8263.4335938 -8578.5859375 -8469.7353516 -8560.7412109 -7983.1254883 -8256.5458984 -8479.1494141 -8364.7382812
-8034.7832031 -8205.8535156 -8200.9941406 -8506.7617188 -8151.9023438 -8315.4755859 -8199.3173828 -8219.9453125 -8094.7949219 -7798.3813477
-8019.4135742 -8288.1240234 -8101.8198242 -8541.8056641 -8276.7197266 -8400.7080078 -7724.0009766 -8058.0195312 -8304.0507812 -8221.9462891
-9330.0175781 -9529.4667969 -9344.4267578 -9694.0869141 -9564.9287109 -9659.0244141 -9129.1494141 -9405.2255859 -9492.7509766 -9497.8164062
-8002.1997070 -8175.7104492 -8103.9921875 -8140.0556641 -7628.9677734 -7518.9921875 -8163.1396484 -8134.5322266 -7770.3793945 -7926.8193359
-8289.7236328 -8600.2158203 -8412.4697266 -8737.5810547 -8486.8603516 -8613.1044922 -7996.0346680 -8428.7207031 -8507.4414062 -8451.4804688
-7983.8598633 -8119.9179688 -8001.5708008 -8501.9003906 -8263.8232422 -8375.1132812 -7695.0737305 -8041.5004883 -8199.4501953 -8061.8769531
-9457.0429688 -9628.1669922 -9491.3564453 -9813.1806641 -9642.9951172 -9772.6923828 -9216.5898438 -9525.9033203 -9677.2626953 -9561.7041016
-7614.4243164 -7807.0913086 -7827.8769531 -7969.4140625 -7265.9565430 -7522.1870117 -7782.5078125 -7710.7880859 -7505.2290039 -7631.7875977
-7780.4721680 -7968.1411133 -7948.2075195 -8064.4428711 -7353.8945312 -7379.9335938 -7902.8579102 -7857.6557617 -7409.7382812 -7674.2563477
-7549.7358398 -7682.8476562 -7710.6596680 -7867.9145508 -7529.1972656 -7631.7646484 -7762.5732422 -7706.7080078 -7484.5004883 -7204.0708008
-7523.2734375 -7888.8691406 -7595.4042969 -8064.8857422 -7845.0551758 -7952.2573242 -7294.7602539 -7576.5512695 -7739.8842773 -7655.8232422
-7392.5361328 -7031.7670898 -7653.1269531 -7885.2729492 -7593.1206055 -7748.6494141 -7500.9453125 -7563.0019531 -7515.4013672 -7436.2138672
-7747.5971680 -8042.2968750 -7888.6689453 -8267.1425781 -8016.4980469 -8125.3061523 -7398.6625977 -7821.7055664 -7977.4604492 -7942.0112305
-8615.6611328 -8666.0654297 -8763.7900391 -7870.1220703 -8543.3085938 -8668.4902344 -8803.1904297 -8717.1464844 -8535.1250000 -8593.8808594
-8908.1689453 -9074.9902344 -9080.7451172 -8255.6953125 -8917.8974609 -8999.7158203 -9149.1425781 -9035.7265625 -8843.7285156 -8954.3369141
-9120.0654297 -9275.1708984 -9149.1259766 -9324.8222656 -8922.6562500 -8652.0478516 -9219.1962891 -9248.0166016 -8949.0957031 -9111.3662109
-8484.6289062 -8660.2080078 -8528.4687500 -8729.3164062 -8191.0844727 -8041.4921875 -8580.5634766 -8609.9677734 -8294.5693359 -8450.6474609
-8615.5791016 -8834.2832031 -8704.2041016 -8874.4179688 -8240.8466797 -8065.4609375 -8758.8457031 -8742.3964844 -8370.5498047 -8590.0058594
-8531.9550781 -8854.5166016 -8796.3466797 -8962.0742188 -8791.7236328 -8886.8740234 -8757.5468750 -8775.4960938 -8715.8671875 -8698.9775391
-9055.8867188 -9180.4541016 -9178.3251953 -8415.3486328 -8999.9130859 -9074.9580078 -9299.3769531 -9148.3408203 -8987.7998047 -9151.4951172
-9563.3847656 -9747.9570312 -9711.4072266 -9031.7128906 -9598.0908203 -9623.3173828 -9718.0253906 -9707.1220703 -9571.5097656 -9657.6630859
-8901.5673828 -9047.2851562 -9010.6787109 -9057.3242188 -8716.5488281 -8545.3349609 -9061.3662109 -9051.2490234 -8723.6123047 -8879.3740234
-8704.8544922 -8770.1035156 -8771.6044922 -8834.7929688 -8379.0195312 -8250.1855469 -8707.7246094 -8750.3447266 -8452.6777344 -8623.0888672
-8389.2958984 -8589.6523438 -8515.7285156 -8834.6240234 -8622.8574219 -8653.2832031 -8523.9462891 -8510.8056641 -8585.9160156 -8486.6464844
-8948.7431641 -9181.4746094 -9125.6064453 -9076.4287109 -8740.5947266 -8647.4472656 -9176.5185547 -9099.5917969 -8824.4345703 -8992.2529297
-8800.1992188 -8953.9638672 -8885.8085938 -8189.8007812 -8691.8837891 -8834.4531250 -8891.4658203 -8863.2636719 -8719.3730469 -8817.3935547
-9354.7939453 -9500.2500000 -9241.8828125 -9424.3056641 -8986.7255859 -8754.8876953 -9439.0957031 -9375.4677734 -9212.2529297 -9295.3662109
-8497.6992188 -8708.3769531 -8619.2539062 -8758.3906250 -8189.3940430 -7977.7353516 -8593.9619141 -8672.7871094 -8266.8320312 -8495.3876953
-8486.8046875 -8625.9462891 -8651.7255859 -8783.5527344 -8086.4619141 -8246.6376953 -8705.0351562 -8606.1660156 -8287.4531250 -8529.5253906
-8307.4619141 -8626.9101562 -8517.5585938 -8857.8154297 -8551.0585938 -8655.6064453 -8516.8486328 -8516.9287109 -8570.1904297 -8479.5126953
-8776.0097656 -8789.7998047 -8693.5156250 -8288.8710938 -8628.2187500 -8625.2753906 -8885.2421875 -8778.1435547 -8745.7128906 -8725.1591797
-8836.9902344 -8952.9677734 -8883.2695312 -9115.2539062 -8913.1982422 -9010.6025391 -8986.6250000 -8938.8144531 -8899.8193359 -8661.1171875
-8409.0195312 -8666.6855469 -8501.1552734 -8701.1406250 -8149.4584961 -7976.5898438 -8549.4160156 -8551.4990234 -8265.1416016 -8406.8613281
-8492.1357422 -8708.5771484 -8617.9775391 -8653.0761719 -8087.9560547 -8274.8906250 -8739.2314453 -8509.3935547 -8337.8730469 -8605.1201172
-8674.6767578 -8798.2519531 -8812.9443359 -8238.6142578 -8667.7382812 -8777.2568359 -8878.4648438 -8729.5957031 -8617.8388672 -8738.4189453
-8435.0439453 -8613.2011719 -8542.2861328 -8591.4267578 -8170.2153320 -8082.8027344 -8537.0224609 -8535.9814453 -8245.7763672 -8414.8935547
-8165.3496094 -8280.8447266 -8202.2431641 -8490.0107422 -7852.7753906 -8102.8461914 -8258.7392578 -8205.2314453 -8052.2827148 -8096.4633789
-8067.0424805 -8346.8066406 -8213.1308594 -8581.6103516 -8310.0732422 -8384.4541016 -8281.1269531 -8278.0146484 -8310.2441406 -8299.9892578
-8636.1337891 -8837.6396484 -8613.7705078 -8797.5507812 -8354.7226562 -8204.1328125 -8775.7412109 -8748.5146484 -8465.6875000 -8615.3027344
-9099.7861328 -9201.5761719 -9189.0019531 -9231.0302734 -8906.7998047 -8836.6845703 -9226.0361328 -9123.3544922 -8987.2773438 -9090.2490234
-9115.0371094 -9229.0449219 -9200.6806641 -9215.0107422 -8855.1298828 -8838.3994141 -9210.1044922 -9125.7998047 -8945.3349609 -9108.3076172
-8945.8300781 -9054.0644531 -9067.2753906 -9161.2441406 -8849.7998047 -8953.9345703 -9106.8789062 -9013.2392578 -8696.6113281 -8860.4765625
-9005.6992188 -9072.8808594 -9009.6250000 -9197.8554688 -8588.3486328 -8738.5029297 -9056.9941406 -9013.6464844 -8782.2343750 -8957.3447266
-8571.1152344 -8751.7167969 -8714.7138672 -8774.2001953 -8222.2460938 -8184.7402344 -8754.0712891 -8624.3769531 -8384.6542969 -8565.2783203
-8636.0644531 -8842.1162109 -8820.9570312 -8961.6132812 -8333.8222656 -8541.6162109 -8831.7314453 -8696.5126953 -8474.1025391 -8676.2949219
-8439.9707031 -8451.5800781 -8607.5224609 -7801.7431641 -8303.4833984 -8354.0156250 -8537.8056641 -8455.1923828 -8309.3896484 -8409.1904297
-9157.8837891 -9342.3779297 -9225.7070312 -9253.6562500 -8790.2353516 -8901.4023438 -9359.8837891 -9297.7675781 -8945.7763672 -9137.1679688
-8914.1445312 -9058.1376953 -8966.0576172 -8995.8417969 -8472.0458984 -8599.3730469 -9053.3769531 -8982.2568359 -8704.6708984 -8847.1777344
-9075.5742188 -9203.8730469 -9151.9648438 -9293.7666016 -8880.8632812 -8794.2011719 -9220.6533203 -9161.2705078 -8946.8378906 -9095.5380859
-8538.7763672 -8772.4765625 -8670.0146484 -8763.6367188 -8328.4355469 -8156.9707031 -8766.9853516 -8660.5791016 -8364.2460938 -8514.7763672
-8306.0712891 -8528.0244141 -8418.3203125 -8671.6503906 -8014.0122070 -8204.1201172 -8471.7949219 -8361.3095703 -8231.8134766 -8341.8867188
-8467.8769531 -8493.2148438 -8557.5058594 -7949.4028320 -8419.5263672 -8519.3457031 -8604.9355469 -8537.3017578 -8426.5136719 -8471.0810547
-9311.7548828 -9430.8378906 -9390.0517578 -9463.4140625 -8977.9150391 -8980.7949219 -9382.5400391 -9410.5253906 -9179.5810547 -9249.5996094
-9042.1650391 -9128.9150391 -9088.7324219 -9256.2500000 -8792.8242188 -8759.1015625 -9151.2783203 -9101.0400391 -8880.6171875 -9048.7636719
-8653.9423828 -8772.0312500 -8689.9443359 -8819.4667969 -8231.3027344 -8424.2480469 -8766.1679688 -8728.9628906 -8455.4277344 -8585.4833984
-8540.5585938 -8716.9287109 -8729.4677734 -8814.2509766 -8353.2373047 -8468.5517578 -8793.4912109 -8640.5693359 -8428.8613281 -8543.8408203
-8598.4570312 -8774.6523438 -8576.4316406 -8108.5795898 -8519.8681641 -8620.9082031 -8765.0312500 -8560.5498047 -8551.7070312 -8610.4873047
-8349.2041016 -8560.5361328 -8518.8945312 -8611.6005859 -8013.4531250 -8200.8535156 -8482.9687500 -8520.4326172 -8218.6962891 -8349.8750000
-8877.9082031 -9053.3886719 -8992.5312500 -9079.4814453 -8629.0048828 -8697.0361328 -8972.3544922 -9004.6357422 -8784.4531250 -8794.6181641
-8497.2900391 -8673.1982422 -8762.9111328 -8721.1679688 -8253.2675781 -8405.0380859 -8667.6025391 -8568.1123047 -8390.2500000 -8527.5361328
-8236.1865234 -8497.3906250 -8439.3046875 -8459.6005859 -7850.0361328 -7930.8383789 -8468.3964844 -8374.3203125 -7966.5878906 -8203.7128906
-8258.8789062 -8495.5888672 -8416.8964844 -8547.0859375 -7866.6201172 -8036.4526367 -8410.4707031 -8370.5175781 -8107.6855469 -8287.0751953
-8041.6582031 -8186.8095703 -8165.9379883 -7397.6171875 -8030.8291016 -8128.9516602 -8293.4697266 -8237.6513672 -8003.7070312 -7997.3208008
-8050.5458984 -8213.9824219 -8189.5820312 -7443.6064453 -8016.7128906 -8144.2539062 -8210.5888672 -8149.8964844 -8022.2729492 -8045.5000000
-8872.7119141 -9147.0712891 -9087.1093750 -9133.2646484 -8706.0830078 -8638.9306641 -9043.6562500 -8967.5966797 -8850.2138672 -8869.7851562
-8482.0126953 -8588.5146484 -8570.8437500 -8655.6806641 -8183.9550781 -8272.7207031 -8585.6611328 -8529.8388672 -8349.6074219 -8453.0810547
-8385.9082031 -8631.4130859 -8493.9746094 -8598.8535156 -8024.5346680 -7901.2792969 -8566.3681641 -8477.7617188 -8182.1835938 -8361.6162109
-8157.7714844 -8349.3330078 -8275.4853516 -8347.4990234 -7704.9008789 -7830.6098633 -8289.9892578 -8258.0664062 -7942.0356445 -8057.1533203
-8205.6367188 -8196.2470703 -8322.1328125 -7582.2900391 -8065.2841797 -8195.2275391 -8299.5205078 -8310.7373047 -8133.4687500 -8145.9174805
-8637.5253906 -8780.3808594 -8782.6083984 -8891.2519531 -8296.1083984 -8496.5224609 -8789.9970703 -8724.8535156 -8538.9921875 -8713.1376953
-8569.4248047 -8629.3027344 -8637.9609375 -8090.4423828 -8502.2031250 -8555.8554688 -8696.3154297 -8665.9677734 -8445.3242188 -8501.8837891
-8796.4218750 -8942.2275391 -8815.9306641 -9013.7197266 -8648.6894531 -8735.0800781 -8989.8486328 -8921.8496094 -8625.6708984 -8780.5312500
-8882.7734375 -9044.1142578 -9002.2558594 -9063.4814453 -8652.1132812 -8867.2138672 -9050.2392578 -8944.2685547 -8775.8906250 -8883.4687500
-8468.7568359 -8650.9814453 -8595.3789062 -8715.4472656 -8203.5810547 -8060.6157227 -8624.9267578 -8546.0791016 -8300.3583984 -8438.4921875
-8581.2246094 -8710.8164062 -8463.6728516 -8543.6357422 -8160.4882812 -7954.7280273 -8664.2246094 -8520.1074219 -8391.6435547 -8535.5781250
-8352.1181641 -8494.0507812 -8439.4804688 -7909.6699219 -8379.4667969 -8432.0439453 -8507.6259766 -8392.2666016 -8307.5664062 -8289.2138672
-8568.6113281 -8791.6474609 -8668.3339844 -8766.8896484 -8278.7246094 -8096.1474609 -8727.2763672 -8583.5019531 -8391.0195312 -8579.5898438
-9131.9228516 -9380.0634766 -9094.1484375 -9200.5273438 -8639.8457031 -8504.7558594 -9319.5585938 -9179.0263672 -8908.7070312 -9053.2783203
-8361.2490234 -8522.0927734 -8531.4960938 -8567.9492188 -8115.1074219 -7997.8642578 -8510.0380859 -8469.1269531 -8234.4707031 -8312.6689453
