-8323.6552734 -8006.5825195 -8537.8300781 -8684.9042969 -8505.0449219 -8641.5351562 -8448.0683594 -8556.1386719 -8460.8750000 -8456.0087891
-8451.3710938 -8589.1904297 -8724.2568359 -8799.6210938 -8554.5244141 -8709.8847656 -8645.7490234 -8583.7666016 -8633.5830078 -8290.2900391
-8249.7978516 -7952.1469727 -8456.4189453 -8655.3779297 -8470.3046875 -8442.8798828 -8484.6757812 -8469.8710938 -8382.8886719 -8280.6621094
-8270.7099609 -7842.4726562 -8454.9746094 -8592.9218750 -8334.3984375 -8544.1708984 -8452.4931641 -8452.0546875 -8369.0722656 -8338.6787109
-8065.5996094 -7704.9912109 -8266.3798828 -8394.3535156 -8231.0361328 -8307.0615234 -8298.2832031 -8242.7226562 -8175.3393555 -8103.5478516
-8442.9541016 -8573.5097656 -8474.9189453 -8518.9404297 -8262.2919922 -8316.3925781 -8576.5019531 -8611.3291016 -8168.8764648 -8312.0126953
-8191.4487305 -7707.5629883 -8302.4091797 -8469.9609375 -8193.9189453 -8339.8632812 -8348.2314453 -8329.0419922 -8229.8662109 -8167.0771484
-7938.6728516 -7607.4936523 -8241.2773438 -8351.9716797 -8085.0273438 -8304.5566406 -8161.4321289 -8196.6767578 -8134.5625000 -8040.9384766
-8596.8232422 -8691.6289062 -8752.9394531 -8856.7910156 -8412.7822266 -8498.3759766 -8734.0410156 -8714.6611328 -8263.0312500 -8606.1523438
-8579.0644531 -8730.7646484 -8678.0332031 -8856.8896484 -8679.8613281 -8741.6416016 -8704.3496094 -8761.4208984 -8683.7978516 -8377.9023438
-8170.6933594 -7863.6142578 -8346.4638672 -8536.7119141 -8315.6123047 -8391.4355469 -8363.1562500 -8301.0498047 -8307.7246094 -8185.0039062
-8090.0922852 -7639.8686523 -8206.9785156 -8450.8564453 -8197.1611328 -8328.2646484 -8217.5937500 -8186.5073242 -8199.7285156 -8078.9941406
-8292.2304688 -7905.0937500 -8477.6113281 -8681.9082031 -8426.0058594 -8525.0332031 -8419.2031250 -8357.1777344 -8412.5791016 -8294.6914062
-8415.5439453 -8562.0917969 -8579.3701172 -8697.1601562 -8276.0419922 -8341.8320312 -8639.7187500 -8558.4550781 -8109.7338867 -8388.3984375
-8653.1142578 -8785.4169922 -8830.0371094 -8870.4335938 -8582.4296875 -8691.3710938 -8812.6210938 -8839.8300781 -8479.5595703 -8677.9296875
-8255.8144531 -8397.5703125 -8447.6533203 -8531.4863281 -8042.7343750 -8203.5517578 -8485.8300781 -8426.2128906 -7899.6157227 -8148.0698242
-8017.1635742 -7523.2651367 -8227.1064453 -8334.4716797 -8127.5468750 -8283.3808594 -8212.4550781 -8172.4882812 -8115.7524414 -8000.7797852
-7464.1357422 -7053.1284180 -7725.9833984 -7792.8676758 -7609.2744141 -7690.7050781 -7730.7812500 -7670.0517578 -7679.9809570 -7552.7456055
-7956.7460938 -7540.3339844 -8240.1679688 -8397.3740234 -8129.3940430 -8221.0117188 -8218.6982422 -8157.3886719 -8054.5825195 -8028.2724609
-8194.2568359 -8285.1142578 -8361.3066406 -8472.0585938 -7988.3530273 -8136.3710938 -8336.9267578 -8353.3203125 -7903.7622070 -8130.0693359
-8478.4218750 -8659.3535156 -8722.6904297 -8821.0292969 -8431.2968750 -8483.9716797 -8668.5673828 -8573.6552734 -8126.4277344 -8552.7236328
-8504.1855469 -8015.1787109 -8709.1796875 -8724.3125000 -8522.7988281 -8708.2294922 -8545.8662109 -8566.5332031 -8485.0781250 -8481.1113281
-7934.7519531 -7492.8310547 -8185.4277344 -8385.4375000 -8014.0083008 -8148.8642578 -8161.5913086 -8113.2373047 -8028.4409180 -7964.7749023
-7758.5908203 -7250.6411133 -7933.4570312 -8057.4365234 -7810.9448242 -7924.6191406 -7939.4692383 -7922.0874023 -7806.2021484 -7766.7807617
-8379.1240234 -8430.0966797 -8591.2343750 -8525.6445312 -8083.8476562 -8216.5683594 -8594.3779297 -8522.5224609 -7872.8393555 -8247.4482422
-8148.3842773 -7803.8227539 -8396.8339844 -8501.0009766 -8259.4667969 -8374.6376953 -8422.1640625 -8199.5771484 -8239.4746094 -8149.4145508
-7812.9448242 -7633.3642578 -8096.2939453 -8192.2734375 -7993.8964844 -8079.9926758 -7986.5351562 -8021.3334961 -7985.2460938 -7965.9663086
-7842.4794922 -7448.0288086 -8178.2001953 -8323.9042969 -8012.5737305 -8158.2011719 -7992.3383789 -8045.1796875 -8059.5522461 -7927.0541992
-8337.5839844 -8445.8291016 -8481.1816406 -8616.8740234 -8269.7822266 -8345.3183594 -8522.0126953 -8498.6484375 -8180.6020508 -8382.6250000
-8094.1489258 -8274.8818359 -8245.5693359 -8422.7998047 -8157.6782227 -8253.0390625 -8275.8623047 -8322.3105469 -8102.5791016 -7873.5859375
-8019.6694336 -7635.2529297 -8158.1552734 -8456.7451172 -8106.8457031 -8219.8212891 -8173.3813477 -8223.4580078 -8208.6308594 -8085.8666992
-7964.4155273 -7595.2783203 -8220.8837891 -8446.1416016 -8166.4072266 -8202.3964844 -8186.3295898 -8102.5644531 -8086.9936523 -8016.3696289
-8276.6914062 -8461.4462891 -8441.6914062 -8479.0957031 -8029.4062500 -8250.5996094 -8400.1376953 -8445.7949219 -7932.1718750 -8259.6777344
-7905.3110352 -8120.9042969 -8072.5312500 -8208.0400391 -7914.1606445 -8008.2524414 -8145.8940430 -8042.1220703 -7948.0346680 -7828.8247070
-8411.0888672 -8552.8759766 -8624.9375000 -8629.9560547 -8391.9306641 -8568.2988281 -8633.8916016 -8469.4541016 -8483.8056641 -8195.4062500
-8314.9443359 -8438.7910156 -8466.8515625 -8538.6152344 -8107.6420898 -8265.8378906 -8553.8339844 -8322.5585938 -8086.9023438 -8399.6240234
-8225.9160156 -8356.0009766 -8317.1533203 -8418.8935547 -8062.1225586 -8105.6767578 -8394.9453125 -8378.1982422 -7827.4965820 -8184.3676758
-8039.0083008 -8206.2031250 -8259.6943359 -8257.7041016 -7913.5083008 -7928.7124023 -8181.6928711 -8169.4487305 -7701.4833984 -8014.0498047
-7853.8056641 -8070.9194336 -8021.8164062 -8302.7236328 -7960.8657227 -8060.5834961 -8053.0854492 -8077.8798828 -8028.1518555 -7540.1318359
-8490.1367188 -8686.9736328 -8807.5097656 -8697.0566406 -8308.4111328 -8539.8085938 -8728.2705078 -8643.9755859 -8252.6259766 -8473.0146484
-8207.2343750 -8405.0400391 -8377.6689453 -8523.2568359 -8079.5869141 -8146.1977539 -8404.1269531 -8354.6757812 -8013.5683594 -8175.5854492
-7981.2348633 -8045.5014648 -8116.5585938 -8234.7392578 -7912.8608398 -8056.9809570 -8224.0673828 -8095.5205078 -7962.2758789 -7604.5795898
-7910.3334961 -8003.4213867 -8040.6508789 -8229.0654297 -7932.4077148 -8105.7729492 -8008.6372070 -8041.2524414 -7924.3989258 -7654.3881836
-8482.0009766 -8144.2426758 -8720.5429688 -8862.3701172 -8614.0839844 -8676.1357422 -8665.5292969 -8644.8447266 -8534.5039062 -8488.1103516
-8405.9267578 -8569.5156250 -8555.5937500 -8584.5976562 -8218.9628906 -8317.3759766 -8571.4599609 -8495.2099609 -8147.3417969 -8406.3750000
-8273.0302734 -8397.5449219 -8416.8105469 -8593.8242188 -8009.1264648 -8111.0063477 -8493.3222656 -8415.8447266 -7880.9135742 -8218.7236328
-8537.0820312 -8633.6787109 -8647.4531250 -8722.9658203 -8363.2939453 -8519.4121094 -8657.0517578 -8605.2685547 -8183.5942383 -8552.6503906
-8193.5244141 -7811.7485352 -8373.5087891 -8579.9687500 -8215.2148438 -8344.0341797 -8375.5820312 -8321.8007812 -8247.0468750 -8221.8935547
-8401.2988281 -8572.4453125 -8480.3847656 -8624.2460938 -8311.0380859 -8298.8632812 -8553.1533203 -8478.3300781 -8032.1245117 -8376.2119141
-8473.7802734 -8591.7011719 -8655.5273438 -8661.7890625 -8332.8330078 -8429.8203125 -8730.9902344 -8571.8222656 -8218.5175781 -8446.6132812
-8358.7441406 -8492.6757812 -8562.1113281 -8599.9931641 -8187.3144531 -8320.5517578 -8493.5429688 -8433.7685547 -8091.6699219 -8357.5585938
-8386.6503906 -8561.8466797 -8555.8876953 -8732.7460938 -8472.4316406 -8588.0312500 -8571.1474609 -8527.8232422 -8361.1884766 -8220.6806641
-7921.7416992 -8154.9379883 -8151.2119141 -8267.9599609 -7928.3237305 -8130.6245117 -8185.3374023 -8079.3247070 -7978.7207031 -7651.3642578
-8584.1884766 -8728.5761719 -8692.6757812 -8989.5292969 -8684.1533203 -8722.9931641 -8743.7500000 -8710.6601562 -8603.3027344 -8350.6259766
-8586.5263672 -8682.7109375 -8736.7285156 -8879.6328125 -8700.4970703 -8788.8632812 -8834.1279297 -8811.3886719 -8675.4873047 -8361.6923828
-8721.9941406 -8913.3945312 -8866.1865234 -9046.5234375 -8804.4335938 -8906.6914062 -8817.2685547 -8849.8583984 -8792.0527344 -8559.3710938
-8257.9794922 -8371.0185547 -8379.8798828 -8582.1396484 -8262.9140625 -8386.6562500 -8348.9228516 -8480.0361328 -8308.8837891 -8154.9838867
-8248.4169922 -8347.6660156 -8369.0693359 -8569.3720703 -8257.8994141 -8442.4208984 -8416.0039062 -8484.5507812 -8366.1132812 -8059.9155273
-7683.1650391 -7857.2900391 -8002.2294922 -8088.0791016 -7861.3964844 -7915.2963867 -7971.2553711 -7940.7924805 -7853.0454102 -7561.4868164
-8095.0517578 -8248.2636719 -8239.2490234 -8355.1953125 -8083.4707031 -8205.0078125 -8281.9326172 -8191.2919922 -8119.6870117 -7782.7250977
-7689.2651367 -7225.1723633 -7947.8945312 -8143.0771484 -7797.3447266 -7903.1240234 -7919.3193359 -7891.2373047 -7706.2783203 -7720.4887695
-8167.5585938 -7815.6914062 -8355.3554688 -8520.2304688 -8269.4052734 -8315.3339844 -8394.1689453 -8323.4560547 -8201.4833984 -8185.4008789
-8130.1059570 -8309.9033203 -8243.0625000 -8359.6523438 -8019.1791992 -8162.6938477 -8238.1093750 -8239.4521484 -8037.0839844 -8122.6953125
-7794.7866211 -8006.7124023 -8053.9233398 -8321.1494141 -7963.1958008 -8121.6489258 -8003.7026367 -8088.3300781 -7991.5151367 -7606.8925781
-7750.7109375 -8058.0537109 -7913.3193359 -8175.0068359 -7906.6083984 -8042.3745117 -7985.7353516 -7981.2138672 -7904.7807617 -7632.8828125
-8534.7666016 -8830.2500000 -8755.0800781 -9023.3115234 -8855.7929688 -8931.4384766 -8794.1572266 -8691.3613281 -8815.6142578 -8772.3710938
-8644.8261719 -8900.9404297 -8856.6289062 -9191.2412109 -8863.6103516 -8992.0166016 -8798.6015625 -8910.5498047 -8893.0322266 -8862.2324219
-8365.2988281 -8610.5029297 -8563.6083984 -8785.8769531 -8529.8222656 -8742.7695312 -8592.4472656 -8067.6225586 -8558.8105469 -8463.7636719
-8323.2597656 -8703.3076172 -8538.5732422 -8814.7998047 -8561.7832031 -8761.6621094 -8588.3515625 -8136.9604492 -8675.6621094 -8603.3193359
-8206.2763672 -8517.4638672 -8006.1396484 -8669.1914062 -8427.2607422 -8574.8183594 -8325.9042969 -8372.2626953 -8408.2431641 -8369.5429688
-8308.3818359 -8751.1201172 -8070.0874023 -8857.1113281 -8602.6591797 -8744.8613281 -8438.9785156 -8491.3125000 -8696.6875000 -8561.3818359
-8030.8750000 -8366.0556641 -8272.3808594 -8443.0224609 -8124.0366211 -8399.5527344 -8122.2026367 -7703.6069336 -8250.5791016 -8178.9770508
-8908.6914062 -9224.9238281 -8785.1748047 -9283.2714844 -9059.4912109 -9178.9697266 -8951.0781250 -9092.1738281 -9083.1181641 -9076.2001953
-8676.6464844 -8906.0019531 -8799.4560547 -9072.8369141 -8823.1181641 -8890.0576172 -8874.2421875 -8409.5458984 -8857.3925781 -8832.4384766
-8948.1396484 -9212.5390625 -9144.8271484 -9340.0957031 -9131.5039062 -9228.2431641 -9088.5957031 -9118.3896484 -9177.6943359 -9123.8007812
-8803.3720703 -9090.4560547 -8927.9121094 -9285.9199219 -9121.5859375 -9160.1064453 -8968.0937500 -8984.8593750 -9092.4394531 -9038.7988281
-8735.9560547 -8899.8466797 -8845.2685547 -8991.8457031 -8774.9580078 -8918.7812500 -8893.7021484 -8520.0712891 -8843.8925781 -8819.1240234
-8528.5810547 -8741.0429688 -8359.1679688 -8936.1582031 -8672.4335938 -8705.8339844 -8570.2890625 -8565.4775391 -8627.3369141 -8605.6162109
-8321.6884766 -8640.5810547 -7980.0131836 -8775.3808594 -8417.0068359 -8521.0136719 -8322.6191406 -8489.3710938 -8465.6796875 -8383.7431641
-9059.7919922 -9354.7265625 -8806.4082031 -9409.9521484 -9151.5976562 -9145.0615234 -9099.9062500 -9143.0488281 -9299.5419922 -9136.7226562
-8304.2949219 -8619.3271484 -8045.3183594 -8767.7001953 -8470.7900391 -8614.9199219 -8478.7900391 -8430.1982422 -8564.1230469 -8445.7441406
-8198.5410156 -8573.6689453 -8326.0644531 -8786.3583984 -8454.7265625 -8594.0214844 -8455.7304688 -7985.1098633 -8441.7431641 -8480.0947266
-8121.0190430 -8434.0205078 -8354.6816406 -8606.0009766 -8334.2480469 -8514.6259766 -8332.2607422 -8427.8759766 -8396.7626953 -8342.7128906
-8446.5146484 -8771.2255859 -8670.9267578 -8854.3330078 -8625.6093750 -8770.9160156 -8624.6572266 -8676.6337891 -8695.2412109 -8602.1621094
-8257.2734375 -8564.0869141 -8022.8808594 -8774.1347656 -8504.1347656 -8572.6025391 -8297.8681641 -8455.9140625 -8518.5400391 -8438.1982422
-8254.0400391 -8611.9892578 -8403.7851562 -8666.2597656 -8477.7431641 -8597.5585938 -8595.3554688 -7941.2148438 -8467.9199219 -8502.7832031
-8336.3457031 -8472.3222656 -8374.7031250 -8694.0488281 -8414.6054688 -8544.1943359 -8481.6064453 -7994.7197266 -8422.2470703 -8443.6982422
-8267.0224609 -8433.5449219 -8029.5737305 -8669.6308594 -8388.8437500 -8535.7666016 -8317.3183594 -8427.9677734 -8488.6953125 -8385.9677734
-8334.7812500 -8666.7431641 -7893.0517578 -8716.2363281 -8438.7851562 -8476.3359375 -8409.8564453 -8412.7685547 -8520.2138672 -8470.2363281
-7826.2436523 -8075.4687500 -7951.2563477 -8312.8798828 -7962.3833008 -8131.7158203 -7961.9023438 -7528.3793945 -8009.0068359 -7977.2670898
-8180.5424805 -8408.1923828 -8379.7548828 -8541.5302734 -8337.0136719 -8534.0937500 -8397.5634766 -8276.1777344 -8355.1953125 -8312.3359375
-8151.0742188 -8535.9648438 -8355.0742188 -8732.1250000 -8487.0673828 -8664.9072266 -8472.9042969 -8424.2529297 -8493.8232422 -8380.1162109
-8224.9697266 -8539.9130859 -8422.7519531 -8772.6962891 -8461.0087891 -8567.0419922 -8448.2001953 -8086.4648438 -8506.5800781 -8374.0146484
-8176.8764648 -8431.1855469 -7985.7275391 -8611.4140625 -8344.8300781 -8483.6298828 -8182.5766602 -8272.0087891 -8468.3085938 -8304.1865234
-8133.8637695 -8489.2783203 -7762.5366211 -8652.7285156 -8432.9375000 -8514.0791016 -8292.1621094 -8247.7939453 -8436.9072266 -8429.3886719
-7849.6479492 -8115.3388672 -8093.3793945 -8373.4384766 -7987.8999023 -8231.9599609 -8072.9755859 -7498.5634766 -8061.9902344 -7988.7290039
-9032.2080078 -9381.9638672 -8831.7841797 -9444.8896484 -9225.0830078 -9284.2099609 -9175.8583984 -9055.0361328 -9276.1708984 -9208.8789062
-8803.6464844 -9121.1865234 -8972.4082031 -9234.4257812 -9058.2910156 -9194.1699219 -8960.5878906 -8987.2597656 -9043.1445312 -8963.6425781
-8365.2382812 -8561.8378906 -8505.6152344 -8775.5029297 -8537.3212891 -8631.2685547 -8529.4296875 -8579.3837891 -8575.2070312 -8517.9169922
-8749.4697266 -8839.7626953 -8796.9746094 -9105.6142578 -8808.8115234 -8856.2031250 -8878.9414062 -8459.4287109 -8792.1455078 -8749.6816406
-8895.3486328 -9003.0878906 -8918.9707031 -9305.6425781 -8970.3183594 -9046.9003906 -8968.1416016 -8638.1464844 -8944.9912109 -8954.7568359
-8257.9775391 -8577.2167969 -8152.5439453 -8761.6455078 -8511.5009766 -8562.6015625 -8386.3369141 -8441.3164062 -8584.7587891 -8415.1884766
-8273.0761719 -8640.2207031 -8502.3896484 -8733.0126953 -8471.0166016 -8649.1982422 -8453.7607422 -7941.3798828 -8491.0380859 -8458.2802734
-7853.6972656 -8071.5874023 -8013.2885742 -8317.3720703 -8050.7709961 -8179.3906250 -8053.9404297 -7980.2626953 -8042.8632812 -7991.0102539
-8793.5087891 -9124.9658203 -8945.6123047 -9238.7060547 -9050.6455078 -9141.4570312 -9090.9033203 -8892.9804688 -9102.0224609 -9001.1044922
-8380.4658203 -8674.7373047 -8595.1269531 -8829.2968750 -8716.5527344 -8764.7666016 -8623.0371094 -8633.3378906 -8664.1621094 -8583.0019531
-8000.1567383 -8351.7929688 -7719.9121094 -8432.0302734 -8208.0234375 -8274.2451172 -8044.5078125 -8147.9013672 -8233.5146484 -8160.9169922
-8317.7236328 -8613.8886719 -8001.4506836 -8663.9062500 -8386.9287109 -8533.5126953 -8430.7333984 -8399.5302734 -8531.7646484 -8412.4384766
-8068.5395508 -8378.9726562 -8193.7343750 -8634.6923828 -8329.8261719 -8473.4296875 -8293.6748047 -7637.1699219 -8405.5234375 -8365.7089844
-8551.1640625 -8742.6796875 -8769.7998047 -8952.8613281 -8695.2763672 -8828.1621094 -8719.7333984 -8706.5664062 -8695.0224609 -8685.9150391
-8765.2871094 -8880.6171875 -8885.1406250 -9177.2744141 -8898.1992188 -9052.1064453 -8863.6230469 -8568.8115234 -8896.3115234 -8844.4492188
-8450.6826172 -8693.8857422 -8297.4931641 -8805.2460938 -8586.1835938 -8685.0019531 -8590.3623047 -8628.2011719 -8560.7246094 -8509.3417969
-8349.2578125 -8604.9589844 -8214.1269531 -8754.6308594 -8559.1718750 -8630.2802734 -8491.7822266 -8417.7929688 -8525.9687500 -8474.1855469
-7991.1210938 -8214.5107422 -8155.2827148 -8420.2216797 -8171.7773438 -8264.2734375 -8241.3837891 -8107.9550781 -8222.1591797 -8119.4995117
-8025.9399414 -8345.6914062 -8208.7207031 -8489.1123047 -8223.1230469 -8349.0292969 -8140.1708984 -8181.9331055 -8255.0820312 -8169.1977539
-8130.6049805 -8353.4189453 -8396.9003906 -8649.4638672 -8329.9218750 -8435.2783203 -8328.0644531 -8330.9990234 -8305.9082031 -8314.3593750
-8009.7387695 -8381.3593750 -8197.9726562 -8570.0644531 -8333.1640625 -8486.9658203 -8132.0693359 -8242.9599609 -8345.4833984 -8212.1015625
-8229.4101562 -8414.2763672 -8395.1396484 -8671.5029297 -8403.8984375 -8587.0244141 -8506.9042969 -8026.4096680 -8411.4970703 -8325.4912109
-7905.1118164 -8232.8642578 -7679.1318359 -8341.8369141 -8192.8583984 -8292.5400391 -8078.0283203 -8001.1069336 -8196.7490234 -8158.5986328
-8087.6440430 -8471.3017578 -7672.4565430 -8548.5683594 -8265.7490234 -8349.3046875 -8155.7915039 -8158.9531250 -8308.7480469 -8217.3027344
-7986.2949219 -8272.4609375 -7879.9409180 -8303.6279297 -7920.9238281 -7888.8217773 -8186.1098633 -7908.4741211 -8135.1440430 -8088.4023438
-8374.0009766 -8657.1005859 -8145.3354492 -8756.1699219 -8483.9863281 -8615.8876953 -8510.3339844 -8425.7177734 -8526.4218750 -8417.3994141
-8373.5009766 -8610.9208984 -8588.6669922 -8862.2158203 -8521.1425781 -8709.9511719 -8550.9365234 -8106.9907227 -8515.3613281 -8522.8164062
-8288.3212891 -8473.1601562 -8377.6982422 -8689.1220703 -8451.6210938 -8599.4541016 -8352.0361328 -8421.5146484 -8542.8681641 -8381.8476562
-8312.8623047 -8495.7187500 -8448.1962891 -8736.5126953 -8503.8056641 -8607.9814453 -8499.6464844 -8074.8237305 -8476.9072266 -8423.0341797
-7998.9384766 -8326.9755859 -8168.4033203 -8513.4687500 -8150.8295898 -8347.1826172 -8261.8320312 -8223.4208984 -8302.7041016 -8109.5966797
-7806.0102539 -8089.9003906 -7489.0683594 -8347.7880859 -7999.1777344 -8173.0512695 -8019.8627930 -7981.0205078 -8015.9282227 -8018.7456055
-7942.2290039 -8341.1542969 -8077.9394531 -8537.7539062 -8204.2226562 -8383.8857422 -8111.1943359 -7676.5561523 -8254.4404297 -8183.0366211
-8408.4824219 -8623.2822266 -8539.5156250 -8890.4521484 -8621.2421875 -8724.7685547 -8535.1152344 -8563.7060547 -8633.6630859 -8566.1738281
-8176.5561523 -8365.1933594 -8219.4511719 -8536.3261719 -8290.0468750 -8489.3388672 -8304.5986328 -7994.0791016 -8351.9130859 -8319.3115234
-8023.8222656 -8312.6240234 -7884.9746094 -8441.0937500 -8221.0263672 -8243.9521484 -8119.9916992 -8191.9550781 -8190.5791016 -8130.7109375
-8149.6938477 -8391.1123047 -8071.0776367 -8440.9179688 -8269.9199219 -8269.2294922 -8226.7167969 -8260.2509766 -8337.4580078 -8273.6806641
-8383.5253906 -8571.2460938 -8482.9335938 -8683.9951172 -8455.2529297 -8688.2695312 -8516.7343750 -8075.4150391 -8615.3974609 -8428.9462891
-7621.0820312 -7830.1513672 -7722.6313477 -8078.3657227 -7734.4716797 -7789.4179688 -7695.3579102 -7339.0615234 -7732.4394531 -7629.9257812
-7861.5009766 -8103.9086914 -8132.9404297 -8354.1464844 -8087.9208984 -8147.5986328 -8040.4565430 -8115.1875000 -7974.7495117 -7963.0063477
-8160.1059570 -8455.5585938 -8323.9521484 -8611.4462891 -8385.8828125 -8517.5791016 -8438.7099609 -7824.8759766 -8390.0859375 -8343.1875000
-7795.8588867 -8161.4067383 -7936.7666016 -8359.6777344 -8025.8237305 -8169.9257812 -7986.4287109 -7471.4218750 -8049.1372070 -8012.5131836
-7504.9770508 -7844.8627930 -7169.2187500 -8057.6191406 -7732.9492188 -7800.2568359 -7671.6586914 -7553.6489258 -7801.7709961 -7718.9355469
-7760.5395508 -8109.9848633 -7350.2568359 -8372.9101562 -8004.6513672 -8058.3208008 -7842.5517578 -7953.4155273 -8072.5986328 -8026.9106445
-7766.3808594 -8003.7910156 -7950.9340820 -8141.7758789 -7957.9272461 -8057.7958984 -7893.3159180 -7436.4653320 -7960.8310547 -7936.4038086
-8145.4458008 -8345.2685547 -8127.0229492 -8270.2587891 -7778.7290039 -7816.0444336 -8223.1982422 -8174.6494141 -7995.9409180 -8033.1586914
-8528.5869141 -8824.4082031 -8549.5136719 -8931.8867188 -8636.8339844 -8780.0263672 -8220.3681641 -8631.4794922 -8635.5068359 -8634.5419922
-8528.8466797 -8690.9511719 -8620.8779297 -8683.3652344 -8266.3271484 -8121.3974609 -8644.3457031 -8555.2958984 -8346.4755859 -8549.5380859
-8587.1455078 -8866.8876953 -8683.2958984 -9072.5273438 -8716.9326172 -8787.0000000 -8348.1572266 -8794.1347656 -8834.1728516 -8772.3027344
-9269.3203125 -9400.8476562 -9268.9003906 -9551.1640625 -9313.8818359 -9373.1376953 -9056.5488281 -9383.9121094 -9347.6103516 -9296.1093750
-8872.1074219 -9114.8671875 -8929.8935547 -9206.5429688 -8995.0595703 -9123.7158203 -8563.6699219 -8972.9394531 -9035.9062500 -8892.8847656
-8382.5917969 -8739.2802734 -8551.2773438 -8857.9677734 -8659.7236328 -8689.1728516 -8230.8066406 -8635.9492188 -8711.9667969 -8655.7675781
-8832.1777344 -8946.4228516 -8892.7636719 -8944.0546875 -8573.8183594 -8467.5722656 -8893.6953125 -8944.9443359 -8714.8437500 -8854.9863281
-8897.6748047 -8934.3125000 -8943.7626953 -9032.8505859 -8768.2138672 -8820.8466797 -8955.4091797 -8982.9824219 -8664.2783203 -8861.3339844
-8449.3710938 -8573.8398438 -8555.1181641 -8821.4902344 -8533.1269531 -8679.8388672 -8631.2617188 -8633.2314453 -8478.2714844 -8320.5722656
-8294.6416016 -8526.2060547 -8380.8642578 -8709.8769531 -8426.5429688 -8528.8408203 -8115.8554688 -8389.4648438 -8409.7021484 -8368.3476562
-8167.1391602 -8191.0908203 -8297.6064453 -8301.1142578 -7946.2358398 -8041.6655273 -8328.9130859 -8262.6064453 -8078.7524414 -8109.4755859
-9149.8623047 -9298.4267578 -9296.9423828 -9317.4951172 -9234.5205078 -9298.7470703 -9297.0195312 -9259.3798828 -9268.9980469 -8962.7685547
-8514.1718750 -8768.3828125 -8542.6298828 -8926.2197266 -8713.5136719 -8815.7539062 -8331.6425781 -8677.5878906 -8757.1572266 -8633.0253906
-8440.1708984 -8123.8432617 -8603.5009766 -8665.5078125 -8567.8076172 -8626.2509766 -8641.4189453 -8536.0605469 -8539.2207031 -8546.9843750
-9099.0312500 -9299.4218750 -9160.4453125 -9534.1699219 -9328.8681641 -9343.6533203 -8981.8222656 -9199.4521484 -9309.9521484 -9211.1787109
-8673.2675781 -8752.3408203 -8820.5742188 -8862.3076172 -8492.1279297 -8427.4541016 -8854.1962891 -8806.0595703 -8548.0625000 -8641.6787109
-8869.9414062 -9116.9091797 -8934.7128906 -9215.7138672 -9021.3046875 -9211.2539062 -8672.2539062 -9042.8085938 -9078.3134766 -8986.2880859
-8527.6289062 -8805.2861328 -8626.5888672 -8953.9853516 -8694.2333984 -8791.7919922 -8384.1289062 -8740.5253906 -8722.0058594 -8664.6640625
-9173.1601562 -9326.7773438 -9169.6943359 -9174.3242188 -8930.2158203 -8768.5810547 -9332.8984375 -9186.9365234 -9110.6552734 -9121.4345703
-9128.4882812 -9246.2490234 -9142.5781250 -9299.4082031 -8916.8398438 -8980.0888672 -9270.6464844 -9244.0361328 -8772.1601562 -9024.2773438
-9070.3886719 -9262.0839844 -9090.1914062 -9393.4033203 -9131.6337891 -9202.7480469 -8895.9355469 -9121.2353516 -9198.4013672 -9122.5087891
-8016.9692383 -8193.1914062 -8093.9731445 -8396.0585938 -8216.8447266 -8333.4990234 -7796.8110352 -8181.7373047 -8207.4990234 -8146.0937500
-8575.3232422 -8771.8896484 -8625.0292969 -8984.0029297 -8722.9335938 -8762.6425781 -8318.8984375 -8664.3447266 -8733.7568359 -8661.9482422
-9159.1142578 -9320.7744141 -9228.4335938 -9523.7333984 -9348.6220703 -9416.0976562 -9047.3300781 -9328.0771484 -9298.7421875 -9236.2041016
-8805.1572266 -9022.9931641 -8869.1123047 -9124.0185547 -8895.8847656 -8977.3212891 -8605.5253906 -8888.0751953 -8881.8339844 -8894.5468750
-8486.5048828 -8772.3310547 -8428.0507812 -8424.0595703 -8251.0097656 -8074.8525391 -8645.3652344 -8488.0078125 -8401.9755859 -8442.1660156
-8078.8066406 -8381.7363281 -8099.1860352 -8580.0234375 -8304.5996094 -8411.5605469 -7889.9072266 -8208.9091797 -8270.1025391 -8181.5458984
-8261.6152344 -8385.5244141 -8450.6542969 -8600.0029297 -8380.8095703 -8553.9277344 -8413.8476562 -8379.7939453 -8373.6464844 -8042.5375977
-7625.1787109 -7947.6137695 -7717.0649414 -8164.5864258 -7941.6157227 -7995.2246094 -7471.6821289 -7892.0454102 -7970.4750977 -7866.3374023
-7582.4492188 -7853.6733398 -7719.9555664 -8063.2309570 -7812.5356445 -7937.9912109 -7282.1357422 -7765.4262695 -7807.4135742 -7770.7802734
-9095.2910156 -9370.8798828 -9200.5683594 -9566.3320312 -9364.2998047 -9442.8388672 -8980.5693359 -9281.0488281 -9341.8701172 -9292.3427734
-8352.4667969 -8714.7851562 -8473.6171875 -8871.6660156 -8595.1513672 -8632.8710938 -8179.3056641 -8576.4404297 -8579.2363281 -8559.8632812
-7773.3369141 -7984.1425781 -7853.7714844 -7942.0625000 -7414.6591797 -7549.2431641 -7867.6762695 -7870.7514648 -7605.5029297 -7695.8339844
-8072.1826172 -8399.9755859 -8135.6860352 -8479.5029297 -8233.7148438 -8351.9667969 -7823.2363281 -8190.8544922 -8284.3193359 -8240.1210938
-8000.7143555 -8087.3564453 -8144.1357422 -8212.8437500 -8000.1826172 -8125.4643555 -8168.0029297 -8065.6005859 -8067.9301758 -7658.8481445
-7613.7749023 -7820.5043945 -7717.2695312 -8147.2993164 -7829.2099609 -7916.5654297 -7291.0561523 -7709.5898438 -7807.3920898 -7743.8256836
-9356.2792969 -9587.3544922 -9387.1943359 -9673.5654297 -9493.7421875 -9553.9560547 -9096.7089844 -9448.0625000 -9518.0175781 -9475.6591797
-7805.9887695 -7968.6015625 -7955.9775391 -7947.7241211 -7450.9062500 -7463.2182617 -7909.7836914 -7930.9101562 -7572.8989258 -7805.4848633
-8368.1982422 -8663.8544922 -8383.8857422 -8813.3388672 -8492.0224609 -8626.8095703 -8113.2846680 -8508.8291016 -8509.6943359 -8486.4316406
-7758.3081055 -8033.0424805 -7874.5537109 -8359.9003906 -8013.5297852 -8101.0117188 -7474.2973633 -7888.1899414 -7971.5009766 -7907.4218750
-9068.0839844 -9196.7578125 -9150.8408203 -9358.8906250 -9165.7314453 -9260.2753906 -8964.9238281 -9181.9912109 -9223.5322266 -9216.3134766
-7523.8583984 -7713.2031250 -7667.9106445 -7845.0791016 -7162.8984375 -7258.0288086 -7674.8227539 -7597.4306641 -7349.6967773 -7453.9277344
-7863.3291016 -8164.6650391 -8140.8945312 -8162.5463867 -7600.8237305 -7721.2377930 -8133.3623047 -8021.0034180 -7671.3281250 -7917.1655273
-7450.6513672 -7660.8862305 -7678.3754883 -7921.7666016 -7530.5083008 -7768.9653320 -7662.9169922 -7726.6289062 -7529.7255859 -7353.8300781
-7903.2172852 -8090.0117188 -8039.5849609 -8372.3359375 -8044.0830078 -8257.3535156 -7630.5180664 -8097.3569336 -8135.3437500 -8096.7709961
-7333.0229492 -6834.0097656 -7474.8774414 -7735.6464844 -7412.6738281 -7545.2177734 -7448.8398438 -7398.2290039 -7389.9995117 -7311.4467773
-7622.5073242 -7945.9355469 -7733.2026367 -8203.7412109 -7847.9414062 -8024.7387695 -7296.5180664 -7854.9033203 -7953.2280273 -7802.7148438
-8264.2695312 -8372.1152344 -8418.0732422 -7591.7963867 -8176.2978516 -8291.1328125 -8390.2617188 -8399.8945312 -8256.7998047 -8283.7636719
-8602.9199219 -8729.1953125 -8744.7167969 -8012.0747070 -8523.9101562 -8642.5488281 -8806.3095703 -8794.7099609 -8563.4511719 -8611.8935547
-9047.2324219 -9120.0302734 -9136.2832031 -9114.5800781 -8785.6132812 -8637.8896484 -9181.1962891 -9084.0439453 -8836.1718750 -9025.2500000
-8391.2705078 -8596.5585938 -8494.4902344 -8649.8603516 -8095.1220703 -8054.1323242 -8492.2119141 -8524.9033203 -8219.5556641 -8425.7451172
-8302.9257812 -8430.8769531 -8404.8691406 -8475.2480469 -8042.7221680 -8011.4189453 -8435.9863281 -8439.1933594 -8192.1259766 -8289.5419922
-8277.2226562 -8491.6083984 -8363.2792969 -8687.0107422 -8437.0937500 -8547.0126953 -8424.5957031 -8451.5595703 -8458.1572266 -8422.6445312
-8867.1425781 -9086.7802734 -8986.7187500 -8256.8417969 -8780.7880859 -8869.2607422 -9093.9375000 -9086.1328125 -8833.2460938 -8943.7783203
-9268.7958984 -9411.2021484 -9363.8154297 -8745.8710938 -9190.3300781 -9284.0458984 -9432.5800781 -9479.6923828 -9208.4472656 -9318.6162109
-8817.4160156 -8962.3935547 -8954.0566406 -8921.0947266 -8621.6093750 -8451.2832031 -8938.3603516 -8924.2412109 -8653.4033203 -8843.2919922
-8545.2207031 -8558.6103516 -8546.0751953 -8691.3173828 -8280.2919922 -8159.8833008 -8609.6142578 -8630.0000000 -8346.9726562 -8485.5312500
-8447.3388672 -8734.8828125 -8647.9326172 -8943.8925781 -8743.6835938 -8877.1718750 -8555.1210938 -8635.4785156 -8769.2587891 -8642.1572266
-8704.5917969 -8723.1660156 -8864.8613281 -8800.3828125 -8504.9755859 -8370.5136719 -8796.6474609 -8820.5107422 -8549.9736328 -8702.4365234
-8524.1132812 -8644.8857422 -8660.9033203 -7884.1875000 -8350.4189453 -8459.4697266 -8724.9970703 -8675.8613281 -8441.0888672 -8426.1982422
-9210.0107422 -9401.7509766 -9172.0585938 -9165.0654297 -8869.7802734 -8657.2744141 -9292.8125000 -9222.6777344 -9150.4296875 -9222.7041016
-8284.9843750 -8411.9794922 -8378.9394531 -8394.0576172 -7922.5786133 -7831.2128906 -8348.5976562 -8319.7109375 -8021.1621094 -8304.9580078
-8279.1337891 -8374.5458984 -8397.8935547 -8529.8593750 -7977.4023438 -8104.8427734 -8380.1923828 -8383.1865234 -8072.3525391 -8297.5302734
-8250.3906250 -8453.3603516 -8314.4365234 -8633.0634766 -8400.7109375 -8472.5019531 -8368.3242188 -8335.5205078 -8415.2597656 -8330.4277344
-8953.8808594 -9131.6708984 -8881.0800781 -8425.5166016 -8705.0146484 -8625.2783203 -9118.3652344 -8973.7158203 -8878.1855469 -8888.5292969
-9059.4599609 -9151.1572266 -9198.9150391 -9313.3222656 -9017.7841797 -9177.5947266 -9199.7197266 -9079.7949219 -9004.0175781 -8911.5390625
-8469.5468750 -8631.0214844 -8554.0000000 -8628.9687500 -8101.3085938 -7946.7802734 -8573.0859375 -8459.8447266 -8188.4584961 -8397.5644531
-8101.1806641 -8239.2050781 -8235.5820312 -8325.1582031 -7835.6210938 -7983.1181641 -8267.1025391 -8234.8671875 -8024.8828125 -8149.0620117
-8536.7255859 -8563.0429688 -8641.2978516 -8003.2192383 -8429.7490234 -8478.6367188 -8681.5009766 -8558.3906250 -8425.7626953 -8464.6474609
-8424.5966797 -8479.5351562 -8498.3925781 -8526.8066406 -8107.2592773 -8034.0454102 -8508.6914062 -8591.7822266 -8234.7558594 -8430.3232422
-8075.3525391 -8245.8574219 -8281.4697266 -8368.4619141 -7805.6088867 -7935.1362305 -8270.7216797 -8228.9013672 -7866.0908203 -8037.1640625
-8151.4189453 -8530.9257812 -8297.5185547 -8740.6708984 -8498.7910156 -8601.8554688 -8418.3808594 -8354.9570312 -8508.1816406 -8300.4609375
-8800.8134766 -8900.8750000 -8673.8476562 -8756.2197266 -8377.6093750 -8101.5537109 -8891.4238281 -8833.7998047 -8581.0351562 -8652.7294922
-9090.1591797 -9173.4960938 -9237.5039062 -9290.1796875 -8914.2861328 -8801.9375000 -9246.7099609 -9209.1679688 -9015.0830078 -9135.0791016
-9136.1269531 -9217.9609375 -9249.8457031 -9241.6923828 -8939.1318359 -8814.4082031 -9307.6845703 -9224.2695312 -8974.4443359 -9133.2197266
-8715.1777344 -8764.5058594 -8790.5156250 -8863.6806641 -8510.4384766 -8586.6845703 -8806.0810547 -8732.4970703 -8449.6474609 -8664.0976562
-8697.6474609 -8878.4746094 -8887.0712891 -8906.4218750 -8486.2138672 -8569.2705078 -8821.6328125 -8908.0664062 -8580.8007812 -8741.0488281
-8576.6240234 -8766.0576172 -8639.9355469 -8696.9355469 -8330.7441406 -8213.6259766 -8736.6494141 -8634.1347656 -8406.0107422 -8586.3251953
-8264.6230469 -8331.4941406 -8362.2343750 -8423.4345703 -7961.3437500 -8110.4121094 -8375.8134766 -8380.4355469 -8128.6718750 -8233.0566406
-8239.6152344 -8479.8291016 -8420.5205078 -7682.1821289 -8184.9599609 -8217.3320312 -8416.4013672 -8393.5224609 -8293.6738281 -8236.7792969
-8738.7480469 -8804.4677734 -8783.8125000 -8884.9287109 -8433.6513672 -8570.0488281 -8906.4404297 -8778.2792969 -8532.0634766 -8626.0849609
-8825.8388672 -8979.4687500 -8960.4667969 -8979.6064453 -8583.8281250 -8728.9931641 -8956.3095703 -8955.7167969 -8687.8710938 -8774.8544922
-9064.6250000 -9197.0312500 -9175.1757812 -9201.0888672 -8860.8300781 -8829.6875000 -9169.9814453 -9155.8828125 -8996.7294922 -9082.7382812
-8408.3027344 -8436.7060547 -8450.6699219 -8441.3203125 -8045.9824219 -7995.7993164 -8469.9931641 -8511.0810547 -8183.1630859 -8308.7773438
-8378.1113281 -8632.6884766 -8509.7929688 -8568.5800781 -8108.2431641 -8207.4960938 -8579.4384766 -8551.7529297 -8304.5703125 -8447.8720703
-8351.3427734 -8470.2988281 -8477.4853516 -7874.3979492 -8184.6469727 -8284.6044922 -8436.5781250 -8358.8183594 -8317.0214844 -8346.3164062
-9127.5156250 -9310.6171875 -9207.1171875 -9275.4365234 -8846.7646484 -8884.0761719 -9256.4648438 -9198.9042969 -9033.9755859 -9103.0205078
-8994.3613281 -9178.1806641 -9102.4980469 -9112.3916016 -8751.4033203 -8707.3222656 -9049.6494141 -9075.0322266 -8810.6562500 -8980.4511719
-8545.8144531 -8657.9755859 -8626.3906250 -8807.1250000 -8241.5976562 -8448.4179688 -8694.1923828 -8620.9570312 -8389.2373047 -8558.0878906
-8495.7812500 -8699.4716797 -8649.0263672 -8706.1787109 -8385.6660156 -8452.0439453 -8621.3251953 -8605.1562500 -8431.9746094 -8528.9589844
-8324.9306641 -8439.5400391 -8480.4199219 -7807.2700195 -8179.7944336 -8247.6279297 -8535.0810547 -8446.4648438 -8295.8466797 -8352.4619141
-8443.8789062 -8568.1074219 -8558.3398438 -8549.9472656 -8095.8916016 -8224.5625000 -8684.9550781 -8556.3144531 -8349.3789062 -8437.9482422
-8848.7597656 -9008.5292969 -8956.7539062 -9001.4248047 -8570.6474609 -8694.8398438 -9047.7939453 -8973.7343750 -8765.7753906 -8847.6347656
-8654.6357422 -8787.4355469 -8771.6230469 -8763.5908203 -8372.1523438 -8486.0810547 -8724.0595703 -8735.4150391 -8456.0878906 -8609.5751953
-8180.7080078 -8375.2958984 -8386.7275391 -8254.3447266 -7831.1513672 -8015.9125977 -8431.1738281 -8273.2187500 -8062.5766602 -8225.1289062
-8064.6606445 -8292.5253906 -8189.5434570 -8234.9355469 -7642.8876953 -7854.7514648 -8227.9804688 -8191.3237305 -7919.9179688 -8048.0439453
-8206.6132812 -8278.8730469 -8460.0791016 -7538.5332031 -8046.6279297 -8229.7099609 -8424.9521484 -8327.6025391 -8136.1293945 -8179.0942383
-7803.4282227 -7911.8691406 -7954.0664062 -7204.2724609 -7662.6196289 -7721.6235352 -8025.8828125 -7980.8505859 -7740.6123047 -7747.7358398
-8953.0898438 -9042.0214844 -8943.5166016 -9028.7675781 -8660.3857422 -8653.8066406 -9032.3085938 -9061.0361328 -8799.3398438 -8909.5576172
-8609.1054688 -8629.0947266 -8709.0957031 -8738.6591797 -8189.4516602 -8525.1962891 -8692.5400391 -8552.5117188 -8393.5458984 -8571.1328125
-8270.8525391 -8471.7128906 -8317.4267578 -8402.6777344 -7929.0991211 -7856.3315430 -8374.5869141 -8368.5634766 -8124.1640625 -8245.6865234
-7724.6093750 -7994.7822266 -7924.9116211 -7964.7807617 -7407.5131836 -7623.2387695 -7849.2905273 -7892.1855469 -7671.9096680 -7722.0444336
-8326.0332031 -8515.4970703 -8556.0029297 -7716.1938477 -8201.6230469 -8268.3574219 -8498.9960938 -8426.6582031 -8260.2558594 -8313.8769531
-8601.4150391 -8874.7255859 -8822.1855469 -8860.6738281 -8420.0117188 -8501.8027344 -8762.9892578 -8783.4589844 -8601.2851562 -8610.0957031
-8389.9804688 -8595.7148438 -8593.4023438 -8021.9702148 -8349.7568359 -8472.0996094 -8536.6328125 -8640.9511719 -8463.7597656 -8448.4707031
-8856.7441406 -8950.9365234 -8885.9667969 -8917.3720703 -8664.6103516 -8705.0166016 -8989.0917969 -8886.9375000 -8621.0058594 -8742.3681641
-8772.5429688 -8841.8056641 -8897.2255859 -8892.2001953 -8472.1884766 -8658.6630859 -8869.1005859 -8785.1328125 -8637.9736328 -8773.8105469
-8518.2207031 -8655.3447266 -8643.4257812 -8733.0195312 -8270.8251953 -8238.7548828 -8599.5898438 -8621.6259766 -8422.6464844 -8537.4619141
-8672.3076172 -8881.7011719 -8516.8476562 -8434.0468750 -8231.7509766 -7915.2221680 -8808.0205078 -8707.6386719 -8513.0000000 -8547.7412109
-8398.7294922 -8652.5800781 -8504.9218750 -7919.9746094 -8314.8398438 -8422.3496094 -8611.9892578 -8616.8037109 -8349.6708984 -8372.2587891
-8442.0410156 -8624.7968750 -8568.2519531 -8548.1904297 -8177.8691406 -7939.9067383 -8645.4228516 -8509.6484375 -8343.4423828 -8433.7734375
-8837.7675781 -8947.0908203 -8664.1601562 -8754.8222656 -8359.7148438 -8123.5839844 -8964.0761719 -8820.2343750 -8710.7177734 -8796.2714844
-8123.1127930 -8315.0800781 -8254.3466797 -8334.4619141 -7901.6240234 -7788.9995117 -8252.5615234 -8213.8886719 -7997.3603516 -8083.1435547
