-8054.4819336 -7655.9018555 -8309.6816406 -8467.1240234 -8231.1640625 -8324.4169922 -8264.1767578 -8271.3427734 -8195.6210938 -8215.2705078
-8252.6044922 -8307.9609375 -8427.3066406 -8619.0400391 -8268.4042969 -8336.2744141 -8396.0361328 -8439.7666016 -8286.8730469 -8090.2543945
-8088.8583984 -7682.6069336 -8360.0117188 -8653.0576172 -8320.1308594 -8368.9550781 -8331.7070312 -8309.8232422 -8233.2724609 -8131.5844727
-8180.4482422 -7721.8378906 -8372.1884766 -8524.5830078 -8230.0488281 -8298.4306641 -8285.0244141 -8345.8671875 -8233.4833984 -8194.1894531
-8033.4350586 -7719.1030273 -8288.0947266 -8463.7851562 -8218.5771484 -8287.0634766 -8293.1025391 -8231.1171875 -8227.6601562 -8088.5214844
-8236.9716797 -8389.8427734 -8508.3222656 -8587.3876953 -8108.0170898 -8147.2739258 -8425.8583984 -8445.3417969 -7949.6396484 -8198.4277344
-7887.9946289 -7398.3325195 -8150.9936523 -8320.1269531 -8098.1928711 -8184.1250000 -8127.3808594 -8102.5351562 -8108.1000977 -7918.3081055
-7794.0263672 -7485.9931641 -8049.2226562 -8235.2695312 -8040.9155273 -8122.5825195 -7981.3930664 -8054.2207031 -8022.7490234 -7922.6528320
-8466.3242188 -8677.7109375 -8578.4843750 -8695.1611328 -8253.0185547 -8337.6044922 -8499.9794922 -8604.2685547 -8086.9228516 -8356.4667969
-8498.6992188 -8615.2929688 -8671.2998047 -8905.5849609 -8503.6328125 -8554.0146484 -8658.0927734 -8670.9033203 -8552.1103516 -8350.4677734
-7968.3598633 -7484.8535156 -8179.5332031 -8460.9697266 -8079.8364258 -8193.6552734 -8094.7275391 -8125.9409180 -8060.7138672 -8042.2543945
-7951.5893555 -7556.5219727 -8198.3691406 -8461.6689453 -8163.2763672 -8280.4365234 -8245.4443359 -8220.5761719 -8114.8823242 -8002.8745117
-8100.6440430 -7796.2534180 -8335.5654297 -8581.7392578 -8260.1796875 -8396.9335938 -8279.4052734 -8326.2470703 -8317.5156250 -8227.0644531
-8337.1123047 -8478.8056641 -8440.8886719 -8540.9853516 -8066.6567383 -8205.1445312 -8500.3154297 -8464.4697266 -7931.1474609 -8213.2080078
-8713.4833984 -8828.3056641 -8827.0566406 -8967.1474609 -8554.9902344 -8608.0478516 -8835.6855469 -8784.7431641 -8408.6318359 -8605.6435547
-8364.1298828 -8416.9326172 -8599.2656250 -8556.3916016 -8080.8681641 -8238.5449219 -8574.7988281 -8444.1152344 -7927.3642578 -8210.1669922
-7958.5732422 -7544.2875977 -8247.2939453 -8540.3554688 -8195.7148438 -8289.9072266 -8225.7978516 -8230.8828125 -8157.1015625 -8044.8125000
-7548.0527344 -7016.1767578 -7751.5571289 -7927.6694336 -7681.9018555 -7812.8691406 -7774.5830078 -7702.0156250 -7692.1484375 -7566.6831055
-7873.8681641 -7394.1484375 -8080.5576172 -8441.1103516 -8067.8613281 -8215.5214844 -8051.0678711 -8109.6972656 -8044.6137695 -8003.5874023
-8270.6054688 -8498.3740234 -8471.0537109 -8606.9785156 -8046.2036133 -8120.3198242 -8444.6767578 -8433.1005859 -7851.7524414 -8111.7695312
-8512.4873047 -8689.1630859 -8637.2158203 -8748.2402344 -8323.2451172 -8356.7812500 -8621.6367188 -8492.5615234 -8028.7861328 -8411.5869141
-8325.9140625 -7848.7490234 -8473.4453125 -8658.1220703 -8379.8105469 -8529.5410156 -8509.8750000 -8458.3378906 -8422.5507812 -8238.8955078
-7873.1171875 -7444.5996094 -8121.8291016 -8414.8710938 -8098.1611328 -8171.0346680 -8192.9814453 -8056.5288086 -8009.6289062 -7927.6259766
-7800.0034180 -7311.0415039 -7979.6152344 -8284.9218750 -7982.3100586 -8103.1972656 -8055.4086914 -7970.4902344 -7941.1474609 -7804.8315430
-7963.7534180 -8080.7026367 -8048.3818359 -8340.4384766 -7882.4047852 -7918.6015625 -8100.7626953 -8145.4111328 -7804.6513672 -7937.2817383
-8087.2749023 -7664.2353516 -8222.6767578 -8514.0107422 -8231.3916016 -8306.0537109 -8195.9335938 -8246.2275391 -8143.0615234 -8100.3442383
-7549.5249023 -7199.2998047 -7883.7568359 -8204.3896484 -7839.7617188 -7936.1450195 -7848.3261719 -7818.4121094 -7816.6752930 -7696.8837891
-7694.7563477 -7237.6831055 -7964.8823242 -8273.2109375 -8028.5483398 -8063.1801758 -7999.2988281 -8029.7011719 -7978.6328125 -7787.2929688
-8473.5693359 -8671.3300781 -8571.7978516 -8712.4335938 -8179.5590820 -8280.9150391 -8590.6689453 -8600.8759766 -8037.3876953 -8346.4511719
-7997.2465820 -8110.4477539 -8174.8857422 -8494.1425781 -8049.5097656 -8181.8325195 -8220.3886719 -8213.5146484 -8026.7622070 -7692.2080078
-7978.9941406 -7841.7539062 -8211.7753906 -8535.4716797 -8248.1044922 -8382.9277344 -8160.7651367 -8270.9863281 -8231.2421875 -8107.0346680
-8055.0136719 -7589.3911133 -8204.2304688 -8389.9628906 -8183.7851562 -8297.5048828 -8245.5312500 -8263.2412109 -8147.9228516 -8032.6645508
-8047.7421875 -8182.7412109 -8160.7255859 -8348.7783203 -7816.1489258 -7896.0830078 -8213.9482422 -8083.2250977 -7702.8330078 -7912.6015625
-8003.9970703 -8075.7177734 -8095.0585938 -8201.5664062 -7940.0400391 -8021.4755859 -8099.2724609 -8102.5253906 -7836.0161133 -7606.7080078
-8454.0986328 -8607.3095703 -8612.3867188 -8893.2441406 -8507.4228516 -8471.0712891 -8603.5214844 -8597.7451172 -8512.4873047 -8268.4726562
-8207.1542969 -8307.2402344 -8375.7441406 -8443.5058594 -7951.7563477 -8117.1831055 -8360.0205078 -8231.8007812 -7807.8862305 -8115.9472656
-7986.9516602 -8133.5937500 -8116.8051758 -8223.5078125 -7818.4482422 -7906.9448242 -8130.5981445 -8098.8378906 -7657.4121094 -7873.7592773
-8130.8671875 -8283.0517578 -8229.0234375 -8382.4570312 -7818.9750977 -7995.2651367 -8260.7255859 -8189.0102539 -7617.0234375 -8015.2636719
-7938.2788086 -7968.2548828 -8125.1772461 -8381.2099609 -7957.6684570 -8089.4052734 -8123.6074219 -8113.8618164 -7995.5288086 -7592.6767578
-8027.3374023 -8184.9140625 -8181.0917969 -8345.4716797 -7880.6591797 -8027.9057617 -8179.7524414 -8179.8867188 -7773.2231445 -8003.8603516
-8140.5483398 -8277.9716797 -8366.5498047 -8545.8847656 -7959.9428711 -8085.0087891 -8303.5527344 -8231.6484375 -7834.7573242 -8076.7285156
-7875.8037109 -8043.4555664 -7989.1489258 -8322.9482422 -7936.4760742 -8092.4511719 -7963.9760742 -8041.3662109 -7855.3330078 -7609.3037109
-7879.6948242 -8100.9301758 -8120.2949219 -8332.1718750 -7971.0131836 -8139.3403320 -8134.5332031 -8084.3232422 -8019.2377930 -7639.6894531
-8297.3457031 -7897.2055664 -8450.0166016 -8745.5468750 -8444.1376953 -8460.0439453 -8498.1025391 -8426.9843750 -8438.3710938 -8299.5712891
-8399.1845703 -8508.6044922 -8541.2666016 -8639.7646484 -8173.2563477 -8260.7226562 -8563.2910156 -8518.9990234 -8080.4575195 -8247.9833984
-8066.0258789 -8251.5625000 -8287.7167969 -8326.5996094 -7941.3740234 -7956.0405273 -8266.1015625 -8198.0400391 -7808.3105469 -8084.8188477
-8433.0078125 -8579.8583984 -8748.2333984 -8667.9531250 -8247.7333984 -8356.6513672 -8670.7158203 -8591.1992188 -7986.2236328 -8376.6777344
-8186.6953125 -7797.9697266 -8420.8164062 -8606.6904297 -8368.8925781 -8548.5156250 -8447.2138672 -8420.9003906 -8326.0791016 -8220.7382812
-8310.1982422 -8441.7304688 -8425.7226562 -8500.9511719 -8143.0297852 -8192.0742188 -8422.2021484 -8361.9111328 -7760.5727539 -8216.3701172
-8262.3349609 -8319.5107422 -8322.3417969 -8490.9833984 -8031.9189453 -8142.1352539 -8299.5351562 -8371.4882812 -7879.2392578 -8150.7055664
-8178.3779297 -8365.6279297 -8308.0048828 -8463.7675781 -7977.0190430 -8030.3789062 -8316.7275391 -8348.7900391 -7710.7465820 -8081.0288086
-8219.0908203 -8318.8740234 -8397.6464844 -8717.3427734 -8258.5361328 -8429.9013672 -8384.8261719 -8320.7871094 -8215.5244141 -8050.2031250
-7507.6718750 -7623.7973633 -7686.5253906 -7978.1503906 -7604.6489258 -7642.4184570 -7650.6381836 -7697.0478516 -7572.8364258 -7337.3911133
-8459.5537109 -8667.6572266 -8559.2080078 -8753.2480469 -8416.7451172 -8505.2226562 -8607.3027344 -8537.3164062 -8392.7705078 -8255.1181641
-8211.7519531 -8388.1503906 -8312.2109375 -8600.1162109 -8233.6425781 -8390.1796875 -8388.8876953 -8326.1660156 -8252.4794922 -8132.1347656
-8593.8212891 -8629.4101562 -8770.3300781 -8872.4531250 -8592.2880859 -8729.7568359 -8714.6210938 -8672.0205078 -8512.0527344 -8234.2744141
-8408.2226562 -8525.6093750 -8565.9863281 -8808.1220703 -8427.4189453 -8565.4257812 -8630.8945312 -8632.8134766 -8465.4072266 -8190.7241211
-8382.8320312 -8552.5185547 -8548.2480469 -8741.1943359 -8397.1083984 -8479.4755859 -8626.6630859 -8535.1357422 -8353.5996094 -8145.2661133
-8023.8579102 -8161.0322266 -8163.6533203 -8340.1933594 -8011.4990234 -8197.4013672 -8170.5815430 -8125.0976562 -7894.0024414 -7632.0776367
-8164.2504883 -8254.4091797 -8313.2480469 -8631.0957031 -8260.0410156 -8368.5263672 -8226.9228516 -8274.2695312 -8291.4160156 -7873.4111328
-7669.3623047 -7249.7666016 -7882.7700195 -8104.3759766 -7840.6240234 -7946.1855469 -7846.6650391 -7839.0288086 -7805.0961914 -7648.6406250
-8081.0683594 -7701.4169922 -8253.0869141 -8454.1708984 -8226.3134766 -8260.8378906 -8277.7695312 -8285.6152344 -8212.9130859 -8113.2841797
-8402.2705078 -8458.4980469 -8447.5048828 -8553.0517578 -8036.7119141 -8107.8803711 -8532.4980469 -8421.7949219 -7929.2739258 -8123.7368164
-7778.5087891 -8048.4038086 -8072.1542969 -8327.5117188 -7938.4965820 -7956.1879883 -8038.0424805 -8084.7133789 -7874.6948242 -7603.1479492
-7906.5532227 -8185.2421875 -8154.3374023 -8335.4316406 -7947.0136719 -8062.8125000 -8111.2641602 -8059.3134766 -7955.3745117 -7683.5673828
-8105.3066406 -8312.8837891 -8310.1318359 -8723.4453125 -8410.5429688 -8389.3300781 -8361.7832031 -8328.9072266 -8382.5341797 -8267.7500000
-8213.4882812 -8482.5595703 -8495.6904297 -8844.6474609 -8568.9951172 -8554.3427734 -8439.8613281 -8387.1962891 -8531.3535156 -8391.6884766
-8273.4453125 -8557.4433594 -8332.7070312 -8730.4267578 -8466.8613281 -8587.6601562 -8355.6533203 -8046.3745117 -8490.9423828 -8429.0029297
-8101.5937500 -8477.7304688 -8196.5527344 -8534.8212891 -8328.6884766 -8486.7402344 -8223.8242188 -7776.9936523 -8369.1416016 -8300.7812500
-8324.4873047 -8770.8925781 -8190.3725586 -8938.7998047 -8639.5449219 -8737.8300781 -8420.1562500 -8528.1748047 -8694.3740234 -8618.1445312
-8247.5488281 -8508.7597656 -7965.2153320 -8702.3603516 -8428.1093750 -8568.6347656 -8261.4638672 -8318.6503906 -8495.3203125 -8387.9736328
-7843.6923828 -8078.2958984 -7889.2163086 -8248.9746094 -7894.3833008 -7979.8374023 -7949.8627930 -7433.5424805 -7991.7724609 -7935.0024414
-8678.8232422 -8888.5410156 -8354.6425781 -9161.9062500 -8886.4013672 -8919.4609375 -8698.7919922 -8720.2802734 -8843.9677734 -8795.8291016
-8733.9931641 -8891.5136719 -8786.4257812 -9117.2626953 -8840.2109375 -8920.7236328 -8768.5634766 -8369.3613281 -8849.6435547 -8840.7812500
-8658.9814453 -8938.8359375 -8854.2675781 -9161.7646484 -8969.7773438 -9069.9091797 -8806.0332031 -8941.4755859 -8975.8007812 -8920.2089844
-8670.4228516 -8923.6044922 -8879.3847656 -9153.9482422 -8904.8007812 -8892.7841797 -8876.5908203 -8876.9726562 -8890.8505859 -8827.5400391
-8530.6240234 -8767.2128906 -8579.2626953 -8945.3886719 -8627.0468750 -8703.1572266 -8556.6582031 -8295.1416016 -8663.6230469 -8680.3847656
-8326.3691406 -8661.0908203 -8167.0058594 -8943.2128906 -8536.9931641 -8665.3134766 -8403.4316406 -8433.9873047 -8657.4082031 -8551.8623047
-8225.7089844 -8451.3339844 -7839.1088867 -8678.4824219 -8376.3183594 -8529.5244141 -8286.1201172 -8317.0478516 -8418.5810547 -8368.9316406
-9018.8261719 -9166.6074219 -8684.6767578 -9402.2626953 -9115.6474609 -9130.0996094 -9007.0048828 -8975.6630859 -9120.1992188 -9039.5166016
-8257.2871094 -8517.0205078 -7854.4584961 -8727.4833984 -8403.7880859 -8447.1015625 -8231.4384766 -8270.0429688 -8439.0576172 -8354.4902344
-8160.7929688 -8489.4218750 -8274.6796875 -8594.7763672 -8273.9335938 -8430.4716797 -8287.4326172 -7853.9350586 -8347.6289062 -8308.1816406
-8092.5473633 -8486.1367188 -8361.3173828 -8723.2744141 -8409.0078125 -8539.4433594 -8275.4794922 -8294.4082031 -8425.1855469 -8359.4326172
-8276.9785156 -8507.0595703 -8545.6767578 -8898.4492188 -8528.8261719 -8643.2431641 -8496.2998047 -8460.0605469 -8506.5009766 -8446.2060547
-8133.9511719 -8386.7597656 -7951.5136719 -8655.9189453 -8359.4785156 -8436.8798828 -8169.5605469 -8249.9306641 -8385.9091797 -8276.7529297
-7844.8574219 -8206.8173828 -7918.5122070 -8404.7373047 -8158.9765625 -8239.6806641 -7923.3627930 -7676.6132812 -8149.2573242 -8093.0693359
-8191.9218750 -8424.1240234 -8297.0830078 -8735.2431641 -8353.6347656 -8512.4189453 -8308.4755859 -7850.3618164 -8398.2099609 -8312.2197266
-8302.3281250 -8533.6914062 -7983.9272461 -8774.2832031 -8408.0830078 -8578.0458984 -8334.6220703 -8337.5185547 -8408.6787109 -8333.4755859
-8225.9589844 -8599.5195312 -7842.3339844 -8886.3916016 -8610.9130859 -8720.1308594 -8327.6259766 -8503.7421875 -8671.9082031 -8607.8828125
-7909.9804688 -8086.3466797 -7955.7602539 -8376.5019531 -8038.0947266 -8157.6464844 -7956.0908203 -7405.6406250 -8078.6796875 -7989.1259766
-8244.4736328 -8501.9462891 -8405.9804688 -8793.4560547 -8530.5791016 -8594.7177734 -8411.7705078 -8367.4960938 -8575.9501953 -8454.4570312
-8070.9345703 -8502.3808594 -8304.8798828 -8781.4355469 -8477.6660156 -8482.7910156 -8251.4794922 -8372.9062500 -8506.0175781 -8408.8623047
-8088.4589844 -8443.5673828 -8176.3784180 -8580.1787109 -8355.4677734 -8356.5810547 -8259.0146484 -7776.8110352 -8273.8662109 -8207.4863281
-8198.3740234 -8571.8125000 -7817.4711914 -8757.4042969 -8538.9970703 -8633.0781250 -8186.1103516 -8314.2080078 -8585.5556641 -8449.0781250
-8067.2773438 -8306.8027344 -7602.1127930 -8573.2734375 -8199.2558594 -8292.1660156 -8072.6577148 -8109.4013672 -8204.5605469 -8135.4248047
-7662.4536133 -7899.1425781 -7693.6748047 -8259.1943359 -7769.3686523 -7911.9824219 -7769.1010742 -7373.9858398 -7773.2685547 -7740.7456055
-8922.7148438 -9177.9765625 -8654.6542969 -9494.6191406 -9227.1220703 -9332.4521484 -8922.8798828 -9086.4355469 -9166.6572266 -9148.1767578
-8570.0869141 -8845.2636719 -8836.2880859 -9060.4853516 -8809.9619141 -8922.1455078 -8779.3242188 -8795.6025391 -8819.9599609 -8808.2890625
-8450.1748047 -8711.5751953 -8569.0771484 -9014.9687500 -8756.0009766 -8886.5332031 -8599.4755859 -8622.9404297 -8681.9462891 -8614.1650391
-8593.5722656 -8792.3271484 -8668.7373047 -8920.8427734 -8655.0576172 -8828.0058594 -8641.3505859 -8244.4042969 -8731.5439453 -8670.9316406
-8545.3261719 -8760.9003906 -8589.2812500 -9006.3662109 -8648.9404297 -8703.1181641 -8627.4287109 -8265.5732422 -8648.9394531 -8623.2841797
-7892.3740234 -8189.6757812 -7755.3374023 -8556.1083984 -8053.7758789 -8176.6030273 -7976.7353516 -7989.5937500 -8154.5024414 -7936.5371094
-7974.8051758 -8195.6699219 -8085.2978516 -8413.8798828 -8084.1997070 -8142.7099609 -8068.1494141 -7612.5834961 -8080.6367188 -8083.7836914
-7771.6860352 -8073.3730469 -7933.1323242 -8403.8349609 -8068.6679688 -8232.0732422 -8005.4453125 -7946.3022461 -8071.7548828 -7958.6767578
-8499.5468750 -8821.8623047 -8673.9765625 -9077.5253906 -8837.4804688 -8916.2578125 -8657.5478516 -8660.7734375 -8809.8183594 -8682.4941406
-8259.7109375 -8551.5185547 -8497.6660156 -8884.8759766 -8614.7509766 -8645.6054688 -8439.0068359 -8472.8974609 -8564.6669922 -8515.5751953
-7863.4370117 -8101.3227539 -7644.3100586 -8429.1171875 -8008.0678711 -8095.1372070 -7861.0351562 -7910.3144531 -8040.6010742 -7945.5229492
-8416.9189453 -8704.2363281 -8043.4926758 -8920.9726562 -8594.8193359 -8728.9736328 -8482.2109375 -8487.1953125 -8684.5742188 -8558.6445312
-8136.9057617 -8420.7207031 -8213.3222656 -8631.1230469 -8353.5673828 -8421.7070312 -8149.6606445 -7665.0961914 -8301.1699219 -8280.3984375
-8579.1162109 -8799.2919922 -8726.9833984 -9047.4472656 -8771.7919922 -8854.4814453 -8741.4404297 -8761.4931641 -8820.7138672 -8782.3808594
-8671.1074219 -8968.7841797 -8800.4218750 -9128.0146484 -8905.8310547 -9003.0869141 -8785.8437500 -8442.2207031 -8902.4804688 -8806.2343750
-8558.9775391 -8804.9707031 -8286.2607422 -8982.4150391 -8761.4238281 -8848.9707031 -8596.8789062 -8548.2949219 -8810.0625000 -8677.4804688
-8204.9130859 -8496.8769531 -8022.2578125 -8605.2050781 -8288.5302734 -8410.1464844 -8202.6005859 -8238.8066406 -8353.6494141 -8281.6142578
-8006.8803711 -8352.1064453 -8408.4726562 -8549.4042969 -8294.3671875 -8408.5390625 -8262.2880859 -8300.4150391 -8292.0312500 -8213.7431641
-7922.7641602 -8231.4218750 -8239.6806641 -8556.3750000 -8326.3066406 -8407.9580078 -8229.4863281 -8264.7441406 -8283.7724609 -8143.5590820
-8078.1967773 -8390.5908203 -8293.7236328 -8713.8593750 -8395.7294922 -8494.8212891 -8367.3769531 -8288.4794922 -8371.5517578 -8298.7353516
-8003.2016602 -8314.4853516 -8263.6308594 -8623.7460938 -8306.3457031 -8313.1083984 -8222.9755859 -8243.4082031 -8271.7656250 -8116.0922852
-8168.8520508 -8382.0068359 -8278.2919922 -8644.1425781 -8296.9042969 -8413.0820312 -8246.2724609 -7923.3569336 -8296.5976562 -8311.1708984
-8262.5156250 -8629.7480469 -7948.6767578 -8878.1728516 -8571.0107422 -8672.7080078 -8273.7636719 -8415.3662109 -8567.6113281 -8504.9140625
-7901.4375000 -8127.1406250 -7399.4628906 -8385.3681641 -8034.2368164 -8172.2314453 -7931.1962891 -7952.8251953 -8140.6367188 -8026.1909180
-7609.9189453 -7923.1020508 -7556.3608398 -8018.6875000 -7611.2412109 -7652.7231445 -7681.6210938 -7597.1845703 -7679.3588867 -7697.5185547
-8008.3344727 -8319.3642578 -7664.3271484 -8587.2656250 -8208.1503906 -8360.8310547 -8007.9257812 -8082.1855469 -8199.5097656 -8111.3618164
-8223.0996094 -8474.4980469 -8296.2187500 -8760.4560547 -8342.2109375 -8474.1962891 -8336.1044922 -7974.6835938 -8390.1669922 -8334.9160156
-8208.6083984 -8509.9492188 -8414.6640625 -8807.6757812 -8461.8769531 -8572.4580078 -8409.1142578 -8444.4824219 -8486.8046875 -8402.6933594
-8064.7495117 -8295.6865234 -8228.9980469 -8538.0585938 -8212.1601562 -8350.5361328 -8164.6826172 -7789.1157227 -8244.2197266 -8179.3549805
-7948.6401367 -8194.4365234 -8236.8037109 -8543.1142578 -8299.2460938 -8359.2490234 -8144.9716797 -8165.5698242 -8298.0019531 -8197.1787109
-7777.0219727 -8045.6791992 -7406.6147461 -8410.2666016 -7983.4545898 -8066.5551758 -7891.6767578 -7863.3471680 -8039.4809570 -7976.3354492
-7646.9726562 -7849.2006836 -7712.6826172 -8098.3593750 -7740.8427734 -7919.1879883 -7640.7954102 -7241.3266602 -7850.5625000 -7768.0434570
-8077.4370117 -8322.1962891 -8197.9189453 -8659.6083984 -8309.1503906 -8392.7548828 -8255.7236328 -8282.9101562 -8362.0771484 -8269.2626953
-7979.7929688 -8188.8618164 -8041.5073242 -8556.9238281 -8110.3735352 -8234.7900391 -8075.4907227 -7665.2431641 -8158.4687500 -8103.8291016
-8006.6718750 -8135.4804688 -7801.5180664 -8388.1074219 -8061.7832031 -8169.9829102 -7932.1025391 -8013.6752930 -8076.0546875 -8029.8945312
-7962.0815430 -8242.8730469 -7840.1674805 -8538.6123047 -8173.7690430 -8257.2578125 -8002.1166992 -7980.7758789 -8222.7753906 -8098.9599609
-8052.0795898 -8282.0048828 -8137.3320312 -8498.3144531 -8164.7426758 -8267.7734375 -8171.9819336 -7804.5371094 -8216.3916016 -8145.4946289
-7664.9536133 -7991.1176758 -7757.6625977 -8208.4130859 -7868.5712891 -8056.1840820 -7730.9711914 -7301.9897461 -7902.7041016 -7830.8168945
-7745.1435547 -8117.6259766 -8045.6323242 -8472.1367188 -8170.8798828 -8262.3896484 -7998.7451172 -8177.0976562 -8155.0185547 -8084.3725586
-7684.0141602 -8008.1948242 -7851.4785156 -8246.5693359 -7901.1845703 -7991.9433594 -7844.0791016 -7375.3579102 -7924.2983398 -7918.0751953
-7635.7709961 -7852.7133789 -7738.6733398 -8146.8979492 -7763.9350586 -7919.1435547 -7679.7612305 -7408.0009766 -7855.5698242 -7820.5883789
-7714.4335938 -8009.0048828 -7343.3251953 -8218.8056641 -7976.7089844 -8112.8793945 -7750.7612305 -7800.9838867 -7952.2983398 -7867.9267578
-7566.0166016 -7889.3583984 -7133.7128906 -8089.6240234 -7765.1025391 -7885.9047852 -7698.3945312 -7650.8334961 -7835.2124023 -7737.6953125
-7777.6821289 -8076.4145508 -7916.6513672 -8275.1298828 -8008.2412109 -8167.2387695 -7929.4155273 -7350.3129883 -8033.3686523 -8045.1347656
-8034.9882812 -8205.3671875 -8130.5732422 -8146.3920898 -7525.0332031 -7796.9941406 -8096.2070312 -8067.6958008 -7890.8403320 -7951.4702148
-8300.4697266 -8529.5527344 -8333.1308594 -8719.8056641 -8489.4287109 -8612.9335938 -8069.8027344 -8293.9853516 -8444.3281250 -8399.6640625
-8686.1201172 -8856.8808594 -8774.3476562 -8903.1621094 -8373.0097656 -8143.3510742 -8859.1533203 -8749.5400391 -8466.3339844 -8626.9003906
-8631.9267578 -8843.0966797 -8689.9101562 -8997.0498047 -8817.7001953 -8940.2119141 -8419.3994141 -8714.3935547 -8808.8837891 -8808.4326172
-9185.2666016 -9308.7714844 -9156.9619141 -9597.5419922 -9347.9492188 -9409.9609375 -8997.8515625 -9223.0566406 -9402.4267578 -9262.6201172
-8851.8183594 -9003.7919922 -8856.0605469 -9219.4638672 -8931.8593750 -9058.0312500 -8553.3945312 -8888.8808594 -8959.1494141 -8895.2626953
-8416.1708984 -8746.3603516 -8535.6777344 -8829.2880859 -8542.3681641 -8695.0654297 -8173.8989258 -8467.3076172 -8601.6865234 -8558.5478516
-8519.1201172 -8602.4990234 -8674.2597656 -8774.5498047 -8379.5537109 -8213.8837891 -8664.7490234 -8609.5888672 -8408.6142578 -8503.2109375
-8928.6220703 -9043.3417969 -9155.2265625 -9142.9365234 -8766.6220703 -8812.4589844 -9040.2226562 -9125.2900391 -8660.0771484 -8864.9921875
-8515.2861328 -8637.1376953 -8712.7441406 -8888.9980469 -8548.8115234 -8671.2646484 -8613.9091797 -8695.0048828 -8584.2148438 -8225.2031250
-8192.3779297 -8449.8789062 -8284.1943359 -8696.1162109 -8439.0566406 -8539.5488281 -8055.1396484 -8341.8935547 -8484.4814453 -8293.4335938
-8196.9951172 -8389.2539062 -8291.1562500 -8360.5800781 -7819.9697266 -7937.9023438 -8329.7607422 -8267.0810547 -7998.1850586 -8089.3457031
-9135.9619141 -9189.0634766 -9279.1562500 -9458.7705078 -9128.4316406 -9208.3056641 -9181.8320312 -9192.6513672 -9090.6103516 -8889.5009766
-8400.9179688 -8693.0888672 -8452.9228516 -8893.3291016 -8576.4726562 -8707.7460938 -8218.9580078 -8462.8007812 -8626.2919922 -8605.1191406
-8239.6982422 -7849.0151367 -8451.7695312 -8657.3750000 -8484.6708984 -8585.1269531 -8467.0458984 -8377.3066406 -8493.4189453 -8297.8056641
-8986.1259766 -9213.5986328 -9114.5283203 -9379.7675781 -9134.6054688 -9260.6210938 -8870.1250000 -9083.2568359 -9194.9335938 -9155.7548828
-8729.4580078 -8890.9257812 -8927.7226562 -9073.9482422 -8497.7363281 -8312.3681641 -8947.1757812 -8879.5869141 -8609.5722656 -8666.8730469
-8775.6015625 -8990.1640625 -8829.7324219 -9139.1855469 -8897.5849609 -9011.7480469 -8546.0625000 -8832.1669922 -8901.1855469 -8867.4062500
-8679.3369141 -9070.5898438 -8699.2421875 -9247.4267578 -8986.2099609 -9081.5351562 -8402.3408203 -8881.0703125 -8954.3818359 -8871.7324219
-8921.6533203 -9064.4970703 -9036.8447266 -9103.5136719 -8676.5830078 -8506.5273438 -9090.6503906 -9054.4531250 -8745.3339844 -8919.4208984
-9170.0488281 -9322.2470703 -9296.1484375 -9364.4248047 -8994.3125000 -9040.0439453 -9298.3134766 -9264.0322266 -8883.4384766 -9168.3085938
-8928.7968750 -9121.9521484 -9056.5332031 -9318.0097656 -9147.5019531 -9271.1025391 -8825.1445312 -9117.1708984 -9217.4277344 -9040.0322266
-8165.6308594 -8436.4257812 -8188.9912109 -8642.5703125 -8461.3447266 -8537.9140625 -7916.9287109 -8293.4541016 -8485.3935547 -8373.1875000
-8545.5302734 -8802.0185547 -8560.4589844 -8981.1523438 -8749.0087891 -8866.1054688 -8323.6884766 -8635.8320312 -8759.4257812 -8658.4589844
-9254.5966797 -9419.9951172 -9352.1181641 -9555.3154297 -9442.9335938 -9461.8398438 -9097.4541016 -9318.1308594 -9486.2031250 -9365.2275391
-8616.3212891 -8785.3984375 -8688.6503906 -9016.4970703 -8748.2539062 -8792.2792969 -8504.8261719 -8693.6884766 -8801.2851562 -8808.6015625
-8321.3378906 -8491.6953125 -8346.1318359 -8321.5546875 -8061.1582031 -8064.1459961 -8412.9667969 -8334.2470703 -8177.4863281 -8262.4443359
-8122.5400391 -8415.7441406 -8099.5048828 -8635.5507812 -8250.7060547 -8409.5126953 -7856.7065430 -8246.2373047 -8260.9472656 -8183.1342773
-8327.1904297 -8473.7148438 -8530.4218750 -8597.5039062 -8343.2441406 -8369.0468750 -8502.0488281 -8436.1025391 -8276.8720703 -8068.6943359
-7909.9013672 -8208.0019531 -8047.5380859 -8481.2060547 -8057.9365234 -8263.3125000 -7633.1147461 -8013.4306641 -8167.0205078 -8127.9560547
-7641.0571289 -8048.9282227 -7734.5541992 -8280.1035156 -7939.7773438 -8011.3408203 -7430.2353516 -7766.2807617 -7921.0727539 -7924.6542969
-9185.1904297 -9490.4697266 -9266.0322266 -9699.4931641 -9539.0947266 -9600.4042969 -9004.7480469 -9429.0449219 -9524.7509766 -9442.8486328
-8396.0410156 -8626.5712891 -8478.4755859 -8815.8173828 -8588.6386719 -8653.7158203 -8180.7895508 -8468.0634766 -8605.7343750 -8545.3564453
-7789.0610352 -8032.2407227 -7938.5156250 -7999.3774414 -7402.7416992 -7529.6918945 -7942.3730469 -7855.0639648 -7570.2885742 -7661.5966797
-8068.3637695 -8378.1445312 -8077.6831055 -8633.6171875 -8194.5976562 -8376.7568359 -7757.6435547 -8088.6142578 -8275.5107422 -8200.6376953
-7842.0288086 -7968.0097656 -8054.7412109 -8370.0195312 -7917.8203125 -7999.0742188 -7974.1215820 -7972.5844727 -7895.5092773 -7515.6025391
-7700.2612305 -8075.5244141 -7813.5444336 -8317.5576172 -8007.9765625 -8202.6777344 -7382.8417969 -7879.0781250 -8046.1542969 -7980.5424805
-9128.3398438 -9446.5927734 -9137.1367188 -9472.9697266 -9340.9277344 -9366.1542969 -8926.6650391 -9248.9804688 -9351.5136719 -9286.2558594
-7831.8632812 -7952.0996094 -8058.8369141 -7974.2416992 -7508.4350586 -7259.3066406 -7995.6186523 -8007.3002930 -7670.1821289 -7791.7070312
-8275.0859375 -8494.4326172 -8278.4111328 -8658.2910156 -8376.0927734 -8555.1796875 -8027.1894531 -8343.3066406 -8440.3330078 -8325.5878906
-7880.1933594 -8192.0839844 -8015.3886719 -8436.0341797 -8144.5444336 -8231.5595703 -7552.3583984 -7899.4272461 -8078.3613281 -7930.5297852
-9124.2626953 -9293.3740234 -9184.2812500 -9415.0205078 -9256.7041016 -9350.3398438 -8960.5644531 -9235.4384766 -9328.8427734 -9266.8896484
-7411.8437500 -7597.1855469 -7609.2080078 -7557.7812500 -6974.9892578 -7166.5751953 -7596.6049805 -7529.7919922 -7191.2875977 -7267.2275391
-7775.2202148 -7908.5092773 -7847.9301758 -7984.8544922 -7477.6538086 -7505.1582031 -7849.6264648 -7829.5507812 -7479.7958984 -7602.8627930
-7881.0854492 -7988.1962891 -7993.5268555 -8365.4453125 -7838.1220703 -7993.2670898 -8047.3574219 -8029.7094727 -7724.1279297 -7437.3671875
-7868.6274414 -8267.2265625 -7898.4140625 -8529.3310547 -8206.9560547 -8386.5458984 -7606.6645508 -8033.1459961 -8211.3828125 -8118.7075195
-7467.5581055 -6902.2822266 -7617.5024414 -7861.5297852 -7618.0610352 -7704.6059570 -7574.2128906 -7589.1791992 -7602.7568359 -7383.0737305
-7629.5996094 -8056.3901367 -7641.5415039 -8246.4462891 -8017.1777344 -8042.4501953 -7281.4409180 -7929.8261719 -7917.3393555 -7848.8510742
-8735.5507812 -8884.7236328 -8819.4511719 -7735.6567383 -8436.4814453 -8573.0751953 -8747.2080078 -8740.6513672 -8577.1933594 -8590.5566406
-8819.8242188 -8953.2773438 -8840.1328125 -7787.7348633 -8510.3701172 -8645.9873047 -8890.1464844 -8814.9052734 -8672.6152344 -8704.3496094
-8897.3710938 -9099.2421875 -9057.6328125 -9100.1650391 -8689.5869141 -8409.8994141 -9023.8759766 -9056.8115234 -8775.2460938 -8830.5205078
-8182.8432617 -8300.0664062 -8373.7480469 -8320.8945312 -7936.2734375 -7826.8876953 -8340.0244141 -8241.8085938 -7984.5107422 -8113.7377930
-8433.6406250 -8503.1562500 -8559.9941406 -8666.7041016 -8150.8276367 -7957.8818359 -8569.2832031 -8512.3876953 -8177.2128906 -8380.3095703
-8336.4511719 -8743.1279297 -8539.9853516 -8865.7871094 -8696.6689453 -8749.5556641 -8483.7587891 -8599.4726562 -8642.1425781 -8593.7451172
-8819.8613281 -8912.7519531 -9065.5996094 -8032.6533203 -8720.2861328 -8741.7304688 -8902.3828125 -8962.9628906 -8779.4140625 -8848.0927734
-9221.8291016 -9312.0009766 -9400.6484375 -8563.8496094 -9135.1015625 -9166.8398438 -9260.7919922 -9363.5712891 -9147.7158203 -9237.0507812
-8629.8896484 -8826.1347656 -8746.9140625 -8950.8671875 -8412.3564453 -8232.5488281 -8815.5458984 -8781.0097656 -8396.7734375 -8569.8164062
-8524.8388672 -8707.8125000 -8712.3710938 -8756.0937500 -8241.6474609 -8116.5458984 -8719.6835938 -8644.9414062 -8380.2939453 -8488.7304688
-8264.0205078 -8679.5156250 -8526.0644531 -8924.7802734 -8737.8076172 -8770.3750000 -8474.4521484 -8589.0224609 -8700.8037109 -8563.7929688
-8888.4052734 -8936.7988281 -8973.8261719 -9003.4833984 -8535.8623047 -8437.4648438 -8945.5097656 -8936.4316406 -8639.4541016 -8767.9492188
-8560.2802734 -8683.6914062 -8799.5136719 -7813.8334961 -8490.9443359 -8498.5517578 -8703.9697266 -8727.0263672 -8467.6923828 -8563.5185547
-9037.1035156 -9176.3115234 -9083.0634766 -9111.3554688 -8754.3574219 -8571.4804688 -9173.3105469 -9089.8007812 -8874.1074219 -9017.5234375
-8191.1357422 -8396.5488281 -8333.5234375 -8427.2402344 -7853.1445312 -7712.7094727 -8337.1367188 -8261.6484375 -7944.5502930 -8077.0268555
-8359.7734375 -8494.1181641 -8463.7392578 -8512.1201172 -7985.0083008 -8080.4399414 -8479.5810547 -8391.4531250 -8173.3491211 -8317.1914062
-8148.4931641 -8340.3076172 -8368.3085938 -8727.4873047 -8361.1044922 -8438.9365234 -8297.6425781 -8346.7099609 -8403.0517578 -8232.6650391
-8892.1669922 -9035.5390625 -8927.6025391 -8246.5029297 -8641.3964844 -8738.4912109 -8989.7294922 -8911.5732422 -8830.7617188 -8877.5283203
-8794.2792969 -8950.2519531 -8996.9121094 -9268.9931641 -8923.9667969 -8929.0126953 -9034.3437500 -9010.7001953 -8908.5244141 -8628.4687500
-8207.5527344 -8391.1191406 -8282.3994141 -8448.2177734 -7908.9804688 -7756.8671875 -8313.1328125 -8239.5068359 -7991.1420898 -8078.6806641
-8408.4335938 -8683.5039062 -8622.6679688 -8613.4472656 -8060.6367188 -8206.8496094 -8527.3750000 -8498.0703125 -8221.5908203 -8401.0185547
-8794.9375000 -8847.2597656 -8878.7099609 -8009.8291016 -8562.8505859 -8616.1845703 -8836.7519531 -8719.2783203 -8654.7792969 -8735.3818359
-8437.4951172 -8558.0595703 -8506.9257812 -8596.9257812 -8025.3066406 -7913.3847656 -8515.0927734 -8503.6787109 -8165.0766602 -8307.3916016
-8249.5468750 -8403.2929688 -8245.3701172 -8361.5468750 -7767.5957031 -7981.9169922 -8275.9111328 -8277.6103516 -7931.0571289 -8074.7636719
-8032.8876953 -8319.4873047 -8192.9697266 -8587.2656250 -8213.6142578 -8302.7753906 -8197.8818359 -8188.6469727 -8305.6523438 -8169.3110352
-8537.2685547 -8699.8339844 -8570.0458984 -8634.4931641 -8223.3935547 -8026.9379883 -8697.1230469 -8637.6552734 -8358.5087891 -8445.6640625
-9251.5195312 -9343.0185547 -9355.3222656 -9367.4931641 -8943.4248047 -8868.5830078 -9337.7724609 -9269.0009766 -9080.3867188 -9165.1298828
-9052.4277344 -9220.1250000 -9168.8417969 -9231.8955078 -8746.1210938 -8758.0849609 -9180.4746094 -9138.4531250 -8916.1191406 -9033.9599609
-8728.4228516 -8800.4150391 -8796.3613281 -8915.4042969 -8479.7109375 -8604.7714844 -8790.4169922 -8812.8642578 -8392.4902344 -8641.8095703
-8768.7705078 -8857.7470703 -8818.1923828 -8919.1083984 -8404.1269531 -8553.2001953 -8871.4882812 -8836.9248047 -8569.9980469 -8615.5136719
-8355.5937500 -8498.9775391 -8517.7451172 -8530.1406250 -8078.6318359 -7906.8696289 -8454.7314453 -8510.2353516 -8147.6572266 -8264.2636719
-8274.1113281 -8365.2666016 -8345.5849609 -8422.7324219 -7709.3720703 -8006.3471680 -8242.7519531 -8307.5234375 -8062.0976562 -8189.8212891
-8404.4628906 -8544.0996094 -8537.5429688 -7655.5122070 -8342.2138672 -8396.0048828 -8569.6914062 -8524.4365234 -8323.2001953 -8437.3066406
-8762.4072266 -8899.9326172 -8807.0292969 -8952.6718750 -8339.7402344 -8504.7197266 -8783.1777344 -8809.7548828 -8532.9814453 -8686.0136719
-8698.0058594 -8867.1591797 -8825.4404297 -8949.8447266 -8340.0283203 -8517.2724609 -8785.0292969 -8766.7207031 -8471.8769531 -8651.4101562
-9098.5136719 -9254.0693359 -9208.1611328 -9205.6708984 -8775.8896484 -8737.3632812 -9180.2978516 -9117.2060547 -8877.3085938 -9040.1806641
-8400.9130859 -8549.5371094 -8496.4648438 -8598.9052734 -8137.8022461 -7996.7729492 -8569.8007812 -8529.6005859 -8214.4550781 -8317.9013672
-8192.5312500 -8346.1630859 -8356.5966797 -8389.0283203 -7820.7929688 -7979.7983398 -8346.7744141 -8307.6562500 -7995.4531250 -8169.1723633
-8328.7021484 -8483.2011719 -8603.9033203 -7754.3891602 -8174.7202148 -8282.8310547 -8481.7529297 -8427.1689453 -8259.3730469 -8294.3808594
-9103.9072266 -9245.7763672 -9191.9121094 -9328.9658203 -8815.4257812 -8913.7265625 -9194.2041016 -9078.0087891 -8989.4414062 -9156.1113281
-9019.6103516 -9122.2050781 -9150.1406250 -9214.8867188 -8820.4833984 -8723.8544922 -9088.2597656 -9103.0078125 -8910.6962891 -8958.6992188
-8458.8281250 -8616.2490234 -8571.0751953 -8634.8955078 -8081.9575195 -8281.6640625 -8608.7880859 -8564.7656250 -8318.3623047 -8414.8251953
-8393.3916016 -8525.2578125 -8438.8115234 -8545.3662109 -8197.3164062 -8298.9951172 -8548.3691406 -8460.0361328 -8259.5009766 -8363.5185547
-8384.7402344 -8415.5175781 -8446.8251953 -7698.9389648 -8223.7216797 -8299.2099609 -8408.0771484 -8426.7949219 -8283.4990234 -8304.2333984
-8256.3867188 -8474.9130859 -8376.4980469 -8580.2734375 -7937.1748047 -7894.7153320 -8415.6113281 -8347.0439453 -8050.4379883 -8211.8427734
-8659.9638672 -8771.0957031 -8719.4052734 -8864.2998047 -8263.3857422 -8282.0156250 -8685.4091797 -8682.0400391 -8424.0664062 -8565.9140625
-8736.4892578 -8865.5048828 -8874.6103516 -8766.6513672 -8360.0029297 -8509.4716797 -8814.7822266 -8764.7812500 -8498.4941406 -8614.7226562
-8113.3789062 -8278.6953125 -8125.0224609 -8301.4746094 -7629.1699219 -7807.9418945 -8087.2197266 -8070.7954102 -7878.3598633 -8015.0092773
-8018.9487305 -8195.2246094 -8203.0771484 -8237.1298828 -7490.3691406 -7719.9838867 -8168.1982422 -8076.9682617 -7698.3291016 -7919.8574219
-8283.8544922 -8416.7509766 -8531.4013672 -7503.6000977 -8212.7568359 -8395.5585938 -8476.5673828 -8452.4248047 -8250.4785156 -8274.7685547
-8373.0644531 -8419.6484375 -8568.6123047 -7462.9760742 -8162.5122070 -8369.7880859 -8529.6943359 -8451.2197266 -8227.3935547 -8372.4101562
-8692.8945312 -8925.8574219 -8791.7666016 -8892.4208984 -8480.2958984 -8505.0263672 -8857.3369141 -8789.7656250 -8717.9589844 -8766.2724609
-8459.3867188 -8536.5537109 -8542.3437500 -8700.2402344 -8012.6264648 -8213.9072266 -8556.8955078 -8488.9931641 -8259.3134766 -8337.4414062
-8441.2275391 -8596.2851562 -8556.5312500 -8577.8398438 -8040.8867188 -7930.8613281 -8640.2441406 -8562.3642578 -8263.0087891 -8378.7929688
-8107.1323242 -8244.3613281 -8309.2324219 -8272.5390625 -7677.2143555 -7899.3295898 -8179.7519531 -8153.8691406 -7903.7539062 -8014.8110352
-8264.2568359 -8479.1738281 -8409.3652344 -7571.2084961 -8132.6254883 -8326.1406250 -8356.8759766 -8386.8291016 -8255.5830078 -8204.9404297
-8538.8212891 -8676.8564453 -8639.7294922 -8828.3925781 -8135.3989258 -8412.6201172 -8628.5976562 -8656.6953125 -8399.5166016 -8508.6318359
-8638.1494141 -8731.3330078 -8760.5781250 -7972.7587891 -8487.1201172 -8620.2363281 -8788.9335938 -8623.5927734 -8537.1513672 -8538.7880859
-8737.9794922 -8924.5380859 -8908.0068359 -9004.1416016 -8551.8935547 -8610.1357422 -8893.8623047 -8901.6875000 -8473.5683594 -8710.3271484
-8720.5039062 -8872.8359375 -8811.7060547 -8879.5986328 -8355.9521484 -8562.4902344 -8846.0976562 -8816.1132812 -8571.8994141 -8672.7128906
-8415.1914062 -8561.0585938 -8526.3281250 -8632.8339844 -8168.2397461 -8028.1572266 -8508.2207031 -8469.2763672 -8243.2724609 -8282.4375000
-8223.3574219 -8322.6923828 -8256.3974609 -8148.7402344 -7761.9599609 -7546.9013672 -8306.7236328 -8194.2695312 -8036.7172852 -8096.6469727
-8521.4003906 -8652.6464844 -8695.1962891 -7907.9208984 -8375.2412109 -8538.4902344 -8598.6240234 -8501.7226562 -8441.2812500 -8521.4472656
-8446.5234375 -8581.8994141 -8532.6835938 -8591.3310547 -8137.4838867 -7977.7031250 -8558.2275391 -8512.4541016 -8217.4648438 -8382.6943359
-8480.6630859 -8716.0693359 -8511.2539062 -8644.7500000 -8135.8159180 -7923.7797852 -8614.1142578 -8460.0800781 -8350.3750000 -8450.6669922
-8248.8369141 -8353.0400391 -8327.4521484 -8541.8535156 -7934.7534180 -7809.4682617 -8333.0087891 -8234.4082031 -8081.6748047 -8166.2089844
