-8098.5698242 -7759.4218750 -8252.1933594 -8438.9365234 -8296.1318359 -8451.2812500 -8301.0478516 -8338.2822266 -8261.2070312 -8129.4409180
-8056.9360352 -8297.3652344 -8291.0908203 -8567.4267578 -8244.1357422 -8324.5625000 -8293.7304688 -8238.6220703 -8217.9511719 -7995.2558594
-8071.4882812 -7716.4707031 -8286.9521484 -8449.8818359 -8290.1513672 -8458.1962891 -8279.2724609 -8257.8769531 -8268.4511719 -8052.4916992
-8272.5556641 -7687.9462891 -8378.3173828 -8622.5292969 -8416.8076172 -8567.7255859 -8372.8251953 -8408.7968750 -8370.4003906 -8257.2900391
-8034.0273438 -7668.5434570 -8172.4394531 -8432.5156250 -8247.3710938 -8315.4697266 -8170.6752930 -8215.5351562 -8167.8188477 -8076.2866211
-8320.2021484 -8412.5107422 -8442.1191406 -8382.3437500 -8142.9155273 -8183.9477539 -8383.3173828 -8397.3535156 -7921.2880859 -8272.9628906
-7887.6757812 -7349.7299805 -8008.5107422 -8262.6855469 -8043.8447266 -8203.6523438 -7994.4638672 -8054.2421875 -7978.8955078 -7927.2348633
-7891.6489258 -7497.4550781 -8122.5449219 -8315.2978516 -8127.1831055 -8264.3027344 -8129.5351562 -8126.2788086 -8053.4926758 -7841.8637695
-8290.9775391 -8457.8105469 -8395.3808594 -8521.6972656 -8120.4853516 -8182.8974609 -8527.0166016 -8299.4833984 -8027.1401367 -8278.3007812
-8443.7714844 -8588.3427734 -8597.3740234 -8875.8720703 -8551.7021484 -8654.2822266 -8565.8046875 -8580.5009766 -8615.2568359 -8264.6533203
-7940.9174805 -7531.2299805 -8075.6567383 -8211.6982422 -8100.4838867 -8236.9179688 -8154.6845703 -8100.6938477 -8022.2514648 -7989.6943359
-8001.5903320 -7451.2651367 -8080.1484375 -8367.4228516 -8149.7783203 -8316.3212891 -8183.6030273 -8131.0395508 -8068.8432617 -7956.2504883
-8243.3251953 -7775.7353516 -8391.1328125 -8524.4716797 -8350.0878906 -8439.0341797 -8355.0351562 -8324.9658203 -8310.1386719 -8205.2060547
-8243.4130859 -8323.7412109 -8353.0947266 -8435.7597656 -8091.1850586 -8142.4951172 -8387.8603516 -8376.9531250 -7858.8906250 -8255.5097656
-8787.5224609 -9008.2773438 -8944.3964844 -9056.9775391 -8666.3691406 -8671.9609375 -8880.1298828 -8914.2978516 -8476.6416016 -8771.3339844
-8224.3144531 -8284.7910156 -8292.2792969 -8372.3466797 -8021.0258789 -8087.8203125 -8291.4072266 -8295.4628906 -7910.5424805 -8138.7177734
-7866.9990234 -7468.7358398 -8057.3149414 -8339.2929688 -8077.3632812 -8231.8701172 -8010.5581055 -8049.7695312 -8009.9702148 -7903.4506836
-7646.4711914 -7166.7636719 -7798.3754883 -8037.9990234 -7855.4873047 -8042.3374023 -7867.9047852 -7831.2128906 -7770.7041016 -7667.5981445
-7736.1928711 -7325.0117188 -7945.3847656 -8148.3310547 -7880.1962891 -7967.6635742 -8076.4291992 -7879.2441406 -7883.5141602 -7743.8676758
-7884.5585938 -8064.9052734 -8031.5463867 -8193.1640625 -7749.2802734 -7823.2778320 -8047.3911133 -7999.4042969 -7592.0449219 -7839.9072266
-8154.7734375 -8308.6904297 -8310.5595703 -8419.6142578 -8009.6586914 -8076.5551758 -8264.2744141 -8289.4042969 -7789.8076172 -8165.4121094
-8093.8886719 -7706.9169922 -8288.6923828 -8538.7558594 -8268.0859375 -8386.8955078 -8258.7128906 -8177.2944336 -8228.9462891 -8123.3798828
-7596.6889648 -7276.0102539 -7780.2421875 -8067.3818359 -7798.6621094 -7899.3071289 -7783.1518555 -7821.6127930 -7714.3325195 -7669.8193359
-7648.8066406 -7149.3305664 -7713.8544922 -8006.0195312 -7792.1904297 -7894.6694336 -7703.3530273 -7761.0849609 -7708.4409180 -7599.8432617
-8072.7329102 -8208.4384766 -8161.5449219 -8296.5625000 -7896.6826172 -7932.8134766 -8133.4770508 -8139.2202148 -7801.0307617 -8068.1689453
-8023.7993164 -7613.3891602 -8251.8876953 -8553.8251953 -8171.9560547 -8255.0029297 -8198.0263672 -8251.2167969 -8151.8764648 -8054.1313477
-7724.4116211 -7423.6181641 -7942.0117188 -8280.7880859 -7923.5253906 -8131.8754883 -7908.6347656 -7910.9125977 -7935.1596680 -7767.8422852
-7636.6064453 -7261.0708008 -7907.4565430 -8071.4062500 -7833.4541016 -7994.0620117 -7901.2104492 -7910.3789062 -7793.9257812 -7622.0488281
-8440.5468750 -8607.2949219 -8619.7158203 -8561.4375000 -8211.6767578 -8212.5107422 -8586.4072266 -8526.9931641 -8136.4526367 -8436.4716797
-7801.5034180 -7893.1191406 -7965.8364258 -8179.1440430 -7880.8242188 -8062.6948242 -8001.5493164 -8006.1606445 -7905.0131836 -7612.7900391
-7862.5751953 -7596.5200195 -8084.2294922 -8299.0605469 -8059.6982422 -8190.3037109 -8042.0786133 -8130.7148438 -8008.9487305 -7882.3022461
-7974.0722656 -7609.0551758 -8155.1499023 -8441.6054688 -8197.5244141 -8382.2978516 -8127.5048828 -8175.4736328 -8202.9716797 -8027.7900391
-8087.4433594 -8309.2646484 -8189.4326172 -8363.8779297 -7909.8334961 -7997.0068359 -8241.5341797 -8206.3691406 -7833.6586914 -8066.6386719
-7854.6230469 -8016.9389648 -8037.5151367 -8266.2763672 -7957.7885742 -8086.8139648 -8029.0307617 -8029.1391602 -7885.9628906 -7670.3359375
-8534.9648438 -8671.4355469 -8631.5517578 -8959.0126953 -8632.4384766 -8763.9101562 -8712.8457031 -8643.9687500 -8668.1259766 -8337.6962891
-8069.5053711 -8190.1313477 -8126.3232422 -8236.0458984 -7849.6791992 -7835.9667969 -8186.5209961 -8067.0341797 -7709.1904297 -8010.8876953
-8067.6943359 -8223.6542969 -8176.8281250 -8290.2275391 -7936.7802734 -8078.7041016 -8192.9814453 -8159.2592773 -7800.9262695 -8088.8613281
-8191.0312500 -8446.3662109 -8359.0859375 -8376.4072266 -7950.6640625 -8043.8925781 -8349.6884766 -8297.4531250 -7720.0097656 -8132.2841797
-7987.2514648 -8099.8862305 -8085.9326172 -8421.0810547 -8066.0336914 -8232.0361328 -8105.0903320 -8169.3505859 -8087.5053711 -7638.9150391
-8038.3427734 -8242.1962891 -8172.1425781 -8342.1767578 -7843.3564453 -7896.3266602 -8219.1542969 -8111.8105469 -7735.4897461 -8029.9375000
-8101.1582031 -8257.2373047 -8211.1875000 -8256.3818359 -7856.2490234 -7900.8320312 -8188.3876953 -8135.6289062 -7758.0629883 -8014.1684570
-7759.5219727 -7934.5537109 -7983.9233398 -8273.5341797 -7948.7070312 -8076.7280273 -7942.2993164 -8006.6406250 -7856.2797852 -7537.1767578
-7875.5683594 -7933.4721680 -8055.6796875 -8338.4257812 -8021.1572266 -8099.4160156 -8005.1953125 -8037.0478516 -7929.2861328 -7598.8540039
-8054.6796875 -7751.8940430 -8255.1679688 -8454.2031250 -8210.1972656 -8383.8310547 -8198.2021484 -8252.8583984 -8207.8173828 -8001.6616211
-8201.3515625 -8179.4150391 -8298.9482422 -8514.7451172 -8009.7910156 -8149.6635742 -8319.0957031 -8298.6542969 -7879.6191406 -8178.7099609
-7939.8437500 -8132.4003906 -8154.4233398 -8220.1152344 -7915.6679688 -8031.9750977 -8193.0654297 -8044.2700195 -7746.7949219 -7964.7250977
-8287.1435547 -8403.0117188 -8437.6044922 -8481.9482422 -8033.9394531 -8105.7617188 -8382.3105469 -8345.9316406 -7838.1469727 -8210.4316406
-8083.6337891 -7657.2270508 -8287.9199219 -8415.9658203 -8243.7158203 -8474.9511719 -8279.1132812 -8275.6533203 -8226.8222656 -8091.9604492
-8323.6582031 -8461.0019531 -8399.6738281 -8547.9931641 -8135.6474609 -8121.9584961 -8426.4111328 -8413.4531250 -7847.1630859 -8229.9531250
-8190.0493164 -8371.9785156 -8321.6054688 -8457.5800781 -8031.0903320 -8126.6694336 -8286.9365234 -8267.2363281 -7867.5742188 -8148.3994141
-8110.7666016 -8326.5087891 -8258.2207031 -8321.2656250 -7936.8466797 -7969.8261719 -8205.9296875 -8166.0004883 -7792.4057617 -8098.0527344
-8291.6533203 -8436.6650391 -8445.0644531 -8734.4980469 -8361.3759766 -8467.6113281 -8403.0048828 -8415.1953125 -8321.4970703 -8023.7270508
-7592.7866211 -7739.1259766 -7853.3984375 -8190.4033203 -7752.9638672 -7866.4111328 -7774.8037109 -7819.3930664 -7692.5356445 -7413.9355469
-8418.6503906 -8480.0400391 -8602.7412109 -8812.1738281 -8538.5996094 -8686.9580078 -8572.3388672 -8563.2529297 -8521.4443359 -8243.7089844
-8184.2895508 -8296.1972656 -8280.4882812 -8442.1582031 -8200.2812500 -8337.4560547 -8290.8398438 -8270.4091797 -8178.3535156 -7941.5615234
-8431.4384766 -8589.2353516 -8551.7705078 -8769.7763672 -8547.2675781 -8655.5908203 -8550.6728516 -8544.3613281 -8551.0781250 -8279.7285156
-8185.2763672 -8153.4145508 -8278.8593750 -8492.8496094 -8174.1904297 -8244.5615234 -8269.3642578 -8225.6308594 -8175.5615234 -7933.1674805
-8235.5029297 -8412.4316406 -8467.5166016 -8632.3486328 -8337.8750000 -8463.9287109 -8401.9863281 -8340.4179688 -8313.8564453 -8081.8999023
-8138.4848633 -8268.7919922 -8333.6162109 -8611.5000000 -8128.1684570 -8311.2763672 -8283.4414062 -8231.8974609 -8118.7968750 -7778.7641602
-8247.3603516 -8403.9824219 -8509.7578125 -8812.9628906 -8410.7841797 -8498.2773438 -8348.1777344 -8453.6767578 -8419.2500000 -7986.8212891
-7615.2592773 -7110.1284180 -7842.7280273 -8083.7246094 -7803.1035156 -7925.9497070 -7706.1250000 -7764.3325195 -7808.8427734 -7664.6274414
-7812.4199219 -7534.6865234 -8021.3374023 -8253.6230469 -8000.1293945 -8065.8837891 -8070.9599609 -8011.0844727 -7967.4560547 -7861.6630859
-8020.4335938 -8129.0498047 -8097.7080078 -8260.5136719 -7840.8164062 -7964.4912109 -8191.9340820 -8054.4531250 -7719.9975586 -7952.4003906
-7757.5419922 -7924.0317383 -7887.6977539 -8194.3867188 -7850.0639648 -7900.8447266 -7924.8154297 -7917.5141602 -7782.1396484 -7524.9345703
-7905.5009766 -8070.9619141 -8046.5292969 -8370.0458984 -8036.6630859 -8144.2275391 -7983.6645508 -8192.6757812 -8050.0107422 -7758.6748047
-8520.6269531 -8745.9785156 -8684.3691406 -8989.0937500 -8733.2607422 -8879.5419922 -8700.0898438 -8731.6181641 -8759.4755859 -8660.3222656
-8336.5195312 -8591.5957031 -8532.7929688 -8904.8759766 -8633.9941406 -8736.9492188 -8510.7382812 -8606.1308594 -8631.0927734 -8525.3857422
-8253.0097656 -8518.1269531 -8276.5810547 -8623.6523438 -8308.6425781 -8400.2939453 -8304.5869141 -7890.2871094 -8292.9902344 -8370.3759766
-8007.2875977 -8313.5673828 -8062.3105469 -8478.8486328 -8323.8505859 -8399.4404297 -8193.9062500 -7749.9438477 -8279.1289062 -8161.2641602
-7970.8754883 -8267.0332031 -7750.8540039 -8525.9863281 -8224.7353516 -8321.4677734 -8081.4755859 -8154.8198242 -8187.9575195 -8164.8789062
-8263.7968750 -8662.9072266 -7990.4770508 -8838.3583984 -8503.9833984 -8585.9101562 -8376.7773438 -8413.3662109 -8442.6181641 -8481.4677734
-7755.1743164 -8077.5219727 -7826.5927734 -8164.9311523 -7875.7885742 -7955.6049805 -7810.5634766 -7465.0444336 -7869.5078125 -7815.7963867
-8553.9326172 -8769.9091797 -8276.8193359 -9050.8115234 -8744.6240234 -8823.2080078 -8548.6767578 -8593.5058594 -8778.0419922 -8697.0966797
-8780.1767578 -9000.6113281 -8828.0410156 -9134.3105469 -8909.0175781 -9072.3974609 -8872.2158203 -8510.0595703 -8886.8603516 -8975.4326172
-8727.4570312 -9015.9580078 -8906.0273438 -9198.8369141 -8975.3613281 -9100.0292969 -8944.5009766 -8935.4472656 -9007.6201172 -8956.2978516
-8777.4414062 -9041.6982422 -8950.1162109 -9275.1806641 -8965.2255859 -8987.6113281 -8964.3769531 -8925.9287109 -8928.2412109 -9004.2763672
-8629.1826172 -8862.7832031 -8665.2695312 -9108.6347656 -8851.7216797 -8955.6064453 -8682.2285156 -8380.1464844 -8796.6083984 -8792.2783203
-8212.9345703 -8558.2705078 -8062.3999023 -8722.3750000 -8402.2128906 -8494.2597656 -8286.0722656 -8195.7167969 -8394.1103516 -8417.8652344
-8244.8349609 -8509.6943359 -7949.2050781 -8813.7978516 -8480.7363281 -8580.7412109 -8317.2783203 -8273.2275391 -8505.0566406 -8369.7529297
-8858.5996094 -9115.9169922 -8558.0322266 -9279.6601562 -8971.4404297 -9022.2304688 -8893.6914062 -8871.6259766 -9053.1318359 -8992.0595703
-8133.9311523 -8380.1601562 -7787.3583984 -8597.0068359 -8259.6093750 -8455.7324219 -8147.3159180 -8164.5532227 -8290.6728516 -8307.1416016
-8117.5625000 -8344.1875000 -8159.1669922 -8519.5859375 -8177.1562500 -8277.1796875 -8244.5058594 -7913.1035156 -8247.5810547 -8219.9033203
-8081.5200195 -8299.1201172 -8289.9687500 -8670.5644531 -8439.4443359 -8557.1279297 -8327.1914062 -8295.7519531 -8418.3046875 -8300.7636719
-8134.5087891 -8331.1093750 -8313.8750000 -8566.2744141 -8339.9375000 -8427.3984375 -8320.8271484 -8350.2568359 -8299.6611328 -8245.3564453
-8124.7294922 -8295.3603516 -7782.5297852 -8591.4521484 -8321.8076172 -8432.6035156 -8139.7231445 -8191.5117188 -8341.4101562 -8266.9560547
-7933.6557617 -8148.0639648 -7941.9360352 -8399.3886719 -7970.2929688 -8136.9150391 -8051.7250977 -7549.5419922 -8021.8950195 -7958.3261719
-8148.0419922 -8355.2441406 -8237.9853516 -8634.1523438 -8311.3554688 -8428.1855469 -8235.6923828 -7855.2680664 -8298.8056641 -8250.5429688
-8236.4648438 -8465.1875000 -7952.0522461 -8828.3339844 -8528.2714844 -8692.6621094 -8355.7470703 -8298.4072266 -8510.7919922 -8426.1572266
-8116.3129883 -8468.8261719 -7711.3305664 -8609.2470703 -8335.7890625 -8384.2451172 -8185.3120117 -8144.8730469 -8328.5263672 -8361.4804688
-7861.1083984 -8121.8652344 -7890.3520508 -8367.3505859 -8024.8115234 -8130.9609375 -8028.2011719 -7478.7709961 -7987.5146484 -7941.0839844
-7918.9345703 -8217.9765625 -8146.5566406 -8540.8164062 -8280.1953125 -8329.5253906 -8177.5502930 -8173.9023438 -8317.7607422 -8173.0561523
-8144.3281250 -8385.1865234 -8427.8720703 -8693.0888672 -8402.7246094 -8572.7031250 -8368.1865234 -8363.5537109 -8404.1650391 -8315.4531250
-8203.9746094 -8478.5039062 -8290.6435547 -8698.6796875 -8396.0839844 -8494.0478516 -8392.8027344 -7911.7167969 -8438.4843750 -8340.6611328
-7900.4296875 -8276.7558594 -7666.6513672 -8478.0400391 -8238.4873047 -8310.3769531 -8054.1000977 -8065.1967773 -8239.3466797 -8080.7983398
-7841.8886719 -8061.2529297 -7346.0668945 -8229.3320312 -7961.6640625 -8062.9736328 -7807.2026367 -7812.9541016 -8010.1030273 -7859.8413086
-7591.8945312 -7877.6728516 -7730.4169922 -8018.2968750 -7708.2021484 -7848.6025391 -7710.6791992 -7328.6264648 -7683.6416016 -7656.5703125
-8303.4863281 -8506.6777344 -8104.0654297 -8701.6025391 -8539.2949219 -8619.9267578 -8356.9736328 -8390.9179688 -8483.9091797 -8421.2548828
-8648.3134766 -8982.8183594 -8784.3544922 -9169.2480469 -8937.2167969 -9014.8710938 -8848.5605469 -8841.8945312 -8902.6660156 -8813.0097656
-8258.2382812 -8564.9863281 -8491.7500000 -8895.5810547 -8564.8173828 -8572.9414062 -8523.9648438 -8515.7080078 -8566.5966797 -8444.9042969
-8484.4150391 -8677.3906250 -8494.6308594 -8873.5820312 -8653.6162109 -8754.1015625 -8638.1513672 -8225.8789062 -8530.5869141 -8571.2822266
-8612.4384766 -8850.0722656 -8633.5605469 -9067.3740234 -8813.2714844 -8879.6201172 -8737.0722656 -8369.6503906 -8787.4677734 -8691.2158203
-7936.5249023 -8175.2739258 -7867.0058594 -8474.0576172 -8151.5512695 -8319.3408203 -8049.6655273 -8078.1840820 -8200.0410156 -8135.1425781
-7759.4912109 -7964.5258789 -7865.1914062 -8180.9340820 -7923.6279297 -8017.4526367 -7901.6840820 -7398.6582031 -7893.8955078 -7847.6030273
-7707.4223633 -8047.3789062 -7993.8295898 -8364.1328125 -8036.3002930 -8153.7011719 -7865.8535156 -7968.4985352 -7971.9790039 -7841.6342773
-8544.0527344 -8827.8212891 -8748.5361328 -9032.3994141 -8789.5556641 -8938.0058594 -8761.0654297 -8697.6279297 -8760.4042969 -8766.4921875
-8326.3632812 -8651.1679688 -8549.4199219 -8870.3808594 -8641.7392578 -8728.4052734 -8587.6289062 -8524.0195312 -8656.3281250 -8466.1210938
-7822.1430664 -8062.2397461 -7577.5502930 -8342.6855469 -8115.5273438 -8153.5625000 -7835.8110352 -7809.7963867 -8072.0776367 -8037.4550781
-8266.8085938 -8442.6435547 -7946.4101562 -8621.8193359 -8296.7822266 -8383.5009766 -8229.9726562 -8277.2431641 -8373.4589844 -8336.9775391
-7907.9326172 -8066.1318359 -7965.7177734 -8325.0009766 -8040.8989258 -8155.5336914 -7986.9355469 -7586.7885742 -8032.6914062 -8014.7324219
-8446.9462891 -8767.0898438 -8643.7802734 -9038.3828125 -8769.0380859 -8869.2636719 -8626.0078125 -8662.1347656 -8770.9521484 -8694.1357422
-8565.2294922 -8756.5927734 -8610.7041016 -8935.7734375 -8656.4755859 -8784.0214844 -8619.5224609 -8329.3095703 -8677.2509766 -8650.7988281
-8265.1074219 -8514.5791016 -8058.4091797 -8693.1474609 -8405.2958984 -8484.6396484 -8264.2314453 -8315.2343750 -8350.5019531 -8377.1093750
-8280.5546875 -8501.7890625 -8099.1694336 -8660.9951172 -8533.9228516 -8624.6240234 -8328.9433594 -8278.8740234 -8496.6005859 -8471.1386719
-7828.7524414 -8162.7495117 -8026.6342773 -8292.7763672 -8041.0395508 -8168.6035156 -8015.0825195 -8045.2045898 -8097.9687500 -7934.0253906
-8069.2124023 -8416.2880859 -8279.2080078 -8673.2744141 -8324.2314453 -8495.4785156 -8314.4228516 -8356.7294922 -8366.7695312 -8221.0009766
-8019.3378906 -8387.9863281 -8216.5800781 -8474.4707031 -8251.1572266 -8415.2802734 -8165.1152344 -8204.7763672 -8213.8173828 -8190.7724609
-7744.9008789 -8003.5141602 -7892.4951172 -8300.1865234 -8001.1699219 -8169.4829102 -7899.6015625 -7915.7348633 -8029.6757812 -7976.9365234
-8136.5239258 -8415.4492188 -8269.6953125 -8632.5302734 -8270.3964844 -8342.8828125 -8356.4384766 -7937.5498047 -8299.2744141 -8243.5761719
-7893.8911133 -8084.9560547 -7705.1274414 -8388.0126953 -8144.3159180 -8200.1718750 -7893.5507812 -7948.0083008 -8050.2651367 -7990.7548828
-7827.5151367 -8076.2412109 -7400.7197266 -8269.9267578 -7972.9531250 -8073.4887695 -7863.2866211 -7826.4858398 -7942.4570312 -7912.4487305
-8012.2260742 -8217.8017578 -7874.1796875 -8324.8115234 -7916.4399414 -7872.2949219 -8083.7587891 -7816.8461914 -8094.6582031 -8014.3457031
-7957.7524414 -8219.8203125 -7719.3168945 -8391.3349609 -8066.9804688 -8156.2070312 -7975.9208984 -7972.0600586 -7971.9584961 -8068.8774414
-8191.0419922 -8468.8769531 -8230.1406250 -8677.1210938 -8352.7412109 -8402.8535156 -8184.4174805 -7854.4458008 -8399.2763672 -8290.6025391
-8084.9326172 -8400.3906250 -8292.7236328 -8736.7880859 -8423.0947266 -8523.2763672 -8302.2421875 -8273.0537109 -8338.3857422 -8273.7675781
-8121.1259766 -8394.6562500 -8221.4843750 -8554.9101562 -8245.6757812 -8340.7431641 -8183.3076172 -7885.8222656 -8198.0478516 -8239.7548828
-7800.5883789 -8075.8886719 -7974.9951172 -8349.5683594 -8093.6113281 -8206.4365234 -8057.2470703 -8083.6640625 -8042.9711914 -8057.4287109
-7869.2451172 -8186.6469727 -7562.6333008 -8376.9384766 -8074.0854492 -8148.3408203 -7903.1474609 -7938.9418945 -8061.9165039 -8038.2744141
-7683.4443359 -7987.7080078 -7733.4238281 -8109.6606445 -7832.2700195 -8011.1035156 -7829.6738281 -7410.5791016 -7812.9843750 -7806.6586914
-8091.5283203 -8503.8369141 -8314.2050781 -8769.4794922 -8440.4931641 -8524.2255859 -8282.3056641 -8315.8701172 -8434.6621094 -8316.8105469
-7971.4458008 -8230.9208984 -8028.6713867 -8400.4228516 -8115.5053711 -8157.0078125 -8061.8408203 -7621.7915039 -8089.8496094 -8049.0639648
-7730.1044922 -7998.5629883 -7605.4243164 -8269.5244141 -7913.5483398 -8059.1596680 -7849.9648438 -7694.4345703 -7989.8891602 -7886.6352539
-8023.8007812 -8361.5458984 -7859.8085938 -8479.1845703 -8128.6440430 -8252.1601562 -8057.2329102 -8064.8979492 -8212.2353516 -8131.3637695
-8150.4624023 -8319.9658203 -8125.2861328 -8605.2246094 -8273.7958984 -8349.6699219 -8293.2988281 -7789.9975586 -8308.1406250 -8310.5312500
-7630.7104492 -7855.4531250 -7724.9658203 -8217.6123047 -7921.8759766 -8044.6625977 -7775.6791992 -7276.5263672 -7891.1621094 -7788.7993164
-7709.8549805 -8159.1879883 -7966.1850586 -8429.3085938 -8089.9003906 -8243.4765625 -7968.2851562 -8011.8217773 -8028.0649414 -7952.5703125
-7827.3916016 -8094.8823242 -7907.3979492 -8328.4980469 -7969.0527344 -8122.7314453 -7901.9770508 -7552.3818359 -7925.4956055 -7901.5688477
-7662.7744141 -7971.7270508 -7666.4868164 -8042.7114258 -7780.3144531 -7832.9204102 -7687.9843750 -7297.8442383 -7758.4536133 -7800.5600586
-7626.9736328 -7957.9990234 -7300.4731445 -8162.0654297 -7842.5981445 -7934.4262695 -7643.5288086 -7776.3374023 -7865.7646484 -7813.8012695
-7607.9897461 -7877.7983398 -7235.8027344 -8159.9829102 -7842.7602539 -8011.5053711 -7674.6059570 -7666.8447266 -7835.7158203 -7747.0014648
-7550.1127930 -7762.7817383 -7570.6669922 -8068.4760742 -7603.1386719 -7751.0898438 -7630.1250000 -7133.2871094 -7617.8520508 -7621.8344727
-7945.1699219 -8150.5019531 -7961.2929688 -8037.2080078 -7566.5527344 -7708.5273438 -8053.8842773 -7966.4135742 -7780.6245117 -7966.5883789
-8340.2978516 -8558.4189453 -8343.5556641 -8840.7402344 -8595.9267578 -8654.5625000 -8015.8188477 -8485.4355469 -8495.7187500 -8470.3652344
-8604.3789062 -8795.4033203 -8679.9511719 -8751.8935547 -8263.2050781 -8103.9965820 -8752.1093750 -8671.7529297 -8338.3408203 -8546.2763672
-8560.2275391 -8784.6191406 -8486.4316406 -8967.8027344 -8643.1269531 -8718.1630859 -8257.5146484 -8538.4082031 -8628.2431641 -8615.7871094
-9058.9052734 -9226.2099609 -9003.2675781 -9453.2470703 -9198.2568359 -9249.9804688 -8776.2548828 -9106.9746094 -9168.2294922 -9148.8710938
-8748.3808594 -8984.4785156 -8808.5341797 -9064.3027344 -8866.4453125 -8990.9931641 -8575.1777344 -8766.1230469 -8899.7480469 -8836.4863281
-8254.1865234 -8545.0664062 -8343.6220703 -8880.9980469 -8606.6308594 -8683.5185547 -8110.2890625 -8385.9384766 -8552.9589844 -8456.6250000
-8561.4990234 -8738.5371094 -8652.2685547 -8644.7636719 -8191.4560547 -8086.9443359 -8670.9589844 -8640.9130859 -8326.9804688 -8546.6259766
-8801.1269531 -8840.8105469 -8868.3095703 -8952.3554688 -8539.8583984 -8667.0136719 -8877.4921875 -8772.4570312 -8531.1015625 -8703.8076172
-8561.0458984 -8701.0654297 -8758.2744141 -8910.5664062 -8567.1523438 -8717.8535156 -8638.5810547 -8647.8105469 -8598.0839844 -8385.0683594
-8320.5869141 -8540.7548828 -8420.3994141 -8834.7744141 -8592.4843750 -8677.3251953 -8142.3281250 -8517.2021484 -8562.2382812 -8516.6621094
-8195.2861328 -8328.9863281 -8327.1103516 -8378.6259766 -7830.5332031 -7979.1997070 -8326.5839844 -8268.2666016 -8045.9472656 -8131.5683594
-9136.8466797 -9252.2607422 -9287.6718750 -9420.5302734 -9131.3496094 -9249.5302734 -9219.1738281 -9231.7988281 -9164.5078125 -8990.5273438
-8402.3613281 -8559.8427734 -8491.0273438 -8819.3066406 -8639.0781250 -8710.9785156 -8143.1640625 -8439.5244141 -8547.8447266 -8472.8613281
-8394.2460938 -8018.1420898 -8606.2431641 -8857.5625000 -8617.4208984 -8758.6074219 -8504.7382812 -8594.1767578 -8592.8388672 -8453.2402344
-9073.8916016 -9226.8720703 -9125.3212891 -9500.2167969 -9305.3935547 -9328.0390625 -8869.8935547 -9164.6269531 -9278.0302734 -9174.6787109
-8598.2792969 -8723.2490234 -8636.6718750 -8820.0263672 -8356.4101562 -8209.5957031 -8699.4160156 -8610.0625000 -8397.3037109 -8593.7167969
-8970.1679688 -9099.6484375 -9008.1718750 -9318.2656250 -9168.3056641 -9258.0527344 -8673.7832031 -9046.0292969 -9127.6484375 -9057.0039062
-8442.9023438 -8616.6972656 -8447.3955078 -8867.5039062 -8600.7001953 -8659.3027344 -8097.5683594 -8590.8632812 -8573.8789062 -8521.4423828
-9084.7451172 -9270.2041016 -9066.8476562 -9182.8369141 -8807.9218750 -8619.0898438 -9204.0859375 -9047.4755859 -8922.5312500 -9029.4648438
-8868.0917969 -8994.0703125 -8987.7968750 -9040.8525391 -8677.1445312 -8708.7402344 -8944.4492188 -8928.4345703 -8585.3310547 -8863.4394531
-9092.1562500 -9350.6328125 -9081.5791016 -9535.5039062 -9242.5507812 -9296.2060547 -8887.3066406 -9264.4902344 -9223.4501953 -9181.9199219
-7993.2456055 -8306.9062500 -8041.6533203 -8506.8955078 -8259.9648438 -8381.4277344 -7845.4023438 -8125.4511719 -8254.5673828 -8121.0112305
-8427.7089844 -8694.6328125 -8494.2226562 -8846.6630859 -8617.7666016 -8698.6308594 -8225.4335938 -8562.1025391 -8607.5996094 -8519.7597656
-9122.2265625 -9339.1845703 -9124.4677734 -9430.2656250 -9237.6640625 -9283.1103516 -8906.2011719 -9237.5537109 -9230.4384766 -9176.4199219
-8533.8632812 -8791.5791016 -8585.7363281 -8999.4824219 -8701.8867188 -8902.7460938 -8422.9091797 -8596.4257812 -8713.0664062 -8646.6152344
-8184.2470703 -8402.4189453 -8261.6210938 -8312.8671875 -8052.7861328 -7984.8125000 -8304.9902344 -8232.6328125 -8070.3896484 -8149.5146484
-8154.0512695 -8361.7958984 -8080.4233398 -8569.1904297 -8241.7109375 -8350.1845703 -7847.7333984 -8275.0253906 -8233.8515625 -8166.2031250
-7851.4121094 -8010.7568359 -8046.0761719 -8368.5917969 -8015.4560547 -8109.7221680 -7996.6337891 -7953.5034180 -7951.0068359 -7681.8339844
-7682.6284180 -7964.4707031 -7740.9165039 -8215.9062500 -7874.5576172 -8056.2836914 -7427.3217773 -7807.4482422 -7880.6469727 -7783.4316406
-7652.8344727 -7947.5473633 -7718.5629883 -8222.4550781 -7882.1894531 -8014.9541016 -7406.7377930 -7770.4350586 -7839.5322266 -7785.0209961
-9006.9990234 -9117.3691406 -9052.5566406 -9335.0205078 -9140.2031250 -9207.6943359 -8790.5498047 -9082.3017578 -9132.8134766 -9098.7187500
-8282.2128906 -8537.5878906 -8349.2910156 -8720.4511719 -8471.6445312 -8577.2490234 -7938.6303711 -8430.3623047 -8505.7119141 -8377.2421875
-7522.8696289 -7718.1054688 -7710.6513672 -7811.1181641 -7131.7387695 -7313.5332031 -7652.4458008 -7724.8676758 -7368.1777344 -7571.4687500
-8105.3715820 -8312.3437500 -8233.7265625 -8581.1855469 -8336.6992188 -8459.0283203 -7888.9033203 -8228.3896484 -8289.0126953 -8122.5117188
-7914.5551758 -7977.0791016 -8098.0639648 -8391.4355469 -8046.2558594 -8106.8808594 -8101.9682617 -8043.6733398 -7949.3334961 -7717.9702148
-7773.5151367 -8122.3564453 -7785.2421875 -8253.2841797 -8012.1245117 -8125.7656250 -7403.2778320 -7830.7163086 -7968.3310547 -7911.7094727
-8818.9951172 -9045.6865234 -8806.6220703 -9114.0654297 -8973.8486328 -9028.8886719 -8620.9023438 -8873.7636719 -9001.4638672 -8984.8789062
-7930.9472656 -8169.7299805 -8073.2778320 -8157.6132812 -7651.4428711 -7458.4858398 -8137.7172852 -7994.6591797 -7723.7363281 -8013.9873047
-8030.3720703 -8334.5400391 -8085.3295898 -8534.1718750 -8303.9248047 -8355.0683594 -7824.8461914 -8134.1420898 -8219.9160156 -8211.5664062
-7768.1762695 -8056.9687500 -7841.3886719 -8368.5498047 -7991.2060547 -8192.2324219 -7489.4199219 -7913.3500977 -7979.2309570 -7886.9916992
-8891.6972656 -9065.8378906 -9045.7841797 -9299.0810547 -9058.4267578 -9140.3925781 -8788.2431641 -8987.8535156 -9082.4316406 -9007.4062500
-7561.2407227 -7750.8710938 -7734.5454102 -7652.1567383 -7166.1772461 -7328.5595703 -7707.7543945 -7656.2260742 -7320.2519531 -7511.5336914
-7677.7788086 -7856.9101562 -7782.1435547 -7884.1342773 -7370.4555664 -7304.6748047 -7848.1040039 -7663.4140625 -7346.3242188 -7595.8383789
-7622.5444336 -7720.3403320 -7879.4716797 -8139.9692383 -7794.5234375 -7918.6269531 -7742.3413086 -7879.2646484 -7770.8828125 -7389.1982422
-7709.6230469 -8004.3833008 -7795.4799805 -8283.2890625 -7908.1308594 -8049.8388672 -7440.4672852 -7868.0581055 -7937.9375000 -7811.4003906
-7599.8349609 -7085.7314453 -7757.3774414 -8036.6523438 -7778.6582031 -7923.9731445 -7748.7211914 -7697.0976562 -7637.5927734 -7582.5668945
-7671.7592773 -8051.1508789 -7723.4370117 -8169.4687500 -7890.6772461 -8018.5610352 -7380.9604492 -7868.0385742 -7875.1274414 -7778.7583008
-8324.6835938 -8427.8193359 -8417.8339844 -7478.3081055 -8150.5708008 -8285.4384766 -8445.5849609 -8409.4257812 -8198.3251953 -8345.0996094
-8479.2197266 -8613.0429688 -8634.3398438 -7711.2231445 -8332.6679688 -8460.3212891 -8605.8925781 -8558.7519531 -8428.7109375 -8537.1982422
-8694.7421875 -8921.1855469 -8763.0458984 -8824.7919922 -8380.7714844 -8202.2441406 -8837.9179688 -8750.5751953 -8425.7382812 -8729.4707031
-8204.7177734 -8374.4179688 -8352.0917969 -8398.2138672 -7888.5078125 -7680.4243164 -8409.2119141 -8329.6621094 -7954.5600586 -8192.9785156
-8381.6250000 -8586.5292969 -8501.4628906 -8534.7031250 -7981.4711914 -7849.8393555 -8523.2265625 -8441.3261719 -8096.3569336 -8317.1669922
-8039.7695312 -8269.2138672 -8242.1923828 -8591.5195312 -8272.8457031 -8367.0869141 -8247.2880859 -8252.8623047 -8250.4218750 -8216.2851562
-8746.3085938 -8846.8271484 -8778.1396484 -7918.7880859 -8535.2978516 -8727.9550781 -8890.3896484 -8725.2871094 -8577.5537109 -8748.9599609
-9321.0341797 -9374.9589844 -9345.8203125 -8573.4970703 -9167.1416016 -9333.6835938 -9398.3769531 -9370.2470703 -9170.0244141 -9283.1562500
-8646.7666016 -8743.4560547 -8736.3789062 -8785.7060547 -8381.2998047 -8217.2333984 -8759.5585938 -8754.3671875 -8483.3837891 -8626.6142578
-8462.4326172 -8754.5439453 -8643.1328125 -8643.4589844 -8162.1684570 -8113.1230469 -8623.0810547 -8555.0537109 -8291.6425781 -8479.2832031
-8272.9384766 -8564.3876953 -8562.6425781 -8819.0136719 -8570.2226562 -8708.0068359 -8488.3417969 -8539.8388672 -8637.2783203 -8453.4628906
-8633.0498047 -8886.8535156 -8691.3154297 -8843.9179688 -8329.3232422 -8250.0009766 -8700.5341797 -8716.9267578 -8434.9960938 -8657.8173828
-8355.8623047 -8453.2041016 -8480.0878906 -7686.5444336 -8176.4296875 -8289.0048828 -8487.3476562 -8435.7753906 -8261.4931641 -8414.9023438
-9218.2500000 -9477.9228516 -9227.7294922 -9299.2578125 -8847.8613281 -8651.4296875 -9292.7626953 -9228.8564453 -9038.4355469 -9264.9316406
-8199.0664062 -8327.4785156 -8359.3222656 -8278.2060547 -7906.1533203 -7658.8608398 -8396.7441406 -8250.2109375 -7984.0932617 -8176.6528320
-8097.9775391 -8320.1132812 -8274.7089844 -8338.7001953 -7801.0146484 -7921.2109375 -8233.7558594 -8164.4921875 -8003.5795898 -8088.1533203
-7943.4101562 -8305.0478516 -8186.8237305 -8563.4697266 -8180.1279297 -8314.6318359 -8158.7070312 -8137.5834961 -8230.3701172 -8149.4956055
-8689.0439453 -8823.0839844 -8730.7812500 -8070.8691406 -8435.7958984 -8465.2705078 -8792.9335938 -8680.2167969 -8624.0390625 -8665.9609375
-8850.2109375 -8972.5292969 -8939.0156250 -9100.6123047 -8791.3427734 -8962.1425781 -8919.1669922 -8899.9023438 -8806.5732422 -8642.7148438
-8110.8730469 -8314.9394531 -8202.5761719 -8369.3476562 -7864.9599609 -7733.5952148 -8238.9931641 -8185.4794922 -7936.7109375 -8076.8940430
-8120.1054688 -8293.5039062 -8273.4404297 -8248.3935547 -7723.1362305 -7889.5664062 -8299.7666016 -8287.2695312 -7917.0698242 -8118.3559570
-8736.1845703 -8844.7998047 -8886.3437500 -8076.8276367 -8583.8808594 -8675.3134766 -8853.7841797 -8777.2529297 -8637.6835938 -8748.5126953
-8382.1582031 -8483.6884766 -8414.5468750 -8448.6464844 -8037.8642578 -7971.6850586 -8426.8154297 -8368.0234375 -8097.3696289 -8289.1542969
-7973.9482422 -8262.0380859 -8140.4438477 -8160.3906250 -7673.9653320 -7842.5395508 -8191.9760742 -8164.6215820 -7905.9643555 -8040.5834961
-7944.6464844 -8164.3090820 -8080.6274414 -8415.2773438 -8115.8730469 -8257.9062500 -8104.4692383 -8133.1875000 -8232.3818359 -8063.7675781
-8332.3271484 -8536.6552734 -8370.9423828 -8463.4248047 -8043.9316406 -7851.1909180 -8400.0507812 -8339.8183594 -8143.4501953 -8305.7871094
-8920.7001953 -9105.8320312 -9028.3017578 -9082.3300781 -8675.9423828 -8607.8857422 -8978.2070312 -8964.8339844 -8784.8310547 -8968.8320312
-8930.5820312 -9109.3242188 -9031.3974609 -9088.9736328 -8678.2197266 -8574.2675781 -9041.1210938 -8985.5439453 -8820.7373047 -8968.4150391
-8650.7470703 -8821.5107422 -8732.0800781 -8843.5966797 -8495.7119141 -8556.0126953 -8742.6884766 -8723.5673828 -8414.3574219 -8588.8505859
-8695.5478516 -8770.8017578 -8736.8251953 -8824.7890625 -8420.8632812 -8515.4716797 -8764.0468750 -8727.9150391 -8494.9697266 -8660.3857422
-8236.8525391 -8394.1591797 -8422.4638672 -8421.3886719 -7952.0063477 -7815.4340820 -8428.7568359 -8303.0927734 -7991.8232422 -8254.1533203
-8149.6474609 -8352.8652344 -8343.1718750 -8374.6083984 -7760.7670898 -7951.6108398 -8297.4130859 -8264.7646484 -8006.7924805 -8181.6650391
-8215.0693359 -8352.3339844 -8269.6396484 -7471.8256836 -7975.6015625 -8068.4448242 -8256.9433594 -8282.9169922 -8042.8002930 -8181.0932617
-8706.3496094 -8862.4619141 -8789.8007812 -8877.6152344 -8315.3544922 -8461.3496094 -8840.9160156 -8830.5683594 -8509.9384766 -8710.2841797
-8580.5869141 -8755.5751953 -8730.6611328 -8819.6279297 -8225.6533203 -8367.9189453 -8800.5781250 -8703.4414062 -8416.5332031 -8638.6464844
-9135.3642578 -9294.5654297 -9216.9472656 -9203.4619141 -8812.7958984 -8734.8486328 -9225.1601562 -9199.0058594 -8908.4716797 -9069.1835938
-8207.4482422 -8381.0166016 -8287.4218750 -8419.4589844 -7946.0205078 -7770.4028320 -8246.8691406 -8231.9091797 -7959.4814453 -8142.4233398
-8253.6552734 -8537.4541016 -8365.7431641 -8384.4804688 -7776.8701172 -7979.0625000 -8402.4589844 -8370.3496094 -8062.5961914 -8218.2333984
-8159.2529297 -8324.7529297 -8416.3593750 -7694.2529297 -8112.8061523 -8169.4316406 -8325.7324219 -8318.7919922 -8115.8349609 -8251.2119141
-8865.4560547 -9022.3398438 -8951.8378906 -9049.6933594 -8543.3251953 -8594.2060547 -9002.1582031 -8922.1484375 -8640.3144531 -8878.9980469
-9065.0175781 -9322.0390625 -9197.9804688 -9217.8339844 -8860.1376953 -8707.1962891 -9222.2832031 -9120.1943359 -8877.6367188 -9096.2509766
-8488.2431641 -8659.5849609 -8571.2587891 -8638.1289062 -8087.6474609 -8169.6342773 -8611.9160156 -8516.7529297 -8270.6943359 -8447.2275391
-8395.0351562 -8532.0214844 -8517.9023438 -8613.7861328 -8237.7939453 -8332.9804688 -8541.6425781 -8464.9873047 -8308.0058594 -8368.0136719
-8301.0283203 -8353.8886719 -8390.3867188 -7566.9033203 -8151.7426758 -8264.4160156 -8416.3515625 -8372.8427734 -8162.9252930 -8304.7919922
-8297.6132812 -8522.2998047 -8448.5029297 -8608.9472656 -8029.6103516 -8148.1206055 -8503.5244141 -8451.2324219 -8174.6381836 -8361.0371094
-8495.6992188 -8710.2929688 -8667.5615234 -8751.0722656 -8204.8642578 -8325.3037109 -8650.8437500 -8642.8242188 -8381.8369141 -8571.9921875
-8583.5888672 -8724.2255859 -8725.2119141 -8606.9716797 -8179.0029297 -8410.6347656 -8693.2685547 -8710.4638672 -8433.9189453 -8477.0400391
-7943.3774414 -8188.9301758 -8117.4174805 -8210.2949219 -7589.8789062 -7745.1142578 -8079.1918945 -7948.8945312 -7785.3559570 -7973.4409180
-7886.5751953 -8102.4531250 -8049.9360352 -8016.4721680 -7291.9614258 -7513.0253906 -8004.7045898 -7946.2705078 -7601.4179688 -7829.9526367
-7991.8300781 -8153.1752930 -8171.6616211 -7316.3530273 -7880.4780273 -7927.3183594 -8235.0849609 -8223.0712891 -7914.8833008 -8038.4252930
-7842.8222656 -7963.3837891 -7972.8779297 -7115.1005859 -7652.7749023 -7748.8813477 -7999.4326172 -7981.8818359 -7684.2109375 -7843.0512695
-8842.4931641 -8993.0166016 -8925.7265625 -9033.3417969 -8545.4111328 -8560.5546875 -8973.7187500 -8847.6035156 -8642.0576172 -8851.4970703
-8309.1406250 -8537.8378906 -8471.5468750 -8542.5244141 -7984.8432617 -8228.0449219 -8447.6250000 -8448.4531250 -8175.1533203 -8326.2382812
-8144.2363281 -8345.3925781 -8240.7910156 -8286.2939453 -7734.6088867 -7691.8081055 -8259.2744141 -8153.5942383 -7892.3408203 -8179.9531250
-7646.9077148 -7898.1743164 -7747.5961914 -7908.3447266 -7214.1186523 -7404.1083984 -7807.0844727 -7747.9873047 -7420.2998047 -7693.2202148
-8058.9570312 -8273.0380859 -8238.5458984 -7530.0258789 -7900.4106445 -8033.5639648 -8271.1894531 -8192.5273438 -7915.1015625 -8136.9023438
-8498.8437500 -8588.9648438 -8587.9531250 -8588.8808594 -8059.9663086 -8313.5947266 -8567.1728516 -8511.8046875 -8279.5996094 -8404.0976562
-8297.3134766 -8325.8330078 -8373.3486328 -7687.6040039 -8167.6372070 -8230.2343750 -8465.1591797 -8415.8242188 -8134.7407227 -8277.8105469
-8414.2529297 -8514.3300781 -8462.8730469 -8513.0283203 -8219.1787109 -8173.0385742 -8575.3359375 -8410.8212891 -8165.7202148 -8386.1318359
-8795.3251953 -8890.2529297 -8806.0527344 -8877.8017578 -8436.4384766 -8610.6376953 -8841.4296875 -8755.8759766 -8604.3916016 -8777.4433594
-8339.0537109 -8599.1982422 -8478.0087891 -8552.8720703 -8019.3266602 -7946.9814453 -8614.3535156 -8519.6708984 -8139.9165039 -8377.0507812
-8430.8847656 -8728.5527344 -8517.8837891 -8447.0019531 -7959.7470703 -7694.4326172 -8660.1250000 -8442.0556641 -8251.8261719 -8393.1220703
-8302.7695312 -8428.2578125 -8430.2656250 -7637.6137695 -8138.1616211 -8268.8339844 -8425.9677734 -8358.4746094 -8142.3159180 -8337.9033203
-8235.7158203 -8386.1914062 -8258.0166016 -8325.0410156 -7773.3159180 -7657.8593750 -8305.3037109 -8208.7128906 -8039.7641602 -8203.2832031
-8720.5839844 -8812.1953125 -8654.6103516 -8689.7304688 -8289.7275391 -8162.4536133 -8747.1953125 -8701.0322266 -8476.5175781 -8669.2841797
-8223.9794922 -8397.2851562 -8306.6181641 -8468.6669922 -7957.7299805 -7781.8745117 -8331.6738281 -8293.5576172 -7975.9990234 -8263.6025391
