-8095.1074219 -7698.5366211 -8323.0205078 -8489.8574219 -8236.4218750 -8347.0986328 -8294.9736328 -8288.4638672 -8183.8051758 -8162.4687500
-8174.0332031 -8263.2265625 -8294.5693359 -8608.3300781 -8285.7734375 -8368.1250000 -8406.6513672 -8331.8613281 -8296.7675781 -8001.9560547
-8291.7900391 -7963.7016602 -8531.2675781 -8706.9277344 -8500.8623047 -8574.1738281 -8442.5947266 -8527.5917969 -8445.3515625 -8286.7890625
-8287.1181641 -7808.3984375 -8397.5732422 -8726.5283203 -8491.8261719 -8674.2978516 -8484.6591797 -8566.9199219 -8458.9638672 -8348.0000000
-8107.2705078 -7757.0170898 -8204.1152344 -8497.8730469 -8237.0058594 -8409.2353516 -8237.8320312 -8244.0263672 -8204.6347656 -8082.2631836
-8446.2548828 -8577.7109375 -8617.0253906 -8789.0820312 -8225.8818359 -8362.7167969 -8599.3574219 -8588.1376953 -8208.4218750 -8367.2666016
-7955.4223633 -7440.0908203 -8063.6323242 -8327.9843750 -8088.3554688 -8201.5029297 -8073.4560547 -8077.2075195 -8022.3823242 -7918.3144531
-7816.8173828 -7473.2211914 -7981.9077148 -8293.6914062 -8007.1352539 -8116.5727539 -7983.7358398 -8013.2363281 -7985.1660156 -7899.3540039
-8270.4726562 -8399.3603516 -8387.3447266 -8553.6455078 -8134.1894531 -8184.6538086 -8386.3896484 -8438.5136719 -8022.2817383 -8234.3222656
-8660.4150391 -8783.5595703 -8678.3720703 -8940.2734375 -8656.3505859 -8803.6240234 -8791.8300781 -8747.8486328 -8634.1142578 -8482.7900391
-7897.9794922 -7468.5302734 -8058.8276367 -8268.5712891 -7970.2846680 -8198.4150391 -8146.9848633 -8125.9038086 -7971.6147461 -7852.6196289
-8095.8754883 -7585.6186523 -8226.3046875 -8467.3974609 -8311.5605469 -8407.7460938 -8182.3720703 -8254.7412109 -8213.5351562 -8109.0009766
-7828.9243164 -7557.2529297 -7995.7724609 -8253.4990234 -7914.0976562 -8039.1811523 -7986.6450195 -7983.8398438 -7960.3164062 -7851.9965820
-8123.4067383 -8320.5644531 -8337.2626953 -8330.3876953 -7884.2587891 -8012.1948242 -8272.9492188 -8228.5634766 -7761.6899414 -8101.2475586
-8592.7294922 -8786.3349609 -8671.5947266 -8721.9863281 -8381.3632812 -8524.9824219 -8702.2666016 -8643.2509766 -8324.8613281 -8577.2382812
-7903.1723633 -8079.1049805 -8018.2216797 -8228.0615234 -7759.0732422 -7866.8740234 -8057.9184570 -7998.2109375 -7584.5800781 -7885.5883789
-8053.1933594 -7577.1489258 -8188.6528320 -8394.2988281 -8198.7236328 -8319.6748047 -8208.2978516 -8226.7822266 -8104.0390625 -7994.2021484
-7567.4052734 -7052.8232422 -7672.6274414 -7978.0551758 -7655.1557617 -7867.7915039 -7759.2885742 -7764.3637695 -7662.2470703 -7498.8642578
-7528.9111328 -7181.2167969 -7701.6035156 -7904.8925781 -7633.3486328 -7763.9233398 -7661.0683594 -7708.6020508 -7617.7065430 -7580.7451172
-8067.8769531 -8205.0751953 -8226.5957031 -8203.7119141 -7856.5468750 -7987.7143555 -8164.6899414 -8198.4970703 -7767.2578125 -8083.4799805
-8147.5693359 -8331.6025391 -8309.7021484 -8305.6416016 -7952.6889648 -8011.2705078 -8218.0107422 -8287.9716797 -7793.3696289 -8149.6176758
-8285.5224609 -7845.9223633 -8470.0478516 -8604.6367188 -8406.3945312 -8521.8632812 -8453.6220703 -8423.2949219 -8389.1562500 -8333.1679688
-7660.5444336 -7287.5209961 -7870.7216797 -8029.3510742 -7821.3217773 -8010.1049805 -7855.8715820 -7879.6992188 -7848.5097656 -7739.9960938
-7850.6386719 -7315.6196289 -7972.3100586 -8304.5185547 -8036.3417969 -8190.8247070 -8015.4130859 -8104.3818359 -7955.5649414 -7858.1875000
-8031.6416016 -8218.1572266 -8202.3496094 -8296.4238281 -7881.3242188 -8029.1904297 -8180.9184570 -8147.8471680 -7847.9541016 -8005.7050781
-7928.2421875 -7611.2016602 -8120.5258789 -8307.0234375 -8091.0937500 -8241.6826172 -8059.1635742 -8035.4223633 -8071.3178711 -7960.6098633
-7682.7070312 -7398.2480469 -7895.0903320 -8246.2343750 -7955.3608398 -8048.9047852 -7912.2895508 -7932.9985352 -7892.6230469 -7706.6967773
-7624.7333984 -7258.8164062 -7837.2558594 -8036.1186523 -7774.5600586 -7900.3906250 -7808.9003906 -7805.2651367 -7794.7021484 -7666.2226562
-8290.9628906 -8399.3662109 -8413.1992188 -8550.5048828 -8195.5009766 -8274.0566406 -8399.3505859 -8437.9707031 -7989.2744141 -8305.8056641
-7916.6450195 -7990.2441406 -8011.9682617 -8244.2392578 -7981.7119141 -8116.1582031 -8047.1479492 -8059.9833984 -7994.8969727 -7743.1674805
-7911.1362305 -7586.2221680 -7994.4614258 -8233.9150391 -8090.0678711 -8165.0419922 -8056.7602539 -8031.2895508 -8033.9819336 -7893.7299805
-8027.7675781 -7581.0385742 -8195.3457031 -8366.4599609 -8185.9477539 -8352.4804688 -8271.3779297 -8201.5058594 -8166.6645508 -8028.5180664
-8274.0898438 -8438.4580078 -8411.2207031 -8500.4052734 -8032.1406250 -8153.9995117 -8456.8642578 -8361.1406250 -7903.1743164 -8259.2314453
-7667.4238281 -7920.7661133 -7814.7954102 -8148.7988281 -7876.2871094 -7980.5302734 -7850.7153320 -7886.4545898 -7845.3999023 -7516.9101562
-8295.6503906 -8392.5312500 -8353.7724609 -8638.3740234 -8308.6884766 -8471.6308594 -8408.0859375 -8385.5380859 -8362.7148438 -8097.6152344
-8186.2807617 -8343.6748047 -8382.7148438 -8413.0458984 -8033.7109375 -8090.7397461 -8344.5917969 -8258.6660156 -7940.4438477 -8181.3505859
-8104.8120117 -8183.2700195 -8194.1250000 -8274.6445312 -7962.6918945 -8015.5712891 -8206.4755859 -8164.8315430 -7781.3916016 -8060.0966797
-7869.1518555 -8005.6518555 -7933.4721680 -8055.1801758 -7712.0742188 -7829.9194336 -7932.6328125 -7862.0346680 -7568.9458008 -7824.7846680
-7824.6704102 -7945.0556641 -8062.6127930 -8255.2207031 -7925.1655273 -8004.4301758 -8000.3486328 -8046.2812500 -7926.6557617 -7587.5502930
-7957.2143555 -8118.6074219 -8124.2377930 -8224.6357422 -7815.6850586 -7885.1591797 -8119.1171875 -8116.8266602 -7714.3393555 -7921.0424805
-7905.6450195 -8125.0917969 -8055.6528320 -8218.5205078 -7708.6303711 -7811.6127930 -8062.6962891 -7996.0332031 -7614.1982422 -7910.6469727
-7834.9521484 -8020.9951172 -7974.5644531 -8276.4072266 -7892.3872070 -7990.5917969 -8012.1367188 -8115.7792969 -7898.8505859 -7652.9018555
-7561.5385742 -7807.9770508 -7752.5517578 -8047.6162109 -7683.6186523 -7774.1210938 -7737.0244141 -7728.5786133 -7644.4516602 -7453.8442383
-8257.0654297 -7933.5288086 -8499.5546875 -8754.1582031 -8434.8408203 -8605.4238281 -8486.7919922 -8467.8193359 -8410.6123047 -8277.5791016
-8176.2573242 -8317.6884766 -8253.0302734 -8372.9501953 -7916.0253906 -8012.7817383 -8286.5664062 -8267.7441406 -7917.7084961 -8130.6728516
-7907.7988281 -8059.2617188 -8048.8110352 -8159.7783203 -7680.6665039 -7751.9707031 -8034.3115234 -7941.1381836 -7592.7924805 -7856.2568359
-8107.6992188 -8327.7695312 -8282.3476562 -8354.9326172 -7988.8149414 -8073.0234375 -8276.9960938 -8197.5126953 -7781.3720703 -8196.2246094
-8089.6684570 -7593.6977539 -8261.9541016 -8448.7851562 -8183.2001953 -8375.0087891 -8261.8896484 -8314.2353516 -8145.4755859 -8114.0791016
-8019.8149414 -8179.3530273 -8187.6484375 -8250.8281250 -7869.1450195 -7991.8725586 -8136.5058594 -8176.1987305 -7690.2343750 -8006.9887695
-8423.1660156 -8552.6503906 -8457.9736328 -8646.1591797 -8248.1181641 -8316.9658203 -8557.6435547 -8507.5244141 -8122.6938477 -8405.5664062
-8118.2924805 -8301.3652344 -8256.9375000 -8332.9013672 -7951.4565430 -8038.3134766 -8246.0234375 -8226.2158203 -7749.9121094 -8110.7753906
-8070.6210938 -8285.2285156 -8168.5698242 -8445.9541016 -8189.8159180 -8338.0253906 -8243.0419922 -8285.8671875 -8126.3061523 -7895.3652344
-7742.2866211 -7781.5957031 -7796.5166016 -8104.1938477 -7811.3623047 -7995.1992188 -7832.2255859 -7892.6210938 -7800.0234375 -7387.0898438
-8217.6875000 -8237.6347656 -8407.3603516 -8576.9824219 -8173.4736328 -8328.0458984 -8402.5419922 -8291.4863281 -8209.7539062 -7983.7685547
-8103.6293945 -8291.5917969 -8233.6230469 -8474.1015625 -8217.2666016 -8272.0751953 -8256.0195312 -8269.1601562 -8193.8583984 -7991.6450195
-8329.7998047 -8472.8164062 -8538.1826172 -8704.6953125 -8517.3896484 -8554.0332031 -8553.4853516 -8604.5556641 -8448.7490234 -8237.4697266
-8075.8193359 -8231.1582031 -8133.0205078 -8382.0644531 -8119.3178711 -8204.0029297 -8223.1025391 -8258.6796875 -8112.4057617 -7816.0693359
-8380.1337891 -8538.9150391 -8563.7158203 -8790.0976562 -8456.0595703 -8576.7187500 -8538.7949219 -8519.5380859 -8451.8193359 -8214.9980469
-7712.9594727 -7824.9135742 -7926.0498047 -8151.7651367 -7813.3315430 -7909.4257812 -7935.9643555 -7884.3735352 -7787.9829102 -7493.6030273
-8122.4594727 -8283.7451172 -8229.4492188 -8521.4140625 -8285.9501953 -8317.2128906 -8365.3134766 -8351.4111328 -8265.5009766 -7927.3833008
-7561.3666992 -7129.3310547 -7793.1254883 -8050.9995117 -7715.6860352 -7942.3852539 -7707.9687500 -7759.1625977 -7750.4013672 -7534.7954102
-7959.6855469 -7552.2768555 -8147.4130859 -8355.9775391 -8089.3999023 -8220.4843750 -8149.3579102 -8116.6015625 -8099.9140625 -7963.1103516
-7948.4829102 -8104.5654297 -7987.9584961 -8189.6538086 -7784.2851562 -7852.5957031 -8020.0522461 -7980.3632812 -7640.5419922 -7868.8867188
-7634.2622070 -7872.9882812 -7855.3676758 -8191.0400391 -7764.6562500 -7978.3842773 -7932.1293945 -7877.4824219 -7725.7241211 -7520.4584961
-7751.6406250 -7881.3242188 -7925.9453125 -8044.1816406 -7851.4907227 -7969.6572266 -7950.7329102 -7892.5195312 -7855.3530273 -7562.6606445
-8300.4667969 -8534.4208984 -8448.5859375 -8837.7197266 -8629.9794922 -8725.3066406 -8537.3095703 -8593.7197266 -8590.0449219 -8398.0253906
-8128.0737305 -8442.1982422 -8381.3066406 -8761.9902344 -8417.9140625 -8581.2343750 -8441.8027344 -8484.2128906 -8409.6611328 -8336.3115234
-8134.5551758 -8293.8349609 -8119.8085938 -8437.5048828 -8239.0673828 -8301.5664062 -8230.8525391 -7876.2587891 -8226.5996094 -8192.9003906
-7865.5585938 -8101.2929688 -7951.1835938 -8279.6992188 -8053.5454102 -8144.0537109 -7859.3022461 -7618.9653320 -8088.7475586 -8019.2285156
-7977.4990234 -8221.7441406 -7785.5332031 -8339.5605469 -8086.8076172 -8184.7324219 -8024.2919922 -8091.8623047 -8161.8759766 -8071.3344727
-8212.7773438 -8501.7578125 -7950.0434570 -8648.6513672 -8446.1855469 -8479.4257812 -8289.1083984 -8298.5009766 -8418.4628906 -8341.2451172
-8038.0976562 -8236.4804688 -8091.0893555 -8416.5322266 -8212.4130859 -8299.3515625 -8018.1596680 -7655.9399414 -8189.5605469 -8146.9873047
-8765.2900391 -9005.4990234 -8513.3359375 -9208.7929688 -9001.3134766 -9124.4833984 -8790.2841797 -8874.8330078 -8991.6367188 -8984.1406250
-8563.5839844 -8711.0410156 -8616.0761719 -8863.1748047 -8692.2783203 -8742.8525391 -8637.1699219 -8315.3798828 -8659.9931641 -8557.5664062
-8729.5009766 -8980.8623047 -8872.2246094 -9131.5117188 -8957.3046875 -8977.5771484 -8891.2822266 -8893.2773438 -8903.7187500 -8931.5332031
-8875.0576172 -9160.2636719 -9074.0175781 -9376.4716797 -9236.3789062 -9238.9990234 -9106.2949219 -9066.4296875 -9149.6494141 -9055.9541016
-8403.2558594 -8648.8183594 -8502.8144531 -8824.0390625 -8601.5322266 -8683.2978516 -8482.7568359 -8152.0932617 -8600.7519531 -8468.2753906
-8180.3427734 -8333.5136719 -8086.3706055 -8598.2705078 -8341.5742188 -8407.6923828 -8272.2343750 -8308.8291016 -8295.3388672 -8209.1552734
-8112.2553711 -8335.9765625 -7800.9609375 -8537.4560547 -8360.2802734 -8446.8085938 -8200.4013672 -8252.9042969 -8286.6054688 -8250.5761719
-9027.3154297 -9283.7304688 -8786.5351562 -9342.8994141 -9152.5400391 -9202.3925781 -9022.3173828 -9044.3583984 -9210.2539062 -9172.1923828
-8141.6118164 -8335.7363281 -7745.5551758 -8674.6757812 -8322.7304688 -8413.3750000 -8243.5029297 -8217.2705078 -8332.3583984 -8226.6865234
-8226.7089844 -8440.4755859 -8242.0771484 -8650.4853516 -8435.8847656 -8520.8642578 -8231.7919922 -7860.6562500 -8393.8994141 -8382.5166016
-7890.5043945 -8194.8828125 -8142.0810547 -8482.4804688 -8172.4541016 -8289.1845703 -8145.6684570 -8160.4091797 -8178.9702148 -8053.8149414
-8230.2802734 -8545.0341797 -8422.1542969 -8593.1406250 -8474.6220703 -8594.3613281 -8411.7753906 -8503.7587891 -8463.9941406 -8419.7646484
-8063.9599609 -8243.0898438 -7737.5268555 -8421.9863281 -8264.6386719 -8456.8037109 -8147.3623047 -8272.1435547 -8254.0214844 -8155.4340820
-7896.0791016 -8074.5786133 -8000.2036133 -8225.2324219 -8040.8354492 -8112.1396484 -8002.8715820 -7598.1464844 -7974.1816406 -8053.7050781
-8285.5957031 -8534.5371094 -8275.0634766 -8718.7861328 -8450.9433594 -8531.8232422 -8380.9560547 -8026.5620117 -8427.9462891 -8353.5576172
-8141.3662109 -8370.7011719 -7939.9414062 -8554.8515625 -8377.5449219 -8438.3095703 -8219.0986328 -8266.0654297 -8374.6269531 -8219.2470703
-8050.5283203 -8272.8212891 -7790.4199219 -8415.4433594 -8207.1386719 -8257.7255859 -8188.4038086 -8120.1450195 -8226.3798828 -8155.9335938
-7923.3081055 -8260.8974609 -7992.5239258 -8327.6386719 -8028.6069336 -8078.7690430 -7935.2353516 -7565.0683594 -8041.6831055 -7974.5986328
-7986.8369141 -8287.2578125 -8075.1796875 -8553.7402344 -8220.5341797 -8337.5732422 -8131.5175781 -8204.4062500 -8215.5351562 -8128.0039062
-7972.6606445 -8297.6064453 -8216.0742188 -8445.1787109 -8224.1914062 -8267.7783203 -8279.3027344 -8259.2490234 -8275.5224609 -8141.8745117
-8177.0458984 -8468.0830078 -8320.9755859 -8566.3837891 -8383.9902344 -8494.2880859 -8267.9882812 -7898.8505859 -8373.5820312 -8341.7900391
-8090.7622070 -8421.5878906 -7824.5283203 -8586.9902344 -8275.9052734 -8370.6914062 -8162.3295898 -8164.1445312 -8268.9902344 -8250.2099609
-7920.1787109 -8135.5971680 -7514.7192383 -8429.5781250 -8122.0751953 -8206.1503906 -7956.6933594 -8004.2578125 -8096.6372070 -7951.3276367
-7416.4257812 -7628.1230469 -7484.2172852 -7938.9916992 -7497.0634766 -7588.3813477 -7461.9697266 -7071.8310547 -7494.3481445 -7473.3603516
-8929.5625000 -9053.4345703 -8735.2617188 -9358.5283203 -9134.8935547 -9236.0498047 -8936.6708984 -8994.9609375 -9096.6347656 -9006.7343750
-8481.0107422 -8777.3037109 -8656.0390625 -8982.2900391 -8648.4062500 -8742.6738281 -8627.8007812 -8663.2832031 -8663.8515625 -8594.0927734
-8355.0849609 -8677.9628906 -8609.2441406 -8894.8505859 -8576.6738281 -8751.0107422 -8593.1767578 -8602.3818359 -8572.9619141 -8543.2197266
-8479.8505859 -8661.5849609 -8566.0302734 -8783.0732422 -8542.8388672 -8665.1923828 -8618.9570312 -8296.4589844 -8583.7617188 -8560.0410156
-8622.2802734 -8880.9218750 -8761.2255859 -9022.5927734 -8784.0234375 -8883.9687500 -8724.9003906 -8434.7431641 -8744.7109375 -8762.4707031
-7947.0874023 -8200.5996094 -7789.1894531 -8393.8476562 -8125.4116211 -8281.1689453 -8125.1386719 -8000.7958984 -8086.8676758 -8025.7416992
-7942.1025391 -8232.5664062 -8077.7783203 -8405.4423828 -8105.1757812 -8182.6123047 -8009.5800781 -7587.3139648 -8043.0864258 -8058.0161133
-7749.6948242 -7975.2944336 -7869.4497070 -8236.9179688 -7977.9702148 -8061.5927734 -7892.1201172 -7863.9375000 -7981.0717773 -7821.9555664
-8532.5693359 -8758.0712891 -8756.3808594 -8867.8994141 -8727.6679688 -8828.7958984 -8700.3232422 -8662.8339844 -8751.5107422 -8694.5908203
-8469.6923828 -8775.1904297 -8728.7031250 -9047.2871094 -8800.2236328 -8875.7119141 -8750.6923828 -8747.5234375 -8789.7792969 -8646.2285156
-8061.0361328 -8401.9013672 -7940.1513672 -8495.6328125 -8264.8183594 -8372.6044922 -8126.1142578 -8078.4960938 -8201.8759766 -8199.9101562
-8225.8164062 -8442.8896484 -7996.2500000 -8696.4384766 -8415.5107422 -8544.3740234 -8379.7451172 -8281.9697266 -8402.5380859 -8338.9326172
-7900.2202148 -8172.3295898 -7938.9511719 -8370.4394531 -8024.5937500 -8134.5297852 -7936.5830078 -7521.7900391 -7991.1962891 -8012.4809570
-8717.3125000 -8968.3320312 -8919.8320312 -9121.0410156 -8922.8027344 -8979.5839844 -8783.7851562 -8916.4140625 -8927.1445312 -8841.0673828
-8630.2285156 -8863.9394531 -8744.4130859 -9043.6718750 -8787.4501953 -8902.0400391 -8756.3945312 -8469.5205078 -8759.5185547 -8719.8203125
-8440.1386719 -8619.8232422 -8292.2216797 -8938.6748047 -8584.6308594 -8662.4980469 -8488.8662109 -8462.9628906 -8578.9111328 -8536.5351562
-8333.4648438 -8503.7636719 -8150.8105469 -8691.9492188 -8462.3300781 -8528.2753906 -8371.3125000 -8304.5527344 -8510.2177734 -8394.9199219
-7894.7705078 -8187.0883789 -8125.7529297 -8338.2900391 -8159.8681641 -8256.3271484 -8165.9218750 -8077.0322266 -8217.7363281 -8085.7509766
-7918.3715820 -8201.8691406 -8039.6181641 -8377.2900391 -8091.5498047 -8229.8134766 -8092.6787109 -8074.2163086 -8110.4101562 -8055.4594727
-8162.4404297 -8206.0185547 -8373.5107422 -8473.6083984 -8311.1386719 -8443.3681641 -8336.5634766 -8317.8916016 -8231.7871094 -8207.3349609
-7589.5776367 -7905.6870117 -7865.7080078 -8122.0512695 -7920.6450195 -8040.8486328 -7823.8417969 -7851.1875000 -7898.6425781 -7815.2602539
-8220.2011719 -8475.7978516 -8290.5126953 -8644.9082031 -8364.8945312 -8465.6816406 -8316.6884766 -7891.5371094 -8316.9218750 -8317.1279297
-7865.3457031 -8082.0566406 -7638.1674805 -8311.6923828 -7987.8710938 -8160.4047852 -7959.4018555 -7942.1035156 -8011.1284180 -7951.8798828
-7862.6572266 -8089.7094727 -7540.3715820 -8234.4208984 -8030.3681641 -8210.7324219 -7934.7797852 -7961.4736328 -8017.6455078 -7913.0073242
-7873.5585938 -8067.7885742 -7779.7744141 -8176.9355469 -7863.9199219 -7908.4648438 -7892.1962891 -7844.5532227 -7935.5288086 -7971.6201172
-8103.3554688 -8245.5039062 -7767.4980469 -8550.8388672 -8235.4414062 -8354.6738281 -8161.5009766 -8147.3349609 -8296.4355469 -8132.2490234
-8121.1738281 -8321.6464844 -8171.0195312 -8513.5029297 -8198.0214844 -8258.8115234 -8156.6381836 -7857.4091797 -8164.7231445 -8170.8222656
-7961.8569336 -8282.1640625 -8163.7231445 -8464.2695312 -8239.1181641 -8379.5380859 -8197.5302734 -8222.1484375 -8259.9687500 -8179.7187500
-8203.1542969 -8419.5332031 -8298.2685547 -8773.8066406 -8378.4892578 -8439.4208984 -8285.5947266 -7912.6440430 -8342.2089844 -8361.5322266
-8009.1474609 -8326.5751953 -8166.0566406 -8431.3134766 -8213.2304688 -8316.7949219 -8237.6572266 -8198.8916016 -8252.2705078 -8159.4453125
-7749.5639648 -7963.8549805 -7292.9794922 -8335.5888672 -7990.2939453 -8137.2773438 -7845.5322266 -7834.3398438 -8008.8867188 -7865.9926758
-7617.0112305 -7835.5014648 -7716.5639648 -7990.9438477 -7714.2685547 -7812.7763672 -7600.5043945 -7254.7792969 -7716.1225586 -7760.1699219
-8180.3613281 -8584.5410156 -8416.1650391 -8635.0126953 -8464.8642578 -8593.1259766 -8475.2646484 -8437.7109375 -8442.0976562 -8285.3203125
-7995.2465820 -8203.8652344 -8006.9350586 -8366.1250000 -8154.5913086 -8133.2705078 -8001.6757812 -7632.9541016 -8079.6000977 -8088.0600586
-7870.3125000 -8126.9169922 -7722.2221680 -8423.2500000 -8069.5634766 -8180.7221680 -7902.8745117 -7986.2275391 -8035.2763672 -8008.6606445
-8072.0859375 -8393.9580078 -7887.0117188 -8531.9052734 -8216.4990234 -8287.2138672 -8141.3627930 -8106.6718750 -8336.6318359 -8132.0000000
-8056.1372070 -8333.9316406 -8130.8461914 -8435.2958984 -8175.3408203 -8264.0185547 -8144.5346680 -7816.4721680 -8203.4277344 -8193.2636719
-7668.2167969 -7907.6801758 -7728.8789062 -8059.5927734 -7843.1074219 -7963.2856445 -7680.9287109 -7394.5654297 -7760.5024414 -7758.4301758
-7499.4902344 -7824.5908203 -7746.9111328 -8045.2529297 -7709.3173828 -7796.2631836 -7682.2797852 -7751.1318359 -7662.7431641 -7712.9838867
-7848.6054688 -8069.5771484 -7839.5708008 -8300.5751953 -7957.1958008 -8059.4628906 -7932.5751953 -7419.4140625 -7956.0605469 -7971.8691406
-7719.7871094 -7995.8803711 -7778.1542969 -8203.0380859 -7864.9995117 -7954.2944336 -7788.2861328 -7373.8007812 -7873.2871094 -7836.9038086
-7592.2968750 -7849.6196289 -7264.9062500 -8146.2543945 -7775.8129883 -7885.5732422 -7652.1845703 -7730.3920898 -7710.6445312 -7663.0507812
-7604.3334961 -7974.8286133 -7328.5986328 -8057.5249023 -7816.1889648 -8033.6552734 -7716.7006836 -7788.8090820 -7859.7749023 -7753.3847656
-7680.2392578 -7912.5136719 -7639.0126953 -8128.5297852 -7746.0092773 -7827.2456055 -7717.1699219 -7248.3974609 -7782.1503906 -7760.6079102
-7875.1420898 -8079.9379883 -7954.1767578 -8021.1279297 -7461.2084961 -7567.0761719 -7973.3583984 -7967.7680664 -7699.9926758 -7804.7832031
-8565.8193359 -8780.5214844 -8635.9062500 -8967.3925781 -8727.1191406 -8855.5712891 -8227.6220703 -8631.6298828 -8721.2656250 -8704.1542969
-8503.4003906 -8699.7919922 -8641.3984375 -8677.9306641 -8211.4658203 -8093.3017578 -8623.6425781 -8645.4804688 -8334.0175781 -8477.1914062
-8587.6464844 -8838.9853516 -8619.1650391 -8861.9541016 -8627.7939453 -8711.1835938 -8327.1718750 -8596.8134766 -8632.8388672 -8590.9638672
-8935.2050781 -9130.4707031 -8985.3027344 -9274.9277344 -9076.7636719 -9158.8417969 -8727.7138672 -9100.0791016 -9092.7041016 -8990.4726562
-8672.7158203 -8880.7753906 -8777.4873047 -9030.3154297 -8869.2158203 -8926.9052734 -8547.6269531 -8828.8808594 -8767.6113281 -8750.4794922
-8363.9384766 -8712.8740234 -8445.3994141 -8867.6953125 -8594.6240234 -8698.1660156 -8067.6992188 -8409.2822266 -8523.4423828 -8562.7373047
-8387.7197266 -8571.2226562 -8484.2900391 -8592.1621094 -8174.2055664 -8092.0463867 -8465.2841797 -8449.6230469 -8271.9140625 -8367.8222656
-8685.8232422 -8817.5341797 -8773.8652344 -8991.6992188 -8556.4667969 -8642.3623047 -8844.0712891 -8843.4384766 -8410.4501953 -8628.4169922
-8311.4658203 -8488.9785156 -8519.3671875 -8741.6601562 -8421.4453125 -8540.0546875 -8468.1679688 -8547.3525391 -8404.6171875 -8190.8408203
-8378.5205078 -8684.1816406 -8454.4736328 -8812.7500000 -8514.2119141 -8572.0869141 -8127.5146484 -8443.3789062 -8548.1992188 -8484.6982422
-8067.9472656 -8183.9155273 -8190.0747070 -8212.6376953 -7716.6103516 -7911.2407227 -8164.5581055 -8155.4243164 -7895.8891602 -7996.9223633
-8917.3447266 -9075.2333984 -9064.3701172 -9289.3691406 -9012.1015625 -9130.6464844 -9064.9150391 -9137.2685547 -9016.0097656 -8798.7744141
-8443.1904297 -8672.8583984 -8562.5107422 -8926.7294922 -8717.8828125 -8809.2216797 -8201.4296875 -8540.2539062 -8668.0039062 -8600.7666016
-8192.7832031 -7833.0634766 -8316.5761719 -8557.5712891 -8340.5517578 -8439.5732422 -8393.4599609 -8380.1132812 -8353.2353516 -8237.0556641
-8866.3007812 -9054.8056641 -8903.0078125 -9250.5341797 -9040.0742188 -9103.9306641 -8681.2646484 -8943.8417969 -9015.0156250 -8973.1542969
-8585.1083984 -8768.2988281 -8664.6660156 -8732.9326172 -8303.0078125 -8200.9882812 -8688.8857422 -8718.7275391 -8478.0429688 -8562.9912109
-8739.3359375 -9043.2949219 -8768.6259766 -9087.9902344 -8879.6875000 -8977.9023438 -8559.8447266 -8884.5410156 -8929.6181641 -8853.4335938
-8383.4326172 -8661.3437500 -8440.5283203 -8871.3154297 -8519.9169922 -8638.7626953 -8108.0600586 -8433.2539062 -8507.1826172 -8549.3535156
-8806.5341797 -8898.1806641 -8766.1582031 -8869.6162109 -8496.8476562 -8373.0146484 -8891.5556641 -8782.1552734 -8656.1767578 -8725.1552734
-8910.6259766 -9052.8095703 -8987.1582031 -9123.3681641 -8736.4785156 -8830.7412109 -9035.7031250 -8998.7080078 -8712.8173828 -8905.8037109
-9002.2343750 -9017.3056641 -8937.0771484 -9244.7167969 -9095.9199219 -9151.6699219 -8702.5888672 -9014.3212891 -9102.3916016 -9043.5664062
-7978.8818359 -8273.0449219 -8011.8710938 -8384.5507812 -8166.3999023 -8243.7597656 -7782.2626953 -8105.8608398 -8181.6640625 -8118.7138672
-8490.3359375 -8700.7402344 -8551.7578125 -8898.1513672 -8648.1074219 -8726.0898438 -8274.6201172 -8554.4042969 -8633.1542969 -8540.8974609
-9175.3037109 -9393.1591797 -9225.2373047 -9508.0781250 -9307.6328125 -9382.9472656 -8929.8925781 -9204.6894531 -9306.4267578 -9254.9248047
-8756.6914062 -8942.1728516 -8843.6503906 -9140.6386719 -8869.3349609 -8977.2802734 -8470.9023438 -8740.5117188 -8855.5097656 -8846.3251953
-8346.2939453 -8505.6298828 -8403.8691406 -8365.0341797 -8098.0332031 -8118.5449219 -8442.1962891 -8374.9062500 -8189.4028320 -8300.7695312
-8187.5571289 -8444.0019531 -8286.5625000 -8625.0429688 -8405.7656250 -8502.4951172 -7940.4067383 -8292.0507812 -8368.5263672 -8294.3242188
-8115.4521484 -8277.6142578 -8249.9746094 -8495.2070312 -8206.5781250 -8183.7226562 -8186.6811523 -8221.2529297 -8160.4682617 -7886.7387695
-7679.9599609 -7969.7773438 -7757.4296875 -8196.2402344 -7901.0991211 -7998.4492188 -7409.8281250 -7682.5751953 -7846.5615234 -7765.2373047
-7739.6127930 -8072.2656250 -7817.7978516 -8383.8789062 -8005.4433594 -8127.6699219 -7405.8149414 -7792.2080078 -7975.8002930 -7897.4360352
-8994.8007812 -9223.5566406 -9021.6171875 -9285.4111328 -9115.8251953 -9191.5341797 -8850.9677734 -9052.6601562 -9100.2802734 -9050.0664062
-8240.3349609 -8463.8076172 -8297.4707031 -8673.4677734 -8422.4169922 -8473.5107422 -8029.8598633 -8314.3476562 -8415.1503906 -8356.7480469
-7669.9384766 -7805.0458984 -7880.0297852 -7896.8325195 -7283.2236328 -7466.6904297 -7868.8564453 -7821.6469727 -7462.7993164 -7587.5815430
-7960.9824219 -8172.2578125 -8026.4619141 -8452.8154297 -8165.5571289 -8245.9013672 -7683.3330078 -7987.9692383 -8135.5864258 -8115.0361328
-7928.8159180 -8070.3271484 -8072.7578125 -8223.7138672 -7941.6040039 -8086.8183594 -8170.1240234 -8101.5849609 -7925.2602539 -7713.3588867
-7656.3452148 -7932.4956055 -7767.5444336 -8052.8173828 -7864.2822266 -7929.3251953 -7340.8666992 -7732.3461914 -7831.1401367 -7753.6030273
-9117.9609375 -9287.5898438 -9189.8671875 -9410.4316406 -9287.4335938 -9336.0712891 -8892.9755859 -9244.3095703 -9255.2148438 -9183.8847656
-7814.3847656 -8061.1274414 -7974.1250000 -7957.0146484 -7435.8388672 -7431.9018555 -7892.0742188 -7885.6972656 -7510.8671875 -7726.5830078
-8083.3657227 -8295.9472656 -8121.8959961 -8546.5625000 -8222.6171875 -8318.6953125 -7805.5195312 -8093.8105469 -8217.9707031 -8112.4018555
-7769.9526367 -8061.4414062 -7818.7519531 -8176.2915039 -7949.1884766 -8070.6567383 -7541.7314453 -7869.9677734 -7914.0952148 -7858.1948242
-9069.4482422 -9265.4941406 -9137.1591797 -9343.5263672 -9144.4433594 -9248.2792969 -8856.8222656 -9161.2675781 -9148.0625000 -9106.8369141
-7437.0849609 -7706.8598633 -7508.1049805 -7656.1689453 -7084.9609375 -7285.1411133 -7656.6884766 -7619.1289062 -7300.6474609 -7437.0493164
-7602.7177734 -7768.3725586 -7734.7368164 -7873.7919922 -7347.0185547 -7271.1049805 -7762.4736328 -7689.0224609 -7309.2207031 -7537.0034180
-7401.7070312 -7451.9946289 -7528.6250000 -7745.3613281 -7461.1943359 -7598.6987305 -7488.5517578 -7542.9160156 -7454.6860352 -7116.0874023
-7509.2055664 -7784.5258789 -7434.3168945 -7852.8437500 -7606.3969727 -7713.8452148 -7192.5092773 -7486.9262695 -7627.0063477 -7563.8686523
-7216.5322266 -6812.4428711 -7413.8237305 -7785.3720703 -7411.9638672 -7523.2270508 -7493.5605469 -7378.9057617 -7384.6977539 -7262.0351562
-7594.6416016 -7900.3803711 -7640.6093750 -8203.0371094 -7827.6831055 -7942.6157227 -7317.7080078 -7672.5166016 -7761.3242188 -7758.2778320
-8424.3330078 -8611.4443359 -8636.4638672 -7721.1845703 -8420.2031250 -8385.3320312 -8619.5947266 -8531.0244141 -8411.1455078 -8471.5380859
-8595.8818359 -8726.7402344 -8784.6152344 -7937.1518555 -8549.9804688 -8526.4052734 -8717.6806641 -8697.4951172 -8520.2900391 -8576.9492188
-8714.4902344 -8976.1103516 -8862.7099609 -8877.7861328 -8496.6425781 -8329.8945312 -8814.5761719 -8720.2031250 -8628.2832031 -8736.4501953
-8179.8813477 -8326.1572266 -8345.3173828 -8347.6611328 -7912.9150391 -7733.6318359 -8254.7001953 -8234.3955078 -7951.8574219 -8173.9809570
-8470.9707031 -8637.3828125 -8648.1787109 -8666.3251953 -8141.6152344 -7981.1372070 -8614.7988281 -8602.0947266 -8248.2773438 -8407.8144531
-8244.7304688 -8493.5068359 -8496.5517578 -8784.0244141 -8508.8808594 -8593.9931641 -8416.9853516 -8400.2011719 -8468.5390625 -8438.9472656
-8681.7558594 -8860.2236328 -8849.4658203 -7991.1308594 -8576.7626953 -8695.7167969 -8884.0625000 -8784.5732422 -8670.1406250 -8710.1943359
-9091.0986328 -9224.2070312 -9255.5947266 -8522.9257812 -9012.8818359 -9101.9882812 -9243.9619141 -9211.6464844 -9077.0771484 -9156.5839844
-8663.9140625 -8787.8261719 -8753.3447266 -8675.5253906 -8412.9736328 -8240.1445312 -8740.0263672 -8666.3789062 -8435.1396484 -8609.5380859
-8435.8554688 -8645.4951172 -8603.3291016 -8532.8339844 -8278.3212891 -8159.9125977 -8588.8691406 -8585.0937500 -8350.6845703 -8461.7968750
-8361.5585938 -8664.1474609 -8536.0947266 -8782.4589844 -8509.0332031 -8673.2812500 -8576.6035156 -8535.3554688 -8575.4033203 -8524.5322266
-8602.6357422 -8752.8203125 -8690.0234375 -8720.3046875 -8409.5625000 -8284.6289062 -8749.9619141 -8635.8496094 -8465.7832031 -8552.3271484
-8471.9052734 -8698.9023438 -8601.2568359 -7859.1250000 -8379.3701172 -8400.3574219 -8629.7900391 -8580.6972656 -8431.2353516 -8576.8310547
-8916.3408203 -9144.9208984 -8888.4970703 -8962.9599609 -8629.9384766 -8445.4736328 -9066.8417969 -8930.8906250 -8864.2460938 -8905.1582031
-8147.5209961 -8359.8994141 -8249.3095703 -8340.5068359 -7861.1064453 -7672.7954102 -8191.0297852 -8249.6337891 -7932.8549805 -8097.1005859
-8174.7055664 -8398.6875000 -8363.2265625 -8441.1494141 -7913.8745117 -8081.3608398 -8342.3994141 -8396.9853516 -8050.5522461 -8152.0400391
-8049.2260742 -8275.8417969 -8256.7001953 -8587.2207031 -8363.9306641 -8414.9355469 -8238.3613281 -8293.0253906 -8296.3505859 -8116.9140625
-8814.8505859 -9002.4433594 -8889.3115234 -8274.6865234 -8524.7246094 -8562.3652344 -8926.7285156 -8795.4218750 -8690.8105469 -8836.6279297
-8634.8388672 -8802.6269531 -8737.2402344 -8971.7041016 -8687.0332031 -8759.4326172 -8714.3339844 -8724.8437500 -8704.4931641 -8591.3251953
-8123.2631836 -8310.5966797 -8295.1767578 -8358.8144531 -7824.6455078 -7673.7392578 -8326.0507812 -8224.4599609 -7907.7993164 -8047.6718750
-7918.9482422 -8174.4072266 -8118.4946289 -8081.2031250 -7653.5288086 -7776.5800781 -8139.4721680 -8086.0893555 -7835.6767578 -7916.2636719
-8632.8466797 -8768.3691406 -8747.5878906 -8088.2343750 -8541.9775391 -8600.9580078 -8738.5625000 -8683.0400391 -8547.7744141 -8580.4189453
-8384.5449219 -8526.4960938 -8492.6875000 -8542.0576172 -8126.1640625 -7970.2402344 -8530.3076172 -8406.0878906 -8238.9111328 -8369.7998047
-8063.2607422 -8276.5478516 -8248.4814453 -8169.9418945 -7791.8330078 -7840.1586914 -8266.4462891 -8162.1655273 -7888.4912109 -8070.6943359
-7692.4643555 -8030.6049805 -7858.9746094 -8111.1958008 -7918.7514648 -7995.1938477 -7907.0996094 -7950.0629883 -7931.4726562 -7875.8964844
-8508.2001953 -8658.9521484 -8501.6845703 -8523.7353516 -8133.1518555 -7945.3432617 -8598.3623047 -8585.7441406 -8303.6503906 -8435.2685547
-8978.5937500 -9163.4160156 -9114.9306641 -9124.5615234 -8755.5771484 -8765.6533203 -9065.4804688 -9103.7050781 -8864.2294922 -8959.3369141
-8820.7539062 -9011.2783203 -8984.1679688 -9006.1269531 -8619.5107422 -8597.7431641 -8935.1074219 -8945.9863281 -8644.2724609 -8820.9072266
-8630.2539062 -8786.1396484 -8775.5419922 -8892.2216797 -8507.0507812 -8669.6582031 -8764.4296875 -8690.4150391 -8463.8476562 -8631.1923828
-8506.8125000 -8686.5527344 -8662.5996094 -8736.1542969 -8273.7187500 -8446.6572266 -8660.9345703 -8652.5869141 -8420.7343750 -8566.0205078
-8048.5112305 -8162.6220703 -8129.8183594 -8230.4023438 -7823.1904297 -7725.0087891 -8248.9775391 -8177.9404297 -7916.0019531 -8011.0478516
-8226.7080078 -8408.6855469 -8391.2236328 -8430.9433594 -7892.0097656 -7977.3271484 -8272.9072266 -8314.5781250 -8099.0209961 -8318.3974609
-8225.8515625 -8437.1748047 -8413.5273438 -7602.1972656 -8061.4794922 -8189.9863281 -8422.9394531 -8409.1142578 -8105.6367188 -8232.3857422
-8551.1669922 -8652.5517578 -8715.5830078 -8866.0673828 -8283.6474609 -8372.8056641 -8722.8593750 -8674.1484375 -8370.0605469 -8594.5156250
-8584.5419922 -8626.9003906 -8620.5253906 -8811.8564453 -8270.8457031 -8331.5927734 -8639.7412109 -8632.7246094 -8302.5195312 -8580.2968750
-8899.4062500 -9037.6914062 -8995.1503906 -9103.5937500 -8664.5029297 -8579.8007812 -8953.5644531 -8942.6708984 -8759.1464844 -8895.5859375
-8253.1328125 -8391.7929688 -8341.4130859 -8368.0361328 -7952.3100586 -7816.1552734 -8320.5898438 -8281.1708984 -7973.6669922 -8228.0380859
-8089.1523438 -8268.2841797 -8309.2666016 -8265.8935547 -7813.4101562 -7976.3876953 -8266.1757812 -8308.3847656 -7954.4497070 -8134.5571289
-8010.2133789 -8191.3100586 -8169.6884766 -7538.5952148 -7935.9682617 -7975.7763672 -8165.2294922 -8088.2314453 -7970.1372070 -8006.8588867
-9060.0498047 -9266.1289062 -9188.1455078 -9269.2343750 -8747.6855469 -8919.5244141 -9181.3710938 -9160.0781250 -8957.6318359 -9102.1113281
-8985.3310547 -9043.2402344 -9105.4130859 -9011.3779297 -8644.8447266 -8582.6835938 -9086.6445312 -9017.9130859 -8810.4218750 -8970.5175781
-8377.6474609 -8496.1542969 -8471.4765625 -8528.7958984 -7963.1074219 -8102.1342773 -8461.7998047 -8375.9560547 -8144.7661133 -8341.9150391
-8368.4462891 -8569.6816406 -8480.9736328 -8558.8007812 -8276.2607422 -8238.9560547 -8436.9853516 -8449.2490234 -8275.2421875 -8380.0097656
-8278.6923828 -8452.5488281 -8432.3896484 -7729.9130859 -8103.8369141 -8189.0957031 -8451.0791016 -8411.2470703 -8147.7788086 -8307.4257812
-8271.9804688 -8478.7646484 -8422.9199219 -8436.3027344 -7886.8276367 -7962.2680664 -8406.2753906 -8355.1367188 -8066.5249023 -8226.0048828
-8640.9511719 -8824.6992188 -8735.9218750 -8837.7841797 -8267.0908203 -8400.1367188 -8839.0683594 -8728.5839844 -8446.8701172 -8622.0283203
-8337.8750000 -8512.3378906 -8401.9726562 -8526.2871094 -8006.5107422 -8138.0981445 -8368.0371094 -8406.9785156 -8202.2031250 -8276.3789062
-7787.5629883 -8013.9028320 -7981.9155273 -8009.6713867 -7499.6196289 -7685.6694336 -8012.2490234 -7907.2368164 -7675.1010742 -7834.3632812
-7880.9379883 -8003.8168945 -8025.3081055 -8004.6000977 -7471.0903320 -7638.8706055 -7950.2895508 -7968.8364258 -7590.8339844 -7859.0244141
-7988.7167969 -8210.5556641 -8194.0527344 -7393.3789062 -7801.7475586 -8011.2900391 -8221.2558594 -8206.0996094 -7930.4194336 -8044.8457031
-7867.6586914 -8040.3603516 -8009.4414062 -7208.6108398 -7758.0634766 -7860.3310547 -8026.7612305 -8017.3984375 -7776.4648438 -7852.9956055
-8647.5986328 -8759.1328125 -8684.0263672 -8790.3134766 -8365.7968750 -8419.9560547 -8704.1533203 -8702.0937500 -8506.8242188 -8599.9091797
-8124.7221680 -8272.2929688 -8225.7246094 -8360.5830078 -7791.9248047 -7997.0869141 -8372.8271484 -8227.0625000 -7978.4267578 -8153.1093750
-8229.2851562 -8419.4472656 -8373.9501953 -8370.5322266 -7846.8793945 -7752.2006836 -8384.3886719 -8277.6279297 -7971.5219727 -8216.6093750
-7821.1416016 -7965.4101562 -7963.7802734 -7972.8403320 -7396.2368164 -7644.5903320 -7993.3549805 -7952.4438477 -7616.1708984 -7790.2973633
-7882.3417969 -8105.9321289 -8140.1420898 -7341.6147461 -7850.7817383 -7902.8872070 -8127.3300781 -8118.6137695 -7923.6215820 -7971.0903320
-8374.8291016 -8477.1601562 -8437.1103516 -8571.7880859 -8013.3076172 -8149.3227539 -8415.6328125 -8370.6054688 -8198.4521484 -8315.4511719
-8333.8496094 -8480.1533203 -8396.4228516 -7727.5263672 -8214.3417969 -8342.7265625 -8412.1884766 -8382.4062500 -8189.1357422 -8339.5898438
-8558.3291016 -8667.7929688 -8652.1123047 -8565.2246094 -8321.8906250 -8314.1591797 -8613.4228516 -8554.0156250 -8268.5595703 -8523.5253906
-8550.1552734 -8677.0371094 -8678.3623047 -8731.3486328 -8276.3242188 -8377.3994141 -8664.8378906 -8662.5400391 -8398.4248047 -8535.4238281
-8359.4130859 -8507.6201172 -8523.3564453 -8495.1806641 -8016.9169922 -7995.6518555 -8472.6640625 -8447.1533203 -8124.4970703 -8337.9960938
-8230.5878906 -8467.4277344 -8314.3154297 -8160.5454102 -7927.3251953 -7582.5249023 -8397.0361328 -8286.3457031 -8099.1567383 -8257.6523438
-8275.4833984 -8486.9960938 -8499.0800781 -7765.2490234 -8248.4541016 -8343.3457031 -8495.2187500 -8469.5341797 -8230.5585938 -8340.2363281
-8236.1611328 -8463.1005859 -8352.2187500 -8388.0507812 -7889.7949219 -7779.6162109 -8426.9736328 -8285.4072266 -8128.0737305 -8226.9824219
-8763.8105469 -9021.3642578 -8744.9736328 -8820.3876953 -8434.2656250 -8150.3032227 -8861.4716797 -8730.8847656 -8582.6904297 -8813.4072266
-8255.4746094 -8437.9482422 -8380.2373047 -8521.9531250 -7995.0380859 -7908.3530273 -8366.2617188 -8341.8046875 -8045.1069336 -8215.3037109
