-8188.7705078 -7914.2905273 -8470.7685547 -8564.3583984 -8333.4648438 -8428.3398438 -8294.7431641 -8332.3603516 -8390.0585938 -8243.6904297
-8259.2304688 -8411.0537109 -8421.0126953 -8590.7333984 -8315.0292969 -8409.7578125 -8468.4599609 -8338.0546875 -8301.2500000 -8086.7456055
-8214.5068359 -7775.5864258 -8477.1152344 -8577.6357422 -8440.6298828 -8535.5683594 -8405.7119141 -8496.5537109 -8378.8896484 -8220.0859375
-7901.1811523 -7491.7387695 -8141.4570312 -8378.1933594 -8091.0493164 -8142.7104492 -8071.4414062 -8117.5375977 -8066.1064453 -7937.2387695
-7802.3867188 -7486.3959961 -7971.6640625 -8161.8334961 -7876.6376953 -7996.2915039 -7948.0009766 -7988.3632812 -7900.0068359 -7802.8618164
-8142.4140625 -8366.3701172 -8341.8378906 -8438.1005859 -8117.5112305 -8176.3745117 -8359.4902344 -8325.8125000 -7972.8203125 -8150.3671875
-7946.3491211 -7399.1079102 -8098.0209961 -8321.6562500 -8035.1806641 -8237.3535156 -8116.0839844 -8168.7143555 -8105.3867188 -7916.6176758
-7712.2319336 -7401.0976562 -7866.6987305 -8057.4199219 -7842.2104492 -7950.3803711 -7791.5683594 -7879.3247070 -7773.9931641 -7718.0439453
-8164.8710938 -8367.2207031 -8283.8222656 -8412.7548828 -8037.3437500 -8112.3237305 -8286.2578125 -8350.5400391 -7905.2651367 -8073.5375977
-8447.2353516 -8473.5283203 -8636.9130859 -8736.9599609 -8436.8671875 -8552.3886719 -8538.9599609 -8528.2363281 -8501.8740234 -8273.7226562
-7833.5927734 -7461.2832031 -8004.5737305 -8186.9692383 -7879.4951172 -8002.4086914 -7963.9746094 -7915.5439453 -7909.3603516 -7831.3154297
-7969.0327148 -7392.2465820 -8157.8515625 -8318.2470703 -8068.6738281 -8253.5488281 -8087.3999023 -8123.8281250 -8069.9379883 -7946.9018555
-8103.1352539 -7669.2744141 -8226.1992188 -8431.9960938 -8169.0170898 -8227.2431641 -8199.5527344 -8222.2021484 -8177.1113281 -8063.4238281
-8274.4814453 -8470.2255859 -8511.9687500 -8440.0751953 -8109.7280273 -8169.1240234 -8491.9619141 -8428.1953125 -7994.0717773 -8244.8417969
-8550.4062500 -8725.7880859 -8696.6884766 -8862.3906250 -8431.1787109 -8500.0527344 -8722.5468750 -8674.9833984 -8330.8867188 -8553.5576172
-7914.6694336 -8124.7299805 -8034.8032227 -8078.3212891 -7783.0917969 -7795.1040039 -7963.2626953 -7965.6757812 -7651.9008789 -7864.9960938
-7727.1538086 -7377.4833984 -7965.9038086 -8187.0947266 -7906.9873047 -7998.3813477 -7856.6694336 -7931.4555664 -7839.0522461 -7754.1801758
-7506.2099609 -7022.9204102 -7701.7036133 -7945.8129883 -7654.6259766 -7717.6347656 -7680.3515625 -7616.8940430 -7648.5932617 -7504.1459961
-7434.9755859 -7017.1025391 -7629.5625000 -7859.6499023 -7549.1455078 -7670.3828125 -7652.9995117 -7623.8935547 -7551.1801758 -7482.1010742
-7895.0400391 -8014.0717773 -7915.8867188 -8153.4301758 -7638.1752930 -7731.5966797 -7973.6459961 -7990.9672852 -7561.3920898 -7814.5092773
-8089.5439453 -8400.3437500 -8339.0185547 -8396.9638672 -8018.8935547 -8078.9189453 -8276.1201172 -8235.8359375 -7760.4560547 -8175.0234375
-8192.8320312 -7807.5244141 -8258.9619141 -8614.9619141 -8390.2646484 -8459.1777344 -8297.8056641 -8382.1425781 -8303.5351562 -8181.2167969
-7774.0434570 -7468.9565430 -8021.7871094 -8246.3378906 -7924.6884766 -8081.4716797 -7952.5239258 -7997.2714844 -7945.7133789 -7824.9248047
-7696.2529297 -7171.2167969 -7885.9008789 -8221.5107422 -7863.0444336 -8034.2036133 -7758.2705078 -7861.0366211 -7855.1157227 -7747.3315430
-7874.7978516 -8105.8388672 -8014.1777344 -8142.8842773 -7787.3125000 -7845.6147461 -8097.9824219 -8018.1430664 -7683.8813477 -7893.5532227
-7901.9599609 -7466.0361328 -8113.1289062 -8333.0546875 -8051.6831055 -8222.5517578 -8053.4892578 -8121.8403320 -8072.0991211 -7894.0532227
-7745.3037109 -7398.4555664 -7949.7929688 -8282.4853516 -7898.1918945 -8003.0688477 -7875.9951172 -7925.1894531 -7886.3974609 -7753.8588867
-7529.1567383 -7097.9731445 -7804.9750977 -8049.6333008 -7779.7539062 -7871.9091797 -7739.7846680 -7740.1347656 -7731.5761719 -7605.8222656
-8238.3984375 -8469.7734375 -8378.9316406 -8514.9453125 -8160.5478516 -8180.5556641 -8414.5478516 -8335.8798828 -7992.1484375 -8227.7646484
-7866.0556641 -7994.9106445 -8011.9355469 -8319.8740234 -7881.8017578 -8031.5991211 -8022.8876953 -8057.1152344 -7945.1289062 -7697.5771484
-7845.4384766 -7544.8808594 -7987.7192383 -8265.4023438 -8002.9790039 -8141.4135742 -8168.8134766 -8030.3989258 -8058.3940430 -7858.7133789
-8047.6591797 -7657.1523438 -8218.2226562 -8424.4277344 -8222.4521484 -8284.6279297 -8168.2343750 -8281.9570312 -8197.5654297 -8060.6997070
-8080.7641602 -8233.2226562 -8224.3417969 -8260.3427734 -7915.0214844 -7998.1298828 -8246.4365234 -8130.6181641 -7849.2519531 -8065.1445312
-7619.2016602 -7754.5927734 -7846.6113281 -7954.2958984 -7688.2807617 -7789.8393555 -7886.8271484 -7780.9707031 -7668.3247070 -7438.1987305
-8349.7812500 -8493.5849609 -8503.4550781 -8670.5644531 -8408.4550781 -8493.4140625 -8512.6826172 -8492.7978516 -8425.1054688 -8179.7563477
-8033.0000000 -8223.3496094 -8154.8842773 -8307.6269531 -7832.0200195 -7930.0786133 -8197.9150391 -8090.4433594 -7647.1938477 -8026.0971680
-8040.5864258 -8180.7866211 -8164.0053711 -8274.0595703 -7796.6206055 -7855.5234375 -8207.6337891 -8128.6831055 -7652.2011719 -7992.6010742
-8018.2275391 -8165.4072266 -8053.7412109 -8181.9384766 -7801.7709961 -7838.0419922 -8206.3310547 -8106.3935547 -7575.6748047 -7937.2377930
-7849.2905273 -7962.6987305 -7998.0170898 -8142.0527344 -7860.3222656 -7966.6083984 -8003.7314453 -7971.2407227 -7901.5825195 -7573.1420898
-7991.1899414 -8163.2045898 -8115.6259766 -8204.3994141 -7837.1479492 -7887.6982422 -8092.8149414 -8132.9775391 -7756.0810547 -7988.7392578
-8098.5444336 -8268.1357422 -8196.6865234 -8387.2763672 -7905.3305664 -7985.9863281 -8184.0224609 -8200.9375000 -7762.3212891 -8007.9111328
-7526.2431641 -7721.4936523 -7790.1049805 -8006.3486328 -7653.9028320 -7676.6025391 -7762.8481445 -7780.2075195 -7618.0815430 -7274.7148438
-7608.7934570 -7688.7963867 -7696.0366211 -7913.7011719 -7684.9790039 -7711.7592773 -7729.8759766 -7738.2177734 -7594.5107422 -7382.7910156
-8256.1347656 -7898.5493164 -8437.4599609 -8705.0771484 -8418.8085938 -8480.8828125 -8397.9951172 -8499.5937500 -8313.8095703 -8260.7587891
-8030.3833008 -8165.9809570 -8183.9941406 -8381.1220703 -7872.2626953 -7996.4804688 -8243.3242188 -8201.4023438 -7814.4194336 -7998.6640625
-7800.8896484 -8037.6054688 -8013.2548828 -8208.2519531 -7784.1040039 -7803.6528320 -7962.3037109 -8036.7924805 -7646.4868164 -7841.8583984
-8350.5292969 -8527.7792969 -8572.9394531 -8542.3593750 -8153.3569336 -8279.1660156 -8578.6992188 -8504.2998047 -8078.7377930 -8301.0585938
-7868.9316406 -7438.8305664 -8051.9907227 -8407.3427734 -8048.0610352 -8179.6748047 -8013.1855469 -8088.8862305 -8089.5434570 -7952.3710938
-8188.7500000 -8386.9140625 -8313.2558594 -8475.1064453 -8126.0883789 -8154.7807617 -8475.6191406 -8312.0771484 -7859.5908203 -8231.8798828
-8074.6977539 -8292.0888672 -8281.4169922 -8308.0371094 -7904.4228516 -7980.4248047 -8265.6171875 -8137.6118164 -7770.7436523 -8040.4418945
-7932.8027344 -8125.7573242 -8088.1533203 -8218.3154297 -7718.9780273 -7795.0161133 -8138.9267578 -8066.4467773 -7582.9223633 -7927.0800781
-8333.1904297 -8424.3847656 -8515.2636719 -8691.2187500 -8353.5390625 -8460.2089844 -8407.6806641 -8422.2412109 -8297.8046875 -8117.4780273
-7559.2407227 -7722.9526367 -7833.5903320 -8027.9111328 -7609.8925781 -7689.8681641 -7761.5327148 -7795.4047852 -7578.1577148 -7375.1274414
-8192.6777344 -8389.9501953 -8384.2109375 -8580.4619141 -8342.9082031 -8445.8710938 -8437.2421875 -8425.4794922 -8359.7226562 -8118.1337891
-7960.2011719 -8060.9052734 -8136.9399414 -8419.9404297 -8040.2202148 -8099.6093750 -8108.5087891 -8085.6777344 -7968.1235352 -7847.5473633
-8407.8251953 -8594.2617188 -8488.0673828 -8703.0439453 -8454.4228516 -8562.9248047 -8501.7402344 -8584.2333984 -8447.6162109 -8205.6376953
-8008.0810547 -8197.0849609 -8176.8295898 -8325.6894531 -8051.8549805 -8193.6484375 -8171.2348633 -8109.4331055 -8043.7656250 -7917.5537109
-7972.1523438 -8120.1674805 -8138.8496094 -8357.2685547 -8088.0839844 -8164.2460938 -8142.3383789 -8145.6152344 -8143.6787109 -7876.5791016
-7683.5874023 -7780.6552734 -7822.0976562 -8081.2465820 -7666.6577148 -7824.3168945 -7749.5615234 -7760.5375977 -7673.5644531 -7431.8374023
-7872.5268555 -7966.4233398 -8072.3427734 -8233.8652344 -7873.1455078 -7983.2949219 -8068.5834961 -8084.6440430 -7903.9555664 -7648.1757812
-7460.9003906 -6943.8222656 -7604.0356445 -7955.4506836 -7677.7397461 -7693.0297852 -7540.2084961 -7610.1582031 -7572.5986328 -7434.9257812
-7841.3867188 -7601.7524414 -8004.3706055 -8260.4277344 -8064.6044922 -8053.1186523 -7975.0893555 -7955.3847656 -8011.1171875 -7834.1713867
-7964.9272461 -8107.9252930 -8080.5566406 -8145.4448242 -7764.2495117 -7904.5410156 -8073.5795898 -8047.7426758 -7683.4165039 -7827.3056641
-7849.5854492 -8075.1718750 -8019.8500977 -8175.4868164 -7883.3842773 -8017.1162109 -7978.4130859 -8008.5722656 -7904.4667969 -7632.1269531
-7719.5537109 -7917.8593750 -7942.9082031 -8132.6450195 -7778.5703125 -7852.3183594 -7878.1816406 -7854.8632812 -7800.1992188 -7588.3857422
-8259.1855469 -8630.8193359 -8490.6289062 -8789.1142578 -8542.9921875 -8554.9003906 -8496.6552734 -8454.1132812 -8522.1933594 -8385.3007812
-8388.7988281 -8634.9775391 -8573.8134766 -8778.7968750 -8609.6132812 -8706.5234375 -8608.8271484 -8567.4023438 -8602.8671875 -8500.6650391
-8130.0522461 -8454.2041016 -8186.1625977 -8575.0556641 -8287.9687500 -8448.6171875 -8288.1035156 -7871.3535156 -8289.3564453 -8305.6699219
-7949.8520508 -8140.0986328 -8060.7641602 -8399.3261719 -8110.2236328 -8203.5654297 -8122.1625977 -7768.9580078 -8089.9965820 -8056.7568359
-8169.1542969 -8319.2470703 -7891.6791992 -8610.1416016 -8270.3007812 -8376.5478516 -8219.0556641 -8218.5439453 -8294.3779297 -8216.7822266
-8376.1142578 -8543.2470703 -8006.9970703 -8794.9726562 -8595.6621094 -8676.9023438 -8395.1660156 -8395.9482422 -8564.9501953 -8562.4414062
-7751.5966797 -8106.3842773 -7891.6030273 -8265.3632812 -8001.7373047 -7993.5976562 -7920.2055664 -7531.6567383 -7913.2871094 -7922.8793945
-8783.4355469 -9039.5244141 -8486.1083984 -9163.2480469 -8874.5712891 -8932.5644531 -8779.7744141 -8790.9257812 -8837.5351562 -8832.9990234
-8775.2343750 -8990.5820312 -8714.6152344 -9107.0107422 -8874.3974609 -8931.7851562 -8888.3935547 -8417.8085938 -8780.5986328 -8835.9912109
-8714.5058594 -8910.5751953 -8845.1806641 -9206.5703125 -8901.3964844 -9007.6748047 -8884.9521484 -8888.1250000 -8938.7714844 -8869.1035156
-8690.3681641 -8994.1630859 -8892.0830078 -9168.4902344 -8871.2509766 -8910.4785156 -8834.5654297 -8872.7460938 -8863.0996094 -8861.0263672
-8459.6904297 -8759.2558594 -8528.0097656 -8880.9580078 -8631.6123047 -8764.2910156 -8542.6865234 -8209.3369141 -8668.4951172 -8607.9091797
-8159.6259766 -8476.7685547 -8045.7880859 -8588.8085938 -8385.9228516 -8435.4755859 -8348.7988281 -8237.0214844 -8392.3935547 -8394.7177734
-8229.8916016 -8519.2158203 -7852.0156250 -8693.0390625 -8398.4648438 -8447.3388672 -8320.6474609 -8346.6279297 -8360.5898438 -8331.1035156
-8785.2353516 -9090.0791016 -8598.0146484 -9234.5507812 -8922.3994141 -9012.2148438 -8864.2080078 -8838.1855469 -8975.9873047 -8934.6357422
-8146.4985352 -8359.7246094 -7946.6538086 -8533.6943359 -8354.0019531 -8488.0332031 -8242.0488281 -8242.6240234 -8331.2363281 -8273.3857422
-8203.3505859 -8454.2216797 -8222.5927734 -8612.5771484 -8291.6601562 -8322.8564453 -8312.7470703 -7965.9838867 -8290.2822266 -8312.7568359
-8014.4663086 -8304.5000000 -8246.0615234 -8550.3476562 -8283.4111328 -8365.4003906 -8185.7695312 -8187.7670898 -8202.7861328 -8269.6474609
-8386.4804688 -8729.8359375 -8579.0039062 -8867.7285156 -8671.7802734 -8746.2441406 -8556.6464844 -8596.2597656 -8681.1250000 -8544.3964844
-7984.2319336 -8213.4873047 -7713.0571289 -8533.7265625 -8255.2539062 -8383.3173828 -8067.3833008 -8059.8125000 -8271.7695312 -8173.5126953
-7670.6337891 -7877.0429688 -7704.1005859 -8173.6894531 -7843.2412109 -7928.1542969 -7850.7773438 -7449.1455078 -7923.2358398 -7763.5029297
-7952.4140625 -8139.0234375 -8007.3305664 -8379.9277344 -8058.5170898 -8152.5166016 -8111.5117188 -7630.2792969 -8119.6621094 -8054.5371094
-8099.1577148 -8315.0517578 -7837.3769531 -8583.3232422 -8184.4013672 -8273.5732422 -8130.3125000 -8086.7456055 -8186.6250000 -8177.4858398
-7965.1538086 -8253.5117188 -7643.1386719 -8415.1386719 -8202.4541016 -8189.2006836 -8004.5820312 -7980.7133789 -8124.4604492 -8100.1264648
-7725.8398438 -7991.2973633 -7816.7182617 -8135.8007812 -7859.0205078 -7973.2285156 -7867.0429688 -7418.8632812 -7915.9057617 -7764.9736328
-7918.3198242 -8191.0659180 -8176.5258789 -8470.2382812 -8192.8720703 -8257.2050781 -8093.7939453 -8170.3657227 -8170.5712891 -8104.6088867
-7983.9345703 -8228.0761719 -8256.8007812 -8578.2812500 -8231.6914062 -8302.8291016 -8152.2773438 -8191.5483398 -8189.9296875 -8143.3652344
-8159.3125000 -8432.7314453 -8278.7587891 -8662.2373047 -8355.7763672 -8397.2021484 -8259.5927734 -7917.7182617 -8324.3535156 -8271.2900391
-7854.7988281 -8164.0532227 -7566.1396484 -8276.4355469 -8048.1044922 -8143.4418945 -7871.1171875 -7974.4199219 -8007.6040039 -7934.9541016
-7655.8720703 -7937.9311523 -7361.0605469 -8270.0791016 -7942.3110352 -7994.1923828 -7699.7509766 -7804.7163086 -7815.1127930 -7831.2719727
-7452.9980469 -7725.2075195 -7554.8676758 -7899.3432617 -7493.1967773 -7677.2192383 -7543.8583984 -7201.9472656 -7563.3012695 -7555.3041992
-8723.8457031 -9017.8330078 -8521.6113281 -9130.1054688 -8914.7919922 -9000.8808594 -8738.0527344 -8780.1699219 -8882.9228516 -8813.8583984
-8519.4121094 -8710.8759766 -8739.1738281 -8968.0566406 -8700.1435547 -8782.7734375 -8651.6191406 -8684.7568359 -8705.5498047 -8663.1914062
-8196.2568359 -8347.1757812 -8378.1259766 -8735.8007812 -8372.9931641 -8499.6982422 -8376.5566406 -8389.1494141 -8387.8662109 -8310.1318359
-8424.5283203 -8684.8349609 -8522.9150391 -8758.3916016 -8626.2626953 -8663.4003906 -8556.1455078 -8179.6132812 -8601.7792969 -8579.7656250
-8367.5244141 -8518.5732422 -8475.0517578 -8771.7705078 -8543.3964844 -8618.6914062 -8515.2568359 -8204.6240234 -8526.3466797 -8451.8408203
-7755.1298828 -8006.7226562 -7682.4941406 -8229.1777344 -7943.2158203 -8004.7880859 -7850.9672852 -7840.2861328 -7944.0532227 -7912.3710938
-7888.3266602 -8095.4179688 -7964.9038086 -8367.9570312 -7995.7368164 -8116.8920898 -8029.3564453 -7617.3637695 -8055.8305664 -7997.5009766
-7611.9462891 -7952.6684570 -7779.5102539 -8209.8603516 -7825.9062500 -8021.5000000 -7839.1054688 -7822.0014648 -7852.7729492 -7857.2792969
-8393.6699219 -8637.3779297 -8624.2539062 -8904.5615234 -8665.4892578 -8709.7275391 -8589.1435547 -8571.7792969 -8642.8642578 -8526.3066406
-8264.1875000 -8671.7812500 -8531.3056641 -8859.9853516 -8514.5175781 -8601.6591797 -8489.4580078 -8411.7568359 -8486.3779297 -8515.3388672
-7943.4921875 -8302.5673828 -7732.1850586 -8390.6982422 -8167.8310547 -8192.4384766 -7969.6894531 -7911.4702148 -8078.4804688 -8108.3984375
-8379.1289062 -8502.6582031 -8068.4804688 -8732.1123047 -8509.5263672 -8530.2011719 -8392.0703125 -8402.4794922 -8603.6728516 -8444.1523438
-7896.8969727 -8215.6982422 -7961.3662109 -8357.2988281 -8049.0541992 -8144.0664062 -8014.1152344 -7662.0034180 -8050.4208984 -7974.8720703
-8506.3642578 -8753.4931641 -8678.1054688 -8969.6240234 -8712.6865234 -8758.1435547 -8684.8935547 -8685.3310547 -8778.6552734 -8690.8671875
-8461.6220703 -8602.5615234 -8461.9052734 -8804.2998047 -8556.4951172 -8654.0263672 -8512.7949219 -8277.0410156 -8631.9423828 -8594.8759766
-8385.4433594 -8523.6162109 -8173.3774414 -8691.9023438 -8484.2353516 -8558.6669922 -8470.7939453 -8412.8183594 -8476.4580078 -8478.8027344
-8198.9697266 -8430.3466797 -8111.8789062 -8639.4091797 -8391.5615234 -8410.7822266 -8339.7021484 -8293.7099609 -8330.7333984 -8331.6621094
-7932.3735352 -8183.6367188 -8173.7436523 -8458.3632812 -8204.1621094 -8274.8984375 -8068.7758789 -8119.5371094 -8174.9936523 -8144.7866211
-8017.4980469 -8283.1826172 -8196.6005859 -8496.1904297 -8280.0361328 -8332.3173828 -8208.9003906 -8195.8027344 -8204.1181641 -8176.6918945
-8147.8027344 -8543.2871094 -8369.6513672 -8755.5283203 -8496.2851562 -8626.3476562 -8426.8906250 -8381.2675781 -8426.9580078 -8402.8466797
-7616.5424805 -7853.2626953 -7863.0649414 -8164.0234375 -7857.2890625 -7948.2158203 -7786.3935547 -7870.7500000 -7841.7041016 -7786.5366211
-8134.3989258 -8351.2128906 -8276.5283203 -8632.9794922 -8344.1953125 -8463.5615234 -8271.6894531 -7960.7836914 -8385.8759766 -8290.1494141
-7853.7529297 -8140.1240234 -7584.3012695 -8404.9667969 -8131.5449219 -8224.0625000 -7853.4526367 -7922.6713867 -8033.8720703 -7922.8461914
-7868.3012695 -8113.8276367 -7408.1923828 -8365.3203125 -8076.9794922 -8092.7382812 -7927.4433594 -7936.9121094 -8025.1411133 -7925.2773438
-7798.6264648 -8034.9091797 -7687.2197266 -8098.6059570 -7763.5493164 -7778.8574219 -7868.6142578 -7623.4433594 -7873.6176758 -7835.8486328
-7980.3632812 -8110.8364258 -7678.6176758 -8389.8437500 -8091.7514648 -8165.7607422 -8010.7817383 -8004.5371094 -8069.6103516 -8048.7885742
-8119.3540039 -8487.0410156 -8229.4814453 -8609.3496094 -8365.2441406 -8457.9775391 -8311.1953125 -7860.3764648 -8348.3095703 -8314.4179688
-7966.4150391 -8150.6777344 -8053.1401367 -8424.7851562 -8098.1054688 -8223.1279297 -8156.8520508 -8073.6328125 -8088.1289062 -8006.5141602
-7989.2773438 -8253.7832031 -8108.4721680 -8456.3388672 -8113.7919922 -8189.5263672 -8116.1708984 -7714.3017578 -8178.5859375 -8135.6079102
-7769.0512695 -8079.8232422 -7934.2568359 -8295.7851562 -7972.7583008 -8089.9291992 -7977.2539062 -7909.8071289 -7941.8056641 -7911.5800781
-7686.5136719 -7859.0615234 -7274.4980469 -8151.0712891 -7853.7314453 -7939.0380859 -7778.7519531 -7744.8085938 -7841.7519531 -7764.3193359
-7571.9296875 -7921.5869141 -7704.6015625 -8154.2929688 -7790.9511719 -7898.0009766 -7747.5195312 -7336.8496094 -7819.5185547 -7742.3295898
-8228.2597656 -8475.3496094 -8407.6728516 -8690.1093750 -8467.7304688 -8520.6757812 -8468.6337891 -8360.4990234 -8478.4414062 -8342.1923828
-7934.9667969 -8169.7485352 -8088.9858398 -8340.9062500 -8051.1269531 -8210.7470703 -8049.2851562 -7634.5493164 -8102.9321289 -8044.0102539
-7792.8232422 -8112.5297852 -7648.1381836 -8293.1699219 -7980.4804688 -8074.3095703 -7851.9633789 -7721.6508789 -7959.1708984 -7927.3408203
-8024.3618164 -8293.0644531 -7809.2963867 -8358.1933594 -8209.7343750 -8234.8652344 -8131.1879883 -7985.4882812 -8161.7441406 -8123.4458008
-8132.6694336 -8381.4746094 -8160.2363281 -8509.1142578 -8180.1987305 -8318.2539062 -8271.1855469 -7883.0185547 -8218.0976562 -8197.4082031
-7656.9394531 -7972.5454102 -7737.1918945 -8220.4980469 -7835.8564453 -7928.1831055 -7735.4599609 -7398.2065430 -7847.7324219 -7789.5595703
-7467.6025391 -7839.9052734 -7759.8681641 -8187.1972656 -7858.8344727 -7967.7392578 -7700.5625000 -7712.6635742 -7838.0419922 -7605.9936523
-7698.4033203 -7953.0664062 -7880.5312500 -8148.0097656 -7855.4697266 -7972.6259766 -7896.4531250 -7477.0102539 -7884.9248047 -7890.0869141
-7769.6826172 -8083.9506836 -7831.2709961 -8283.5576172 -7943.3750000 -8059.3881836 -7862.5014648 -7468.4633789 -7951.1572266 -7900.1303711
-7588.2109375 -7929.3994141 -7344.2363281 -8179.8271484 -7822.6040039 -7900.8969727 -7587.9526367 -7659.2158203 -7828.8105469 -7761.1494141
-7416.5781250 -7655.1826172 -7010.7402344 -7854.9443359 -7539.3598633 -7677.8344727 -7451.1079102 -7492.0546875 -7556.1489258 -7509.4057617
-7607.4736328 -7957.5683594 -7739.2773438 -8188.3623047 -7835.0659180 -7960.8872070 -7783.9057617 -7257.2695312 -7830.6870117 -7759.3515625
-7826.7153320 -7964.8041992 -7912.7666016 -7995.2817383 -7441.5297852 -7548.9472656 -7988.6098633 -7848.2670898 -7604.9829102 -7754.4365234
-8430.0205078 -8491.8310547 -8447.5595703 -8838.3925781 -8603.1611328 -8708.7197266 -8122.8115234 -8588.9873047 -8649.1386719 -8516.4384766
-8497.8300781 -8621.1796875 -8566.6425781 -8621.5849609 -8250.1699219 -8095.5356445 -8643.7812500 -8586.8007812 -8337.7187500 -8444.0322266
-8555.2871094 -8691.5996094 -8649.4277344 -8920.9287109 -8706.9277344 -8808.6269531 -8380.3417969 -8636.1845703 -8701.4335938 -8667.8535156
-9170.4111328 -9353.0820312 -9147.4609375 -9469.8525391 -9246.4736328 -9345.0898438 -8957.3447266 -9268.4628906 -9319.5419922 -9240.7714844
-8693.8222656 -8901.1796875 -8775.6015625 -9024.4775391 -8851.2656250 -8948.0263672 -8488.3037109 -8807.5136719 -8912.9960938 -8850.7900391
-7978.1826172 -8174.3579102 -8091.7426758 -8487.2841797 -8164.5468750 -8342.2353516 -7809.9042969 -8089.7705078 -8198.7441406 -8067.3378906
-8428.2880859 -8637.7001953 -8601.5380859 -8726.7890625 -8254.3583984 -8140.1865234 -8588.3027344 -8571.6962891 -8337.6455078 -8404.2998047
-8715.6660156 -8847.7041016 -8758.5722656 -8978.3515625 -8582.3652344 -8687.5195312 -8819.2763672 -8827.2792969 -8533.9960938 -8661.2861328
-8676.2822266 -8791.9345703 -8816.0166016 -9014.9101562 -8739.2792969 -8793.4287109 -8733.0664062 -8867.2529297 -8667.3730469 -8438.2939453
-8179.3725586 -8388.6591797 -8234.0322266 -8619.8398438 -8352.2880859 -8398.8603516 -7977.2812500 -8310.0947266 -8393.5205078 -8240.5693359
-7947.4902344 -8079.6030273 -8058.7265625 -8245.3076172 -7676.8759766 -7818.2802734 -8144.7446289 -7999.7753906 -7794.8408203 -7870.9243164
-8814.6640625 -8915.9912109 -8976.3486328 -9087.9404297 -8820.4550781 -8878.7451172 -8909.2343750 -8938.2822266 -8853.8417969 -8696.9638672
-8293.6142578 -8460.8828125 -8342.8408203 -8702.0351562 -8431.5722656 -8472.7998047 -8064.2460938 -8360.3271484 -8388.2187500 -8348.0937500
-8271.4990234 -7918.9580078 -8426.7978516 -8805.4287109 -8434.8134766 -8487.3007812 -8399.6083984 -8441.0878906 -8465.7558594 -8340.6982422
-8945.5029297 -9220.8193359 -9068.5888672 -9251.6406250 -9155.9833984 -9199.8447266 -8790.7597656 -9063.5800781 -9102.3652344 -9084.0810547
-8613.8027344 -8855.0087891 -8757.0947266 -8827.9589844 -8421.0820312 -8314.4589844 -8753.2011719 -8742.4511719 -8514.6464844 -8601.7871094
-8618.5048828 -8845.2343750 -8631.0976562 -9076.2841797 -8860.7802734 -8967.4794922 -8461.4628906 -8690.3066406 -8832.5000000 -8810.2480469
-8542.7197266 -8753.3583984 -8566.4648438 -8951.6621094 -8738.9853516 -8812.0253906 -8334.8281250 -8698.3300781 -8653.2187500 -8645.0751953
-8792.8681641 -8975.5351562 -8856.7099609 -8938.0068359 -8525.4638672 -8376.3496094 -8945.6923828 -8864.6181641 -8668.6757812 -8800.8085938
-8804.6386719 -8932.8466797 -8933.2294922 -9053.0078125 -8666.6982422 -8769.0595703 -8918.9580078 -8899.6542969 -8640.9335938 -8771.8779297
-9102.3144531 -9206.3759766 -9179.4365234 -9448.4726562 -9242.3994141 -9280.1152344 -8882.9531250 -9245.2011719 -9262.0419922 -9128.2607422
-8100.2275391 -8420.6601562 -8151.7617188 -8572.3007812 -8326.1611328 -8448.2304688 -7861.9282227 -8238.8876953 -8358.5146484 -8227.3437500
-8322.1210938 -8570.0898438 -8438.9511719 -8863.5185547 -8556.7919922 -8621.8261719 -8146.5795898 -8422.2304688 -8554.9697266 -8514.2138672
-9075.5449219 -9212.1611328 -9188.3320312 -9436.9531250 -9170.7080078 -9213.4677734 -8991.0830078 -9151.7802734 -9151.3261719 -9153.0976562
-8536.6875000 -8814.6757812 -8646.8066406 -9059.9091797 -8769.2294922 -8837.3300781 -8385.4013672 -8713.5654297 -8822.6259766 -8686.2099609
-8165.5551758 -8394.6962891 -8141.6196289 -8165.9516602 -7954.4428711 -7896.6708984 -8294.0136719 -8233.5380859 -8061.5190430 -8072.4062500
-8033.1010742 -8287.4013672 -8016.4809570 -8376.7255859 -8139.3559570 -8201.1738281 -7747.4047852 -8116.4326172 -8174.1738281 -8117.6669922
-8131.3710938 -8207.7617188 -8290.3544922 -8517.7353516 -8174.3549805 -8228.2294922 -8216.3837891 -8278.2294922 -8139.2285156 -7858.5058594
-7780.1049805 -8055.2773438 -7885.3398438 -8324.8876953 -7944.5683594 -8027.5458984 -7509.4697266 -7843.6401367 -7960.2563477 -7915.1977539
-7607.8041992 -7825.8662109 -7666.7924805 -8135.3593750 -7834.8432617 -7939.7333984 -7287.6831055 -7607.1450195 -7789.4365234 -7727.9125977
-8976.7617188 -9159.6279297 -9067.7753906 -9296.4902344 -9145.4345703 -9207.4619141 -8769.9716797 -9088.1894531 -9126.6474609 -9105.7285156
-8393.8740234 -8616.7216797 -8465.8837891 -8825.1474609 -8627.8925781 -8705.5722656 -8133.4873047 -8457.2919922 -8647.8115234 -8445.5703125
-7384.5522461 -7568.7021484 -7603.2470703 -7620.7353516 -7087.0947266 -7278.7978516 -7596.3051758 -7549.3491211 -7213.7490234 -7404.0249023
-8045.9814453 -8261.4453125 -8099.9799805 -8472.0917969 -8212.5087891 -8313.2314453 -7863.8315430 -8093.5878906 -8192.0791016 -8171.1455078
-7806.2397461 -7916.6289062 -8034.2192383 -8167.7651367 -7819.8076172 -7952.1889648 -7968.0327148 -7948.1606445 -7912.5571289 -7604.3081055
-7616.8320312 -7976.3002930 -7706.7397461 -8131.0859375 -7840.9111328 -7872.4467773 -7396.8403320 -7794.1069336 -7836.8041992 -7755.6718750
-9105.2773438 -9330.6923828 -9188.2851562 -9484.1347656 -9314.9628906 -9332.5673828 -8858.6181641 -9224.1132812 -9279.5166016 -9216.1015625
-7546.4262695 -7735.3095703 -7693.3369141 -7826.8164062 -7293.1040039 -7219.2734375 -7690.2817383 -7619.1967773 -7367.6513672 -7579.0195312
-7945.9628906 -8254.3427734 -8091.7993164 -8499.5214844 -8162.7988281 -8365.6513672 -7672.1606445 -8063.2841797 -8181.4975586 -8085.6826172
-7652.6528320 -7918.9663086 -7744.3383789 -8242.2685547 -7907.2949219 -7996.3818359 -7434.5908203 -7774.3242188 -7909.5263672 -7710.7744141
-9344.1103516 -9484.8876953 -9389.9736328 -9575.4912109 -9487.9082031 -9570.6210938 -9184.5322266 -9401.9199219 -9498.1748047 -9379.1455078
-7389.2475586 -7526.8745117 -7522.8437500 -7589.5864258 -7040.1865234 -7197.7910156 -7504.4604492 -7535.8725586 -7161.5268555 -7339.8579102
-7430.4565430 -7656.8696289 -7613.7460938 -7743.9819336 -7173.6679688 -7106.4477539 -7585.3579102 -7534.1909180 -7205.5073242 -7394.4306641
-7629.8110352 -7809.5097656 -7854.4086914 -8106.2514648 -7700.4008789 -7839.3442383 -7870.3481445 -7836.0053711 -7710.8696289 -7376.2416992
-7461.6450195 -7783.9145508 -7523.4638672 -8068.5444336 -7715.2817383 -7905.7397461 -7246.4238281 -7645.9033203 -7669.9335938 -7658.7373047
-7026.8681641 -6662.0620117 -7202.7094727 -7482.0161133 -7232.9213867 -7348.1635742 -7277.4663086 -7167.3715820 -7225.7871094 -7104.9213867
-7513.3315430 -7654.6821289 -7467.2690430 -7931.0170898 -7651.0742188 -7775.3979492 -7132.0942383 -7521.9750977 -7644.5136719 -7494.4619141
-8485.1621094 -8692.9218750 -8630.1884766 -7743.2270508 -8303.7285156 -8421.7861328 -8656.8203125 -8617.6542969 -8384.1611328 -8420.4238281
-8655.7011719 -8854.8603516 -8774.6015625 -7910.6586914 -8482.1406250 -8598.3369141 -8785.8945312 -8742.7558594 -8610.6699219 -8605.9052734
-8790.7470703 -8944.2216797 -8922.7832031 -8918.9218750 -8599.6201172 -8463.9453125 -8928.3496094 -8951.0507812 -8662.3056641 -8738.3447266
-8046.5000000 -8198.4042969 -8120.8320312 -8269.0253906 -7836.7402344 -7674.5366211 -8231.4716797 -8123.8081055 -7908.3037109 -8027.8344727
-8435.7333984 -8586.4082031 -8567.1904297 -8542.0888672 -8115.7924805 -7931.1879883 -8528.0478516 -8485.1894531 -8181.4316406 -8302.6835938
-8083.4169922 -8362.5156250 -8287.0078125 -8497.7431641 -8192.4394531 -8262.1376953 -8318.8525391 -8228.9990234 -8230.8574219 -8138.9765625
-8703.1337891 -8829.6679688 -8788.5468750 -7987.1601562 -8551.2695312 -8661.8642578 -8837.8857422 -8815.7919922 -8632.2587891 -8682.4052734
-9210.9179688 -9319.5742188 -9322.2382812 -8627.5224609 -9104.6953125 -9178.5722656 -9347.2714844 -9328.0888672 -9140.7324219 -9204.6738281
-8554.7695312 -8680.2099609 -8689.6552734 -8714.2236328 -8302.4853516 -8263.5234375 -8624.7226562 -8645.2226562 -8400.8818359 -8515.3281250
-8472.2236328 -8643.5595703 -8549.5156250 -8662.8867188 -8227.8339844 -8081.7763672 -8591.6904297 -8557.5234375 -8231.4667969 -8434.8056641
-8168.3916016 -8378.6943359 -8304.3046875 -8714.0000000 -8337.5693359 -8449.5195312 -8354.4355469 -8284.8349609 -8389.3447266 -8279.7363281
-8639.7265625 -8753.0644531 -8623.8251953 -8797.6494141 -8414.3593750 -8283.6748047 -8761.2187500 -8723.7685547 -8396.7099609 -8586.8349609
-8642.4287109 -8813.3730469 -8683.4521484 -7897.3999023 -8445.4521484 -8541.2001953 -8797.6367188 -8687.0429688 -8542.6162109 -8650.1064453
-9053.4755859 -9175.6015625 -9065.8876953 -9057.4111328 -8667.1865234 -8469.6630859 -9146.2734375 -9035.2402344 -8893.1777344 -8942.6650391
-7852.6855469 -8097.0078125 -7993.9428711 -7996.8920898 -7685.4912109 -7468.6479492 -7993.2832031 -7952.7167969 -7700.6909180 -7833.5483398
-8012.6240234 -8273.5791016 -8213.3408203 -8299.7089844 -7759.7558594 -7875.2719727 -8195.9716797 -8121.4243164 -7838.5043945 -7980.9785156
-7885.0610352 -8066.2329102 -8128.5087891 -8353.5800781 -8136.5234375 -8233.1035156 -8092.1059570 -8101.5957031 -8093.4282227 -7998.6811523
-8652.3818359 -8815.8681641 -8735.9472656 -8124.1845703 -8422.7724609 -8473.2412109 -8802.4257812 -8721.7431641 -8600.9277344 -8650.8750000
-8577.9130859 -8693.2041016 -8775.9667969 -8879.3076172 -8616.8408203 -8715.5634766 -8779.2744141 -8734.8046875 -8707.1074219 -8429.9218750
-8157.9707031 -8329.2177734 -8241.3281250 -8343.2519531 -7879.0473633 -7742.8266602 -8284.4248047 -8235.5351562 -7921.6904297 -8077.0874023
-7948.7832031 -8114.0166016 -8066.7597656 -8144.8554688 -7575.7314453 -7684.9868164 -8048.8046875 -7981.0947266 -7803.6694336 -7791.0786133
-8716.7636719 -8894.3964844 -8895.1484375 -8095.6445312 -8602.5078125 -8664.3095703 -8925.1376953 -8879.5605469 -8638.1894531 -8653.1464844
-8487.9814453 -8650.9482422 -8564.5351562 -8605.2050781 -8174.6074219 -8112.1787109 -8568.6933594 -8546.5419922 -8371.9121094 -8422.6191406
-7871.7924805 -8139.7021484 -8133.7358398 -8160.7324219 -7582.0351562 -7703.4106445 -8152.4482422 -8037.8564453 -7801.3051758 -7863.8842773
-7831.0581055 -8089.3183594 -8002.9326172 -8325.1347656 -8084.6127930 -8203.4316406 -8025.3671875 -7982.9990234 -8037.1191406 -7999.7216797
-8396.3847656 -8624.7207031 -8417.8671875 -8520.0000000 -8120.9121094 -7942.6074219 -8574.0175781 -8318.9130859 -8318.6982422 -8363.7968750
-8938.1230469 -9081.6259766 -9042.4853516 -9027.4765625 -8716.9453125 -8681.1220703 -9133.3056641 -8992.8437500 -8810.7734375 -8961.7988281
-8928.7246094 -9056.1640625 -9037.7187500 -9080.4921875 -8719.6240234 -8674.9013672 -9073.0820312 -8963.9023438 -8817.3359375 -8967.1181641
-8564.7539062 -8685.8789062 -8635.2812500 -8736.4052734 -8420.1611328 -8520.8925781 -8667.8203125 -8659.4541016 -8335.7509766 -8479.3916016
-8593.5419922 -8714.7158203 -8716.0878906 -8759.2890625 -8336.1503906 -8445.7539062 -8648.6435547 -8652.1562500 -8439.6113281 -8548.5996094
-8172.0737305 -8350.0107422 -8192.1347656 -8403.1669922 -7955.6411133 -7793.1123047 -8322.2900391 -8190.1889648 -7951.8598633 -8099.4760742
-8169.8374023 -8317.7148438 -8254.1132812 -8336.5546875 -7818.8593750 -7997.8774414 -8311.1757812 -8208.9531250 -7986.5502930 -8164.6445312
-8246.2226562 -8369.4541016 -8293.5341797 -7592.2026367 -8115.2578125 -8226.5429688 -8340.2441406 -8258.3320312 -8195.1425781 -8178.5458984
-8562.5585938 -8687.3867188 -8639.8544922 -8680.6552734 -8273.7832031 -8437.0263672 -8675.4658203 -8599.1093750 -8375.0634766 -8539.0800781
-8456.9462891 -8579.5419922 -8594.4951172 -8636.8720703 -8252.5263672 -8258.0302734 -8565.7050781 -8476.1777344 -8293.0517578 -8449.5986328
-8936.5595703 -9036.3232422 -9023.6005859 -9066.0048828 -8740.5996094 -8717.3193359 -8996.6035156 -8974.7216797 -8825.3916016 -8871.8134766
-8283.2832031 -8451.9248047 -8414.1494141 -8538.5019531 -7998.1176758 -7920.0258789 -8452.1708984 -8397.0546875 -8105.3847656 -8278.2080078
-8061.6840820 -8276.8818359 -8209.1435547 -8262.4531250 -7677.3115234 -7846.7299805 -8208.1357422 -8181.6333008 -7902.9462891 -7988.4042969
-8298.9003906 -8484.7568359 -8481.8349609 -7691.0874023 -8135.6411133 -8215.5781250 -8406.0634766 -8438.0556641 -8209.6162109 -8194.5976562
-8924.0605469 -9130.7099609 -9048.5625000 -9110.1923828 -8653.0361328 -8726.9931641 -9067.5166016 -9012.9501953 -8752.6689453 -8900.9482422
-8807.0175781 -8907.4726562 -8939.1738281 -8983.0244141 -8638.8652344 -8591.0986328 -8847.0332031 -8822.7656250 -8673.5263672 -8745.8310547
-8302.1660156 -8471.1962891 -8497.2714844 -8550.2011719 -8046.7822266 -8203.0263672 -8454.8662109 -8481.2451172 -8191.8647461 -8321.1435547
-8544.4833984 -8780.6826172 -8732.7421875 -8650.1542969 -8321.0019531 -8389.3125000 -8764.3066406 -8675.1962891 -8425.5712891 -8551.2412109
-8353.4765625 -8571.3652344 -8503.8818359 -7739.9086914 -8176.3242188 -8257.1191406 -8512.1884766 -8445.3710938 -8250.3408203 -8309.5078125
-8333.3720703 -8484.2011719 -8515.5742188 -8410.1650391 -7915.3974609 -8057.5649414 -8405.9609375 -8381.4072266 -8124.8896484 -8254.8046875
-8645.5263672 -8778.2294922 -8857.4257812 -8683.8378906 -8304.3242188 -8436.3779297 -8774.2685547 -8710.9912109 -8532.6328125 -8593.8955078
-8297.7470703 -8404.9414062 -8419.1435547 -8351.8525391 -7971.7573242 -8084.0224609 -8387.6406250 -8282.3417969 -8140.8354492 -8212.2539062
-7770.7915039 -7928.4194336 -8008.4628906 -8039.5043945 -7459.7753906 -7601.2612305 -7936.9418945 -7847.6074219 -7634.1215820 -7787.2172852
-7808.0781250 -7984.5478516 -7961.3642578 -7986.0444336 -7409.8437500 -7558.9409180 -7989.2534180 -7949.2441406 -7634.1430664 -7796.8657227
-8211.5107422 -8316.9970703 -8306.4531250 -7478.7880859 -7990.8115234 -8153.0346680 -8381.4072266 -8293.1289062 -8076.1801758 -8182.7446289
-7777.3603516 -7925.2495117 -7966.4824219 -7225.0810547 -7640.4033203 -7769.4257812 -8007.0361328 -7907.0078125 -7708.4028320 -7751.6235352
-8715.5439453 -8905.4980469 -8825.8593750 -8966.3798828 -8400.4316406 -8471.0458984 -8812.3564453 -8858.4736328 -8600.8076172 -8654.4101562
-8135.1464844 -8375.8857422 -8334.4863281 -8405.3828125 -7912.2949219 -8075.5712891 -8270.9228516 -8280.9257812 -8107.0781250 -8168.6503906
-8052.4941406 -8228.6083984 -8246.5195312 -8225.0283203 -7707.4970703 -7738.3984375 -8147.1245117 -8191.8857422 -7916.4077148 -8034.0170898
-7595.3115234 -7750.6416016 -7710.2734375 -7811.1250000 -7250.0229492 -7445.4604492 -7724.0234375 -7618.2070312 -7443.7680664 -7487.8637695
-8006.1845703 -8157.5820312 -8207.3320312 -7444.6386719 -7878.5761719 -7912.9052734 -8239.5878906 -8151.2968750 -7950.7514648 -7929.0288086
-8215.1787109 -8389.9052734 -8417.2060547 -8402.2988281 -7875.6997070 -8059.4145508 -8345.9570312 -8303.3515625 -8070.4990234 -8126.6616211
-8386.6855469 -8571.6640625 -8556.6875000 -7903.6015625 -8286.3515625 -8394.0117188 -8495.9238281 -8450.9501953 -8380.9189453 -8367.9179688
-8564.9228516 -8683.2441406 -8658.3662109 -8716.2695312 -8324.7324219 -8400.4882812 -8694.8408203 -8617.0712891 -8300.7900391 -8447.8457031
-8620.0722656 -8739.6591797 -8741.7812500 -8737.1865234 -8347.6240234 -8350.0585938 -8701.3320312 -8689.3769531 -8427.2724609 -8544.0566406
-8566.2343750 -8777.7792969 -8709.1738281 -8665.8681641 -8216.4101562 -8136.3173828 -8734.3281250 -8600.4287109 -8316.2451172 -8568.9248047
-8082.3237305 -8298.1923828 -8065.1884766 -8095.6308594 -7706.9765625 -7484.7661133 -8129.2871094 -8140.6420898 -7872.2656250 -7968.5317383
-8278.8300781 -8484.4814453 -8444.5683594 -7672.7060547 -8089.1772461 -8221.5361328 -8410.9833984 -8370.4423828 -8291.0195312 -8257.6220703
-8229.8544922 -8342.0527344 -8348.4121094 -8258.1787109 -7964.1625977 -7769.6342773 -8379.2939453 -8273.7041016 -8008.1323242 -8117.8872070
-8574.7207031 -8804.6796875 -8566.2890625 -8574.8222656 -8212.3437500 -8019.0039062 -8712.8378906 -8578.3486328 -8412.7617188 -8543.9013672
-7950.4111328 -8199.5166016 -8124.9824219 -8199.2343750 -7767.2187500 -7660.8569336 -8088.0590820 -8061.5834961 -7798.9145508 -7941.8686523
