-27882662.614475
-27882662.614475
-27882662.614475
-27882662.614475
-27882662.614475
-27882662.614475
-27882662.614475
-27882662.614475
-27882662.614475
-27882662.614475
-27882662.614475
-27882662.614475
-27882662.614475
-27882662.614475
-27882662.614475
-27882662.614475
-27882662.614475
-27882662.614475
-27882662.614475
-27882662.614475
-27882662.614475
-27882662.614475
-27882662.614475
-27882662.614475
-27882662.614475
-27882662.614475
-27882662.614475
-27882662.614475
-27882662.614475
-27882662.614475
-27882662.614475
-27882662.614475
-27882662.614475
-27882662.614475
-27882662.614475
-27882662.614475
-27882662.614475
-27882662.614475
-27882662.614475
-27882662.614475
-27882662.614475
-27882662.614475
-27882662.614475
-27882662.614475
-27882662.614475
-27882662.614475
-27882662.614475
-27882662.614475
-27882662.614475
-27882662.614475
-27640159.224126
-27640159.311780
-27640158.885351
-27640159.211253
-27640158.976608
-27640159.242578
-27640158.526435
-27640159.211581
-27640159.220183
-27640159.262345
-27640158.442708
-27640159.148118
-27640159.123213
-27640159.136023
-27640159.212696
-27640159.068920
-27640158.934759
-27640158.383627
-27640158.648161
-27640158.957309
-27640158.469341
-27640159.022683
-27640158.446840
-27640159.190799
-27640159.258715
-27640159.172875
-27640159.196572
-27640159.047580
-27640159.108060
-27640158.772041
-27640159.255588
-27640159.170576
-27640159.194280
-27640159.257161
-27640159.315904
-27640158.727470
-27640159.167775
-27640159.226674
-27640159.320038
-27640159.208839
-27640158.415701
-27640159.251764
-27640158.770878
-27640159.146206
-27640159.241970
-27640158.918888
-27640159.082200
-27640159.321714
-27640159.254826
-27640159.034511
-27459866.276564
-27459867.130209
-27459865.856830
-27459866.288097
-27459866.150172
-27459870.443332
-27459866.180790
-27459866.348141
-27459866.389659
-27459865.650425
-27459865.864132
-27459866.288639
-27459866.123498
-27459866.167096
-27459866.320990
-27459866.282999
-27503132.699303
-27459866.239838
-27459865.556194
-27459865.009042
-27459865.933283
-27459865.909871
-27459866.055397
-27459866.336742
-27459866.296959
-27503132.610930
-27459866.337636
-27459866.159697
-27459866.544830
-27459866.189163
-27459866.089952
-27459866.318606
-27459866.328829
-27459866.023941
-27459866.129752
-27459866.249043
-27459865.674385
-27459866.537545
-27459866.253771
-27459866.328113
-27503132.437492
-27459865.971154
-27459866.126333
-27459865.527696
-27459865.728204
-27459865.600816
-27459866.065886
-27459866.160519
-27459866.288505
-27459865.952798
-27324569.102391
-27324569.369618
-27345343.423151
-27345343.356141
-27345612.717076
-27324569.714433
-27346921.281278
-27324569.817308
-27345343.858247
-27345585.974467
-27324569.822645
-27324572.056926
-27324569.572636
-27324569.865665
-27324569.477096
-27324569.787876
-27324568.906835
-27324569.640339
-27324569.067518
-27324569.895274
-27324568.943829
-27324571.570880
-27324570.042098
-27324569.916148
-27324571.575272
-27342574.022648
-27324569.265680
-27324571.431063
-27324569.099719
-27324571.434642
-27324569.859671
-27324569.412042
-27342570.005739
-27324568.993058
-27324570.206552
-27345587.029067
-27324569.612983
-27324569.392725
-27345343.307116
-27324569.286031
-27342570.203503
-27324568.959936
-27324569.455915
-27342570.615581
-27342570.135736
-27324571.572526
-27324571.466296
-27324569.111321
-27324569.383242
-27324571.537707
-27209212.916280
-27210754.671692
-27211187.229934
-27210755.311754
-27210631.768595
-27210615.981438
-27210754.922815
-27209219.793218
-27219191.438410
-27209214.850642
-27210756.382662
-27210754.876619
-27210756.478403
-27209211.482878
-27210726.305619
-27210615.767060
-27228619.906084
-27210616.917760
-27209219.194439
-27209234.766534
-27209212.489383
-27228732.447627
-27213739.496375
-27210209.372011
-27209219.682403
-27210617.892754
-27210756.372800
-27210754.585567
-27210615.765397
-27209213.022924
-27209212.211914
-27209211.269497
-27209212.483720
-27219187.280328
-27219182.513421
-27210775.716535
-27209211.288602
-27210616.273725
-27209219.408995
-27228620.576439
-27210751.487320
-27210756.482547
-27210756.294680
-27209212.073906
-27218162.954502
-27228736.629691
-27209251.800776
-27210616.232554
-27210220.509408
-27212893.964932
-27098311.771262
-27095597.490783
-27096407.196785
-27096191.289853
-27096410.633735
-27109918.574671
-27098219.482888
-27096476.266942
-27120489.758955
-27095651.377305
-27098311.684214
-27104839.712440
-27095659.297794
-27095767.713227
-27110249.988089
-27109917.701498
-27096559.619218
-27103595.714489
-27095600.896720
-27095641.947844
-27103597.087058
-27096296.839043
-27095641.768268
-27095604.753768
-27110249.274019
-27103597.422719
-27102604.675973
-27098073.246634
-27098220.882417
-27109884.009411
-27103595.705858
-27102660.966240
-27095642.008110
-27095630.088310
-27095598.777092
-27096406.595070
-27103133.057893
-27095641.943737
-27103595.640500
-27095598.322859
-27109882.210808
-27096281.837032
-27095642.141478
-27095597.509807
-27096407.472096
-27102690.970247
-27095699.304958
-27105267.063989
-27120523.345563
-27095599.431331
-26988165.992993
-26996326.326739
-26996556.337539
-26988305.291755
-26988170.216607
-26988166.023571
-26996481.352713
-26996401.374568
-26996392.062935
-27045948.199889
-26988168.656357
-26996499.058135
-26988166.580262
-26988170.159012
-26988167.384005
-26988167.941766
-26996500.555941
-26996823.635093
-26996379.879436
-26988167.420610
-26988168.319395
-26988166.205678
-26996477.135192
-26996395.523252
-26996395.261294
-26996395.252816
-26996484.029878
-26988305.005012
-26988221.635773
-26988167.967502
-26996429.818577
-26988167.477755
-26996388.087082
-26988305.399178
-26996789.002358
-26996513.539346
-26988169.944072
-27002220.999181
-26996481.487178
-27009480.266997
-26996385.805363
-26996513.256462
-26988172.836327
-26998828.997115
-26988304.057662
-26988166.221549
-26996593.004258
-26996471.789800
-26988174.147932
-26988168.808552
-26896474.854835
-26889046.016451
-26889030.521511
-26889027.390613
-26888991.152630
-26888906.270523
-26888957.593435
-26889045.775589
-26917071.311860
-26889055.087114
-26906393.141201
-26889082.207507
-26912551.514935
-26895661.293166
-26888904.132510
-26895200.389350
-26908349.451071
-26889030.345294
-26913592.039693
-26888974.405645
-26888954.630716
-26889028.011134
-26889246.426185
-26889031.446302
-26912123.368317
-26934677.840422
-26910628.271848
-26889029.356112
-26913826.101499
-26888907.886289
-26895701.209071
-26888965.646426
-26909681.016058
-26895553.948462
-26911065.531199
-26923705.665539
-26889032.039131
-26889043.352461
-26889059.848293
-26889017.103634
-26889038.500292
-26911913.823083
-26911719.967080
-26889153.408827
-26889238.972592
-26906409.406039
-26889238.284810
-26908436.450742
-26912136.815320
-26915811.367661
-26806518.279252
-26807836.775579
-26806322.600406
-26807686.453328
-26807600.614513
-26805728.256007
-26812304.509386
-26803165.570920
-26807642.578737
-26835883.146643
-26807648.468843
-26807781.767085
-26803455.375737
-26807773.812105
-26807288.657479
-26808063.198288
-26804704.569911
-26806354.268854
-26807881.963374
-26807707.106663
-26826600.543860
-26804627.697612
-26806072.492230
-26809834.743081
-26809553.642475
-26825884.196071
-26815007.768158
-26846135.497312
-26817803.814793
-26814476.152501
-26803431.325527
-26825342.298546
-26807763.458624
-26802929.067127
-26818134.748219
-26807647.847292
-26814280.660173
-26824202.335930
-26828650.255224
-26819818.475205
-26806041.413068
-26808545.051660
-26825062.836878
-26801654.316043
-26807915.519881
-26807823.668555
-26803600.855241
-26828633.021523
-26815553.451369
-26811965.445376
-26723381.545461
-26729580.958564
-26725911.050310
-26733916.797827
-26743139.193098
-26722433.989519
-26746274.250438
-26750648.805601
-26757119.742761
-26726649.606052
-26720911.152018
-26727523.962428
-26744443.526344
-26732037.576247
-26747568.159031
-26739377.017315
-26744889.590335
-26738249.587306
-26738355.526695
-26740878.185586
-26724973.552217
-26727752.505449
-26742419.345932
-26720582.571391
-26729531.993981
-26726056.102377
-26723833.392344
-26727134.435980
-26736808.156105
-26721239.436148
-26769015.953912
-26728584.651344
-26743027.083558
-26740240.206145
-26726896.124501
-26727755.676940
-26733245.160939
-26741848.547319
-26745806.281581
-26721295.874627
-26721575.842558
-26722965.204968
-26736085.097768
-26761990.427107
-26759008.156492
-26751814.958297
-26725115.154620
-26723326.746185
-26745830.380398
-26744485.135985
-26640660.059164
-26651374.630832
-26663047.310837
-26662085.188172
-26661583.982866
-26650044.811726
-26665043.266558
-26655533.758217
-26676924.164009
-26645414.123175
-26679126.192922
-26685152.919134
-26681142.359796
-26641051.747510
-26646889.055262
-26644233.306487
-26640574.099848
-26654915.336429
-26653115.638613
-26663743.567949
-26658505.969928
-26640492.985311
-26657061.914305
-26649366.964492
-26670422.052443
-26654740.562865
-26653785.465966
-26643814.044337
-26646851.358959
-26654511.172349
-26664429.031976
-26649614.644167
-26673413.617277
-26646802.188365
-26656656.111822
-26679653.009364
-26657044.004084
-26657082.706616
-26660268.621465
-26640599.393616
-26665939.530454
-26650992.875028
-26640635.068713
-26662540.830964
-26650998.990020
-26646923.081638
-26675020.079334
-26661254.260280
-26649291.981107
-26679365.356272
-26567934.784290
-26583537.316668
-26591909.319378
-26595252.956489
-26615514.860659
-26584693.599128
-26585966.091745
-26588184.968517
-26590590.721413
-26581662.703809
-26577024.723706
-26592016.380437
-26574748.308659
-26578965.829671
-26608720.359913
-26575160.344848
-26588948.240256
-26605137.778634
-26599125.340149
-26577853.876243
-26576460.751624
-26588852.653684
-26570903.421481
-26600777.717298
-26580891.420410
-26579799.626831
-26585269.926107
-26581446.851141
-26592105.349218
-26567529.864504
-26592935.862003
-26573497.387001
-26598973.506332
-26584431.941612
-26590099.913404
-26578514.513410
-26575937.125709
-26577434.071889
-26567583.940580
-26588762.840454
-26581763.283739
-26575173.309096
-26608391.528762
-26585773.854913
-26573858.703434
-26589431.731642
-26597071.632004
-26579575.378224
-26576381.674093
-26580452.483887
-26505142.450953
-26509943.078559
-26519176.521432
-26527280.914377
-26527008.130473
-26514639.093324
-26526924.885011
-26534431.290620
-26543388.871819
-26511004.779149
-26518095.007951
-26511819.649451
-26520151.251998
-26523592.295620
-26517092.988165
-26526285.818876
-26523100.158453
-26517276.968341
-26521403.551672
-26511790.243442
-26526617.431725
-26511275.662616
-26562726.255181
-26517003.543728
-26538137.444480
-26510419.471235
-26517140.672940
-26520199.557877
-26521609.768279
-26523495.511422
-26519562.794262
-26524614.493586
-26502727.133065
-26524135.754956
-26511234.901852
-26516710.286051
-26506004.033130
-26508124.830148
-26517385.172705
-26508105.828530
-26500208.176082
-26512049.991239
-26516278.484225
-26525443.179977
-26519027.506228
-26522750.686436
-26522692.674138
-26521618.576153
-26511365.989115
-26506041.120049
-26473685.205949
-26439598.204574
-26443374.866397
-26441955.216915
-26467391.781252
-26453583.035356
-26446768.963289
-26454559.704467
-26444383.397293
-26454430.654369
-26440275.569092
-26457945.507881
-26470782.069611
-26452229.268838
-26448202.865337
-26471504.712194
-26441470.312918
-26473177.365721
-26438687.836929
-26443005.562102
-26466639.409493
-26451896.216711
-26458001.463983
-26444734.076734
-26446528.649503
-26450236.759072
-26446495.254427
-26445320.342510
-26441608.120843
-26447912.210876
-26459858.015152
-26465007.350420
-26430868.521270
-26445627.998385
-26449906.531648
-26454793.553802
-26445109.944337
-26450314.543570
-26441630.125442
-26443034.763105
-26455437.078902
-26442435.993539
-26456065.148705
-26466529.990107
-26441728.608933
-26458171.131147
-26445703.142743
-26445982.006375
-26458798.044457
-26455849.190756
