    prob  log10(PO)   qval  alpha  fst
1  0.221844 -0.545018 0.334667 -0.24164 0.10224 
2  0.054011 -1.2434 0.81251 -0.012640 0.11570 
3  0.056811 -1.2202 0.80426 -0.018867 0.11531 
4  0.047610 -1.3011 0.83982 0.0075868 0.11752 
5  0.040208 -1.3779 0.86389 -0.0040807 0.11628 
6  0.045409 -1.3227 0.84957 0.0035315 0.11711 
7  0.043409 -1.3431 0.85564 0.0066124 0.11733 
8  0.11242 -0.89735 0.59955 0.067936 0.12885 
9  0.10342 -0.93798 0.66164 0.020578 0.12233 
10  0.11182 -0.89997 0.62233 0.064705 0.12804 
11  0.15043 -0.75186 0.43621 -0.15068 0.10818 
12  0.11302 -0.89475 0.59537 -0.077329 0.11137 
13  0.096219 -0.97280 0.68360 0.061195 0.12440 
14  0.045809 -1.3187 0.84649 -0.0014722 0.11669 
15  0.56131 0.10705 0.14671 -0.78582 0.072167 
16  0.046809 -1.3088 0.84407 -0.0017297 0.11654 
17  0.92579 1.0960 0.031656 -1.3755 0.040395 
18  0.98840 1.9304 0.0057011 1.0288 0.25966 
19  0.050410 -1.2750 0.82671 -0.0070008 0.11611 
20  0.087217 -1.0198 0.71179 -0.045562 0.11329 
21  0.077015 -1.0786 0.73773 -0.038823 0.11376 
22  0.043209 -1.3452 0.85631 0.0039361 0.11714 
23  0.64453 0.25844 0.10412 -0.92395 0.064628 
24  0.11082 -0.90436 0.62916 0.075613 0.12977 
25  0.044009 -1.3369 0.85391 0.0038797 0.11710 
26  0.045209 -1.3247 0.85105 0.010901 0.11791 
27  0.060012 -1.1949 0.79267 -0.018413 0.11527 
28  0.048210 -1.2954 0.83804 0.0079494 0.11757 
29  0.041408 -1.3645 0.86085 0.0042090 0.11712 
30  0.045009 -1.3267 0.85178 -0.0029880 0.11641 
31  0.043009 -1.3474 0.85731 0.0099677 0.11779 
32  0.048210 -1.2954 0.83804 0.0026320 0.11704 
33  0.11502 -0.88615 0.58217 0.068079 0.12847 
34  0.041008 -1.3689 0.86239 0.0049307 0.11717 
35  0.039408 -1.3870 0.86508 0.0067885 0.11736 
36  0.11622 -0.88105 0.56777 0.076251 0.12978 
37  0.28906 -0.39085 0.29522 -0.32787 0.096614 
38  0.048210 -1.2954 0.83804 0.0051864 0.11725 
39  0.067413 -1.1409 0.76576 -0.028074 0.11455 
40  0.10122 -0.94839 0.66934 0.026450 0.12284 
41  0.11462 -0.88786 0.59109 0.065427 0.12821 
42  0.047009 -1.3069 0.84366 0.0010234 0.11685 
43  0.062412 -1.1767 0.78208 -0.026331 0.11462 
44  0.10202 -0.94458 0.66682 -0.064312 0.11205 
45  0.057812 -1.2121 0.79981 -0.013695 0.11573 
46  0.091618 -0.99629 0.69443 -0.0068141 0.11866 
47  0.54491 0.078226 0.16072 -0.79210 0.072643 
48  0.11002 -0.90790 0.63568 0.067373 0.12839 
49  0.11802 -0.87349 0.54640 0.080984 0.13049 
50  0.073015 -1.1037 0.74742 0.035166 0.12143 
51  0.079616 -1.0630 0.72865 0.026103 0.12071 
52  0.11542 -0.88444 0.57751 0.069396 0.12876 
53  0.70554 0.37950 0.089336 -0.94490 0.061495 
54  0.053011 -1.2520 0.81570 -0.015540 0.11542 
55  0.089618 -1.0068 0.70437 -0.052884 0.11333 
56  0.057411 -1.2153 0.80132 -0.019083 0.11515 
57  0.062212 -1.1782 0.78302 0.023262 0.11940 
58  0.067614 -1.1396 0.76351 -0.024692 0.11487 
59  0.11182 -0.89997 0.62233 0.064427 0.12807 
60  0.071014 -1.1167 0.75264 -0.025365 0.11480 
61  0.076415 -1.0823 0.74059 -0.037422 0.11388 
62  0.040208 -1.3779 0.86389 0.0012827 0.11680 
63  0.049610 -1.2823 0.83137 -0.010675 0.11584 
64  0.060812 -1.1888 0.78665 0.027578 0.12002 
65  0.048810 -1.2898 0.83526 0.012291 0.11806 
66  0.099820 -0.95511 0.67183 -0.068140 0.11224 
67  0.098620 -0.96094 0.67427 -0.041582 0.11522 
68  0.12022 -0.86438 0.54061 0.077659 0.13036 
69  0.12022 -0.86438 0.54061 0.069269 0.12891 
70  0.082416 -1.0466 0.72217 -0.041417 0.11352 
71  0.95479 1.3247 0.024445 -1.6139 0.033384 
72  0.12382 -0.84978 0.50872 0.081870 0.12696 
73  0.15963 -0.72135 0.39504 0.11382 0.13129 
74  0.11662 -0.87936 0.56267 0.073459 0.12901 
75  0.043209 -1.3452 0.85631 -0.0067176 0.11610 
76  0.047810 -1.2992 0.83893 -0.0012041 0.11660 
77  0.041008 -1.3689 0.86239 0.0040724 0.11709 
78  0.043809 -1.3390 0.85461 0.0061704 0.11731 
79  0.047409 -1.3030 0.84069 -0.0084637 0.11593 
80  0.11182 -0.89997 0.62233 0.071601 0.12934 
81  0.14523 -0.76980 0.45437 -0.12728 0.10841 
82  0.071014 -1.1167 0.75264 -0.032940 0.11431 
83  0.10902 -0.91235 0.64489 0.065810 0.12808 
84  0.070014 -1.1233 0.75515 0.032551 0.12057 
85  0.076415 -1.0823 0.74059 -0.034069 0.11409 
86  0.054811 -1.2367 0.80849 -0.014895 0.11552 
87  0.052611 -1.2555 0.81876 -0.0097981 0.11592 
88  0.067814 -1.1382 0.76236 -0.026955 0.11459 
89  0.068014 -1.1368 0.75882 -0.025647 0.11466 
90  0.047409 -1.3030 0.84069 -0.0094408 0.11588 
91  0.060612 -1.1903 0.79014 0.025438 0.11961 
92  0.049210 -1.2860 0.83286 0.0083417 0.11759 
93  0.057411 -1.2153 0.80132 0.022135 0.11922 
94  0.13383 -0.81106 0.48690 0.090905 0.12821 
95  0.054411 -1.2400 0.81053 -0.012743 0.11563 
96  0.045009 -1.3267 0.85178 0.0070451 0.11746 
97  0.98280 1.7568 0.0080016 -1.7855 0.028242 
98  0.052811 -1.2537 0.81755 -0.011435 0.11570 
99  0.11762 -0.87516 0.55200 -0.086384 0.11082 
100  0.071414 -1.1140 0.75006 -0.026934 0.11473 
101  0.086217 -1.0252 0.71358 -0.047256 0.11322 
102  0.053611 -1.2468 0.81316 -0.010311 0.11586 
103  0.053011 -1.2520 0.81570 -0.018760 0.11516 
104  0.075815 -1.0860 0.74473 -0.014837 0.11655 
105  0.052611 -1.2555 0.81876 -0.012906 0.11562 
106  0.045609 -1.3207 0.84843 -0.0073212 0.11601 
107  0.084617 -1.0341 0.71535 -0.048334 0.11333 
108  0.11042 -0.90613 0.63246 0.067002 0.12836 
109  0.066613 -1.1465 0.77011 0.028234 0.12026 
110  0.053411 -1.2485 0.81444 0.022788 0.11938 
111  0.051810 -1.2625 0.82054 0.016899 0.11858 
112  0.045409 -1.3227 0.84957 0.011950 0.11800 
113  0.047209 -1.3050 0.84156 0.011318 0.11790 
114  0.065613 -1.1535 0.77324 -0.025060 0.11473 
115  0.048810 -1.2898 0.83526 0.014915 0.11832 
116  0.049410 -1.2842 0.83237 0.016591 0.11861 
117  0.041208 -1.3667 0.86178 -0.0031536 0.11639 
118  0.044609 -1.3308 0.85321 -0.0039911 0.11639 
119  0.052811 -1.2537 0.81755 0.015895 0.11854 
120  0.045609 -1.3207 0.84843 0.0092734 0.11772 
121  0.043609 -1.3411 0.85530 0.011299 0.11795 
122  0.058412 -1.2074 0.79828 0.021828 0.11916 
123  0.065013 -1.1578 0.77427 -0.022338 0.11493 
124  0.045609 -1.3207 0.84843 0.0073693 0.11748 
125  0.066213 -1.1493 0.77116 0.032423 0.12109 
126  0.071814 -1.1114 0.74875 0.031234 0.12089 
127  0.060612 -1.1903 0.79014 -0.019877 0.11510 
128  0.045409 -1.3227 0.84957 0.0076845 0.11752 
129  0.17684 -0.66792 0.38363 -0.16857 0.10586 
130  0.14083 -0.78539 0.47123 0.10175 0.12982 
131  0.12282 -0.85380 0.52212 -0.098445 0.11020 
132  0.44669 -0.092963 0.23013 -0.59844 0.082240 
133  0.090818 -1.0005 0.70245 -0.055639 0.11270 
134  0.040208 -1.3779 0.86389 -0.0084938 0.11590 
135  0.059612 -1.1980 0.79431 -0.025410 0.11466 
136  0.067814 -1.1382 0.76236 -0.024325 0.11480 
137  0.067013 -1.1437 0.76796 -0.026831 0.11465 
138  0.048610 -1.2916 0.83573 0.0089308 0.11769 
139  0.084417 -1.0353 0.71709 0.046448 0.12249 
140  0.059212 -1.2011 0.79592 -0.019014 0.11516 
141  0.045209 -1.3247 0.85105 0.0015869 0.11692 
142  0.041208 -1.3667 0.86178 -0.0035385 0.11635 
143  0.050810 -1.2714 0.82562 -0.0094518 0.11590 
144  0.056811 -1.2202 0.80426 -0.020220 0.11506 
145  0.058212 -1.2089 0.79905 -0.023294 0.11482 
146  0.066813 -1.1451 0.76904 -0.021521 0.11501 
147  0.079616 -1.0630 0.72865 -0.035356 0.11407 
148  0.044809 -1.3287 0.85214 0.00026404 0.11675 
149  0.067413 -1.1409 0.76576 -0.027932 0.11454 
150  0.049610 -1.2823 0.83137 -0.00045402 0.11670 
151  0.088418 -1.0133 0.70814 0.044737 0.12212 
152  0.067013 -1.1437 0.76796 0.027124 0.11987 
153  0.057211 -1.2169 0.80207 0.023945 0.11947 
154  0.046609 -1.3108 0.84489 0.011800 0.11797 
155  0.050810 -1.2714 0.82562 -0.0084420 0.11596 
156  0.081216 -1.0536 0.72382 0.043853 0.12215 
157  0.079216 -1.0653 0.73021 -0.040478 0.11401 
158  0.77255 0.53105 0.050353 0.69773 0.20997 
159  0.070414 -1.1206 0.75390 0.031688 0.12043 
160  0.049610 -1.2823 0.83137 -0.013713 0.11567 
161  0.060212 -1.1933 0.79184 -0.020807 0.11497 
162  0.10582 -0.92685 0.65897 -0.072884 0.11151 
163  0.054211 -1.2417 0.81185 0.0059012 0.11748 
164  0.049410 -1.2842 0.83237 -0.0042187 0.11636 
165  0.10762 -0.91865 0.65351 -0.072822 0.11158 
166  0.98980 1.9869 0.0037341 -1.8589 0.026142 
167  0.054411 -1.2400 0.81053 0.014660 0.11836 
168  0.093419 -0.98697 0.68803 0.050996 0.12287 
169  0.12523 -0.84421 0.50166 -0.10107 0.10998 
170  0.18284 -0.65025 0.36000 -0.17109 0.10566 
171  0.054411 -1.2400 0.81053 -0.011638 0.11573 
172  0.042609 -1.3516 0.85797 -0.0050814 0.11628 
173  0.047009 -1.3069 0.84366 -0.0053636 0.11623 
174  0.046409 -1.3128 0.84609 0.011466 0.11789 
175  0.065813 -1.1521 0.77221 0.029620 0.12022 
176  0.049810 -1.2805 0.82986 0.012934 0.11813 
177  0.045209 -1.3247 0.85105 0.012478 0.11800 
178  0.054211 -1.2417 0.81185 0.017309 0.11877 
179  0.60832 0.19120 0.13211 0.52469 0.18578 
180  0.33907 -0.28987 0.26800 0.26877 0.15136 
181  0.41388 -0.15111 0.25445 0.33912 0.16087 
182  0.48870 -0.019637 0.17597 0.40328 0.16937 
183  0.047209 -1.3050 0.84156 0.010143 0.11779 
184  0.21064 -0.57373 0.34730 -0.20005 0.10365 
185  0.050210 -1.2768 0.82724 0.011185 0.11798 
186  0.046409 -1.3128 0.84609 0.0049446 0.11723 
187  0.039608 -1.3847 0.86449 -0.0016248 0.11653 
188  0.48370 -0.028332 0.19015 -0.76018 0.076708 
189  0.71214 0.39339 0.076515 -1.1636 0.055850 
190  0.12082 -0.86192 0.52850 0.078811 0.13070 
191  0.055011 -1.2350 0.80780 -0.018934 0.11516 
192  0.061812 -1.1812 0.78485 -0.021044 0.11497 
193  0.051010 -1.2696 0.82453 -0.0076852 0.11602 
194  0.062012 -1.1797 0.78394 -0.022355 0.11494 
195  0.10802 -0.91684 0.65070 -0.073429 0.11156 
196  0.077616 -1.0750 0.73329 -0.041940 0.11364 
197  0.040808 -1.3712 0.86269 0.0015504 0.11682 
198  0.077816 -1.0738 0.73176 -0.039189 0.11370 
199  0.045609 -1.3207 0.84843 0.0045734 0.11712 
200  0.064013 -1.1650 0.77727 0.024763 0.11957 
201  0.11222 -0.89822 0.60361 -0.078388 0.11116 
202  0.043009 -1.3474 0.85731 0.0057977 0.11734 
203  0.058812 -1.2042 0.79750 -0.011984 0.11587 
204  0.44869 -0.089450 0.21770 0.42389 0.17426 
205  0.050610 -1.2732 0.82617 -0.0091917 0.11601 
206  0.048010 -1.2973 0.83849 -0.012680 0.11557 
207  0.62372 0.21949 0.11844 0.61514 0.20134 
208  0.048410 -1.2935 0.83620 0.011290 0.11795 
209  0.96139 1.3962 0.019404 1.0776 0.27038 
210  0.087618 -1.0176 0.70998 -0.051687 0.11300 
211  0.056611 -1.2218 0.80498 -0.017742 0.11532 
212  0.092819 -0.99006 0.69020 0.050653 0.12285 
213  0.044609 -1.3308 0.85321 -0.0071704 0.11606 
214  0.042408 -1.3537 0.85862 -9.1438e-05 0.11667 
215  0.42048 -0.13932 0.24261 0.35564 0.16329 
216  0.059212 -1.2011 0.79592 0.018243 0.11883 
217  0.051610 -1.2643 0.82285 0.016379 0.11852 
218  0.046409 -1.3128 0.84609 0.0034652 0.11703 
219  0.067814 -1.1382 0.76236 -0.027427 0.11455 
220  0.077015 -1.0786 0.73773 -0.033010 0.11418 
221  0.062412 -1.1767 0.78208 -0.017775 0.11531 
222  0.053411 -1.2485 0.81444 0.0021072 0.11708 
223  0.080016 -1.0606 0.72546 -0.040493 0.11366 
224  0.043609 -1.3411 0.85530 0.0057540 0.11731 
225  0.098220 -0.96290 0.67666 0.058872 0.12388 
226  0.10962 -0.90968 0.64189 -0.082396 0.11126 
227  0.96199 1.4033 0.013003 0.98606 0.25331 
228  0.90238 0.96585 0.036730 0.89567 0.23980 
229  0.96139 1.3962 0.019404 0.99341 0.25480 
230  0.95599 1.3369 0.022138 0.98357 0.25324 
231  0.042008 -1.3580 0.85990 -0.0012971 0.11656 
232  0.051410 -1.2660 0.82341 -0.0096942 0.11594 
233  0.052811 -1.2537 0.81755 0.0079873 0.11754 
234  0.045609 -1.3207 0.84843 0.0090550 0.11769 
235  0.057011 -1.2185 0.80281 -0.013439 0.11558 
236  0.040008 -1.3801 0.86419 -0.0037249 0.11633 
237  0.042609 -1.3516 0.85797 -0.0063021 0.11623 
238  0.096819 -0.96981 0.68133 0.023772 0.12221 
239  0.058812 -1.2042 0.79750 -0.015508 0.11544 
240  0.064413 -1.1621 0.77628 -0.024401 0.11479 
241  0.049810 -1.2805 0.82986 0.0070599 0.11746 
242  0.049810 -1.2805 0.82986 0.011978 0.11801 
243  0.041208 -1.3667 0.86178 0.0035160 0.11704 
244  0.052010 -1.2607 0.81936 0.018676 0.11883 
245  0.050010 -1.2787 0.82830 0.014697 0.11825 
246  0.13363 -0.81181 0.49434 -0.10287 0.10978 
247  0.042408 -1.3537 0.85862 0.00094938 0.11681 
248  0.12282 -0.85380 0.52212 0.080257 0.12699 
249  0.076215 -1.0835 0.74199 -0.037608 0.11380 
250  0.069014 -1.1300 0.75761 -0.024469 0.11481 
251  0.096019 -0.97380 0.68582 -0.060900 0.11223 
252  0.060612 -1.1903 0.79014 -0.024956 0.11467 
253  0.040608 -1.3734 0.86300 0.0027348 0.11697 
254  0.042208 -1.3559 0.85927 -0.0013305 0.11661 
255  0.041808 -1.3602 0.86022 0.0027646 0.11695 
256  0.041408 -1.3645 0.86085 0.0096324 0.11766 
257  0.042008 -1.3580 0.85990 0.00068591 0.11682 
258  0.051610 -1.2643 0.82285 0.014331 0.11831 
259  0.064813 -1.1592 0.77528 0.029944 0.12034 
260  0.073615 -1.0998 0.74608 0.032822 0.12081 
261  0.043009 -1.3474 0.85731 0.0074144 0.11748 
262  0.051010 -1.2696 0.82453 -0.011044 0.11576 
263  0.039408 -1.3870 0.86508 0.0028360 0.11696 
264  0.049010 -1.2879 0.83383 0.0082689 0.11761 
265  0.051610 -1.2643 0.82285 0.0032562 0.11726 
266  0.047009 -1.3069 0.84366 -0.0016430 0.11661 
267  0.048810 -1.2898 0.83526 0.0080343 0.11766 
268  0.45469 -0.078926 0.20435 -0.58042 0.082335 
269  0.059612 -1.1980 0.79431 -0.014744 0.11561 
270  0.25745 -0.46003 0.30877 -0.27547 0.099495 
271  0.76855 0.52122 0.062426 -1.1404 0.053517 
272  0.091018 -0.99943 0.70050 0.00027142 0.11883 
273  0.092418 -0.99213 0.69233 -0.0036007 0.11851 
274  0.051810 -1.2625 0.82054 0.013094 0.11822 
275  0.063813 -1.1665 0.77825 -0.023233 0.11484 
276  0.14003 -0.78827 0.47916 -0.12730 0.10857 
277  0.091218 -0.99838 0.69649 0.022433 0.12208 
278  0.93879 1.1857 0.027787 -1.5949 0.034414 
279  0.049010 -1.2879 0.83383 0.010597 0.11810 
280  0.097620 -0.96585 0.67901 -0.0088229 0.11845 
281  0.10322 -0.93892 0.66426 0.061484 0.12742 
282  0.15243 -0.74510 0.41656 -0.14254 0.10797 
283  0.11122 -0.90260 0.62579 0.065237 0.12823 
284  0.15363 -0.74108 0.40605 -0.12831 0.10808 
285  0.083617 -1.0398 0.71881 -0.046134 0.11325 
286  0.063013 -1.1723 0.78019 -0.029109 0.11445 
287  0.055811 -1.2283 0.80569 0.017133 0.11865 
288  0.050010 -1.2787 0.82830 0.0018306 0.11700 
289  0.044209 -1.3349 0.85356 -0.00050883 0.11670 
290  0.045209 -1.3247 0.85105 -0.0040398 0.11631 
291  0.060212 -1.1933 0.79184 -0.021159 0.11498 
292  0.083417 -1.0409 0.72050 0.043160 0.12205 
293  0.037608 -1.4081 0.86537 0.0040059 0.11705 
294  0.10682 -0.92228 0.65627 0.063088 0.12793 
295  0.075815 -1.0860 0.74473 -0.026313 0.11506 
296  0.25425 -0.46733 0.32162 -0.28095 0.099328 
297  0.11742 -0.87600 0.55742 0.077202 0.13010 
298  0.11482 -0.88700 0.58669 0.091327 0.13105 
299  0.060612 -1.1903 0.79014 -0.013678 0.11568 
300  0.055011 -1.2350 0.80780 -0.015358 0.11555 
301  0.043809 -1.3390 0.85461 0.0055674 0.11723 
302  0.15223 -0.74578 0.42659 0.10588 0.13016 
303  0.091018 -0.99943 0.70050 0.049860 0.12271 
304  0.14143 -0.78324 0.46297 0.097760 0.12907 
305  0.069214 -1.1287 0.75639 0.035087 0.12092 
306  0.047009 -1.3069 0.84366 0.0077641 0.11753 
307  0.042208 -1.3559 0.85927 0.0023787 0.11689 
308  0.30406 -0.35961 0.28180 -0.34555 0.095342 
309  0.051610 -1.2643 0.82285 -0.011734 0.11574 
310  0.047610 -1.3011 0.83982 0.0048351 0.11722 
311  0.047009 -1.3069 0.84366 0.0052066 0.11728 
312  0.046609 -1.3108 0.84489 0.0043363 0.11723 
313  0.055611 -1.2300 0.80640 -0.015998 0.11535 
314  0.99900 2.9995 0.00050010 -2.1592 0.019801 
315  0.044609 -1.3308 0.85321 0.0052284 0.11725 
316  0.18164 -0.65374 0.37206 0.12896 0.13313 
317  0.077415 -1.0762 0.73479 0.042157 0.12187 
318  1.0000 1000.0 0.0000 1.2256 0.29421 
319  0.063213 -1.1708 0.77923 0.0098522 0.11840 
320  0.14663 -0.76492 0.44548 -0.12990 0.10828 
321  0.048210 -1.2954 0.83804 -0.0094107 0.11588 
322  0.061412 -1.1842 0.78576 -0.023025 0.11489 
323  0.088618 -1.0122 0.70627 -0.053880 0.11288 
324  0.11582 -0.88274 0.57271 0.070540 0.12920 
325  0.11202 -0.89910 0.60756 0.070564 0.12899 
326  0.10802 -0.91684 0.65070 0.069214 0.12894 
327  0.11182 -0.89997 0.62233 0.075271 0.12917 
328  0.10982 -0.90879 0.63882 0.047203 0.12572 
