-16683.9843750 -16872.5957031 -17565.4882812 -17108.8359375 -17170.9199219 -17286.9863281 -17015.1191406 -16746.7636719
-16840.6171875 -16832.5566406 -17589.9550781 -17167.5410156 -17147.6875000 -17677.2402344 -16842.6367188 -16655.9492188
-17383.9492188 -17656.9257812 -18145.0664062 -17656.4628906 -17881.5175781 -17991.7597656 -17674.0136719 -17439.3261719
-17159.8242188 -17396.4902344 -17973.5644531 -17675.6679688 -17570.9140625 -17980.8613281 -17397.5390625 -17104.5605469
-17720.0800781 -17725.4101562 -18281.4355469 -17903.7421875 -17955.1035156 -18200.8593750 -17816.5566406 -17752.3261719
-16764.0253906 -17113.6621094 -17630.8144531 -17082.8925781 -17381.4238281 -17334.5957031 -17027.2382812 -16789.1699219
-17655.9140625 -17820.5605469 -18434.5703125 -17857.4960938 -18142.6855469 -18293.8046875 -17877.8671875 -17725.2246094
-16220.8330078 -16616.0136719 -17129.7382812 -16697.2421875 -17080.7871094 -16958.9335938 -16685.2050781 -16425.9218750
-16212.2744141 -16539.5253906 -17267.8828125 -16575.4550781 -16810.8808594 -17131.7402344 -16650.7167969 -16293.0185547
-16637.2324219 -17015.0410156 -17496.5976562 -16876.7402344 -17322.0761719 -17299.2304688 -17060.0351562 -16697.1367188
-16243.6660156 -16624.1289062 -17129.9238281 -16620.4453125 -16863.2832031 -17092.1972656 -16660.2656250 -16263.7050781
-16340.7353516 -16406.1523438 -17356.0214844 -16737.3027344 -16780.6777344 -17154.5546875 -16522.0625000 -16081.3427734
-16547.0214844 -16690.0996094 -17203.3203125 -16881.1796875 -16980.4355469 -17089.1308594 -16720.8906250 -16424.6679688
-16447.6953125 -16853.2929688 -17329.3476562 -16754.3027344 -17099.1621094 -17183.7695312 -16672.4257812 -16546.6152344
-16521.0996094 -16746.8984375 -17619.1132812 -16978.4726562 -17097.1074219 -17365.4824219 -16946.5000000 -16710.0097656
-16175.4892578 -16521.0566406 -17141.8203125 -16491.1113281 -16729.6074219 -16887.3984375 -16542.2265625 -16482.8066406
-17566.4960938 -17787.7558594 -18489.6425781 -17991.2421875 -18092.2929688 -18396.2734375 -17858.0722656 -17555.9375000
-16806.4277344 -16975.6250000 -17668.7382812 -17106.3125000 -17301.2148438 -17519.6601562 -17115.9726562 -16794.0097656
-15984.7548828 -16224.7353516 -16937.9062500 -16466.4570312 -16608.7363281 -16907.4453125 -16297.7968750 -16076.8281250
-16605.8652344 -16902.2812500 -17475.2304688 -17010.3359375 -17228.4511719 -17463.6074219 -17070.9941406 -16703.7519531
-16658.4355469 -16896.2500000 -17521.1718750 -17065.2695312 -17317.1152344 -17396.4414062 -17027.1757812 -16639.8281250
-16641.1210938 -16793.7226562 -17432.4140625 -16946.4804688 -17114.9511719 -17327.0605469 -16832.2832031 -16669.6464844
-16162.9482422 -16403.1875000 -17079.9218750 -16407.2285156 -16552.9687500 -16902.1210938 -16314.4472656 -16093.8476562
-16771.3632812 -16967.4218750 -17853.0781250 -17097.0625000 -17134.6503906 -17673.1074219 -16942.5488281 -16757.7089844
-16577.5175781 -16848.4707031 -17490.1875000 -16828.5761719 -17135.0078125 -17362.7460938 -16743.5410156 -16659.4335938
-16409.7265625 -16737.7519531 -17553.4550781 -16893.5664062 -17265.3125000 -17307.2792969 -16942.8867188 -16544.2656250
-16312.6972656 -16576.5195312 -17176.6425781 -16736.0937500 -17026.5546875 -17009.0976562 -16778.1816406 -16189.0732422
-16666.8652344 -16874.0546875 -17452.8632812 -16983.7128906 -17154.7910156 -17262.0996094 -16818.0078125 -16856.2656250
-15332.7617188 -15410.2861328 -16353.1513672 -15660.2607422 -15709.9433594 -16155.1416016 -15527.8867188 -15137.6513672
-15558.2714844 -15740.3007812 -16623.3300781 -15824.5224609 -16156.7441406 -16430.8632812 -15779.9716797 -15361.0097656
-16230.6259766 -16552.1093750 -16981.0507812 -16465.7187500 -16957.9394531 -16880.0917969 -16633.0957031 -16267.1298828
-17061.9882812 -17269.5644531 -17814.0996094 -17265.0781250 -17578.0429688 -17708.3945312 -17371.2089844 -17096.6640625
-16622.2480469 -16893.1562500 -17389.4902344 -16889.5937500 -17380.2480469 -17296.2226562 -16993.5468750 -16500.7929688
-16056.9970703 -16541.1972656 -17280.7324219 -16686.2636719 -16774.0605469 -17132.1445312 -16462.1855469 -16147.4677734
-16837.6386719 -17183.1269531 -17781.1269531 -17182.7460938 -17443.0859375 -17659.4082031 -17224.7734375 -16977.1523438
-16827.7773438 -17256.8066406 -17932.0234375 -17407.5859375 -17640.4160156 -17821.7949219 -17369.4785156 -17034.6074219
-17106.5722656 -17301.2636719 -17981.0605469 -17431.7929688 -17761.4257812 -17815.9160156 -17370.2324219 -17207.7539062
-16999.1289062 -17094.4667969 -17531.7753906 -17112.8359375 -17471.4023438 -17737.2734375 -17131.7148438 -16981.2402344
-17008.6601562 -17075.5722656 -17553.2031250 -17102.6660156 -17526.7851562 -17420.1523438 -17215.2382812 -16798.3378906
-17294.8144531 -17379.3183594 -18051.8066406 -17483.3847656 -17710.2285156 -17923.7851562 -17504.5722656 -17142.6093750
-16938.8593750 -17184.5722656 -17669.4589844 -17368.4003906 -17673.7734375 -17547.8886719 -17339.6582031 -17020.1933594
-17485.5644531 -17588.8867188 -18009.4609375 -17682.6738281 -18000.2187500 -17975.3183594 -17741.3867188 -17429.8320312
-16778.9531250 -17031.9570312 -17641.3554688 -17067.6621094 -17237.1777344 -17602.6074219 -17041.0781250 -16771.7343750
-16757.7246094 -16815.3925781 -17754.0449219 -17137.2207031 -17300.9589844 -17610.1699219 -16952.1074219 -16580.0585938
-16443.0527344 -16723.4316406 -17289.6914062 -16761.7050781 -17128.0351562 -17338.0175781 -16632.3730469 -16511.9707031
-16914.7265625 -17331.3945312 -17572.8222656 -17204.9355469 -17587.8769531 -17352.9160156 -17438.1484375 -17270.0156250
-16787.6562500 -16864.4082031 -17712.5234375 -17049.2949219 -17166.6035156 -17628.2988281 -16871.5468750 -16734.2167969
-17016.4121094 -17314.1855469 -17853.1152344 -17315.8906250 -17483.3222656 -17765.8417969 -17241.9453125 -17014.2167969
-16633.1816406 -16804.7890625 -17240.7382812 -16821.6035156 -17210.6367188 -17153.7636719 -16786.7792969 -16679.4648438
-16726.1523438 -16891.4257812 -17409.9824219 -16833.1406250 -17229.7089844 -17114.9316406 -16850.3945312 -16751.0917969
-16907.8281250 -16969.3476562 -17764.3710938 -17146.3984375 -17251.7207031 -17684.3906250 -16942.8886719 -16686.2343750
-17930.4628906 -18108.5625000 -18769.2636719 -18184.5546875 -18373.2949219 -18651.4121094 -18125.9121094 -17967.3261719
-17714.4238281 -17839.8984375 -18423.0507812 -17939.0605469 -18133.7343750 -18349.7656250 -18024.9472656 -17606.6757812
-18437.6367188 -18526.3574219 -19045.8457031 -18674.1855469 -18747.3808594 -18955.0019531 -18613.1582031 -18373.7871094
-18202.7910156 -18274.9238281 -19052.1328125 -18598.3437500 -18595.5839844 -18950.5156250 -18396.8476562 -18074.4316406
-17284.8437500 -17665.1503906 -18005.5234375 -17597.1210938 -17888.5351562 -17949.6679688 -17622.1835938 -17395.1718750
-16593.6640625 -16811.0625000 -17515.4628906 -16851.6796875 -17072.5449219 -17219.0820312 -16909.6152344 -16579.5585938
-17838.2792969 -18030.7050781 -18581.6269531 -18033.3613281 -18376.7480469 -18473.0253906 -18131.6308594 -17900.2812500
-17327.0507812 -17556.9218750 -18259.5039062 -17604.0000000 -17794.5605469 -18060.5273438 -17637.5839844 -17288.7871094
-17519.0546875 -17710.7050781 -17708.5429688 -17550.3125000 -18241.0761719 -17384.1621094 -17894.1289062 -17405.7792969
-17210.2929688 -17317.1054688 -17845.9316406 -17512.1425781 -17492.9648438 -17740.5136719 -17380.1640625 -17225.9160156
-16897.8632812 -17119.0488281 -17784.7324219 -17105.6230469 -17425.6152344 -17609.3730469 -17263.7773438 -16858.9882812
-16841.1875000 -16923.7675781 -17603.3222656 -17140.3417969 -17262.7265625 -17527.6464844 -16972.0156250 -16920.2695312
-17267.4648438 -17183.6464844 -18348.5078125 -17692.5820312 -17566.8359375 -18166.9453125 -17363.2675781 -17130.0605469
-17231.5878906 -17354.2929688 -18108.0996094 -17589.1015625 -17665.5898438 -18025.2792969 -17449.1054688 -17254.2226562
-17298.8964844 -17498.0957031 -18012.4335938 -17490.8671875 -17812.3417969 -17847.4394531 -17587.2519531 -17235.0234375
-17954.6328125 -18296.2265625 -18362.9199219 -17971.3730469 -18538.9257812 -18144.9199219 -18319.8984375 -18269.4277344
-17339.6679688 -17677.8437500 -18138.0488281 -17743.0351562 -17986.0566406 -18138.4550781 -17691.2519531 -17554.6953125
-17054.0097656 -17212.7910156 -17862.9726562 -17429.0000000 -17514.6816406 -17895.8164062 -17284.3906250 -17081.2441406
-17986.4785156 -18176.6035156 -18519.7539062 -18107.1542969 -18405.6933594 -18494.8144531 -18269.1054688 -18123.3710938
-17731.5429688 -17714.7070312 -18502.9648438 -17942.3886719 -18030.6777344 -18382.5488281 -17890.7070312 -17616.4160156
-17184.2070312 -17222.8789062 -18120.7324219 -17507.2421875 -17440.5351562 -17920.9960938 -17212.2226562 -16997.4726562
-17491.5312500 -17646.3671875 -17986.9804688 -17606.5468750 -17890.3613281 -17965.6953125 -17640.1367188 -17498.6035156
-16422.5292969 -16681.5078125 -17363.8554688 -16709.6191406 -16839.6289062 -17149.1542969 -16688.6171875 -16222.9511719
-16756.0742188 -16883.6289062 -17381.4472656 -16849.2968750 -17167.7558594 -17325.2460938 -16976.0898438 -16678.1894531
-16971.7773438 -16923.7812500 -17637.8750000 -17031.4472656 -17092.4609375 -17679.9570312 -17006.2187500 -16657.8007812
-17408.3828125 -17549.8457031 -18260.4843750 -17618.2089844 -18013.7187500 -17947.2519531 -17748.6152344 -17430.3125000
-17499.7207031 -17325.1757812 -18280.7792969 -17726.2851562 -17646.1816406 -18065.5957031 -17522.9453125 -17173.5234375
-16827.5664062 -17128.1015625 -17605.2187500 -17170.6445312 -17297.7148438 -17616.6328125 -17065.4062500 -16866.8632812
-17068.7519531 -17247.8769531 -17947.2617188 -17414.2031250 -17640.0742188 -17771.1562500 -17381.2695312 -17124.4062500
-17185.9023438 -17464.2910156 -17458.5898438 -16977.4082031 -17709.4375000 -17287.9472656 -17474.7285156 -17304.7363281
-17413.2949219 -17649.9121094 -17398.5429688 -16870.9589844 -18036.3417969 -17304.5996094 -17743.5527344 -17449.3320312
-17114.2460938 -17174.0917969 -17198.4472656 -16788.1601562 -17504.9062500 -17139.0566406 -17261.7421875 -16993.3417969
-18698.3105469 -18864.5742188 -18752.4199219 -18296.5996094 -19216.2304688 -18638.9257812 -18871.4746094 -18782.9160156
-17620.2363281 -17915.1894531 -17662.0039062 -17183.1328125 -18363.6308594 -17680.7851562 -17885.3886719 -17696.4863281
-17276.5390625 -17367.3925781 -17452.7167969 -17069.6035156 -17751.8261719 -17516.7265625 -17458.1015625 -17313.3476562
-17892.0664062 -18157.8496094 -17955.8671875 -17440.5527344 -18556.9179688 -18108.4765625 -18237.1074219 -18010.9472656
-17150.4882812 -17290.9628906 -17215.6933594 -16717.8027344 -17678.7402344 -17101.1406250 -17211.7089844 -17113.6250000
-16686.5136719 -16933.4882812 -16827.5878906 -16345.5019531 -17405.1406250 -16990.8906250 -17080.4628906 -16701.4238281
-17036.8046875 -17090.0742188 -16881.6113281 -16423.6367188 -17570.0957031 -16752.0566406 -17236.4023438 -16921.5292969
-17060.4218750 -17253.3417969 -17280.3554688 -16642.0410156 -17694.7597656 -17344.3593750 -17348.5292969 -17094.9394531
-17081.3925781 -17556.7402344 -17102.6660156 -16636.0488281 -18020.5507812 -17070.1328125 -17508.2187500 -17307.7734375
-15862.6513672 -16019.8955078 -16168.8750000 -15735.9589844 -16280.8798828 -16042.2275391 -15927.2441406 -15685.7109375
-17981.1894531 -18304.4160156 -18156.4882812 -17673.6660156 -18579.0429688 -18151.7226562 -18233.5683594 -18144.1289062
-17292.3554688 -17379.6972656 -17460.8964844 -16566.8847656 -17699.1601562 -17419.3613281 -17436.1152344 -17255.5000000
-17853.0898438 -18226.3671875 -18061.8007812 -17624.3867188 -18514.8476562 -18083.4824219 -18234.6152344 -18031.9199219
-18070.2460938 -18213.5253906 -18074.6269531 -17605.8476562 -18522.4687500 -17968.8476562 -18299.4531250 -18124.3261719
-17094.9335938 -17328.6074219 -17149.4394531 -16645.1621094 -17675.7363281 -17107.2011719 -17274.4433594 -17133.4355469
-16762.8945312 -17042.5273438 -16952.2832031 -16399.3769531 -17401.5800781 -16901.7773438 -16873.3652344 -16795.4531250
-17141.7128906 -17312.9863281 -17122.3496094 -16618.3613281 -17538.5800781 -17223.8496094 -17275.1855469 -17166.1230469
-18188.7070312 -18705.0839844 -17318.3554688 -17848.2695312 -19012.3730469 -18056.0234375 -18574.4746094 -18435.9375000
-18175.1562500 -18442.0136719 -17004.5859375 -17865.9746094 -18882.8828125 -17852.9785156 -18405.9160156 -18320.5644531
-18602.8867188 -18928.0976562 -17665.2910156 -18277.9921875 -19274.1269531 -18037.7226562 -18923.9335938 -18668.7675781
-19772.1445312 -20104.4062500 -18949.8515625 -19530.6855469 -20378.5039062 -19435.4902344 -20022.7460938 -19832.7578125
-17819.3281250 -18211.5898438 -17536.4003906 -17559.5214844 -18728.9335938 -17489.4160156 -18167.0625000 -18035.1191406
-18936.2773438 -19232.9960938 -18065.6757812 -18654.5429688 -19555.0957031 -18598.3515625 -19248.8417969 -18983.2578125
-18913.7558594 -19217.5332031 -18009.2812500 -18694.1445312 -19520.6328125 -18723.1992188 -19181.1347656 -19035.4257812
-18731.1601562 -18972.2656250 -18023.6933594 -18519.5703125 -19390.4550781 -18295.6269531 -18897.1093750 -18864.9941406
-19278.4042969 -19508.8828125 -18615.6230469 -19012.6757812 -19797.2753906 -18873.4511719 -19525.0449219 -19289.3261719
-18883.8632812 -19167.2792969 -18177.7558594 -18644.0214844 -19486.3261719 -18610.4589844 -19159.6074219 -19031.1914062
-18043.3554688 -18381.4003906 -17058.5000000 -17882.5390625 -18822.1914062 -17578.8964844 -18467.6972656 -18215.7578125
-16916.5371094 -16607.7871094 -17890.6347656 -17230.0546875 -16434.3945312 -17693.2910156 -16474.2246094 -16847.4804688
-17311.7480469 -16789.7734375 -18118.6757812 -17532.9394531 -17148.2285156 -18001.2128906 -16956.3476562 -17145.6992188
-18142.3789062 -17911.9218750 -18925.6132812 -18462.9726562 -17762.2773438 -18802.4257812 -17719.7128906 -18138.1367188
-18453.0449219 -18147.8554688 -19177.5351562 -18605.6914062 -18407.6953125 -19132.5937500 -18149.7519531 -18328.2519531
-17760.8085938 -17394.9550781 -18590.2363281 -18041.5390625 -17696.5175781 -18510.2949219 -17573.3574219 -17563.6542969
-17248.1601562 -16779.6171875 -18120.9355469 -17525.4902344 -17186.6230469 -17998.5683594 -17063.8847656 -17144.3261719
-16496.2343750 -15905.9589844 -17441.6367188 -16768.5566406 -16288.5859375 -17228.8222656 -16156.8300781 -16324.2089844
-18207.8808594 -17807.7910156 -18872.1640625 -18491.2031250 -18123.1152344 -18893.4550781 -17979.3964844 -18147.8476562
-16646.3867188 -16005.0322266 -17576.3515625 -17009.9121094 -16445.4394531 -17574.9062500 -16285.9443359 -16480.6699219
-17048.7636719 -16611.8710938 -17996.4160156 -17358.9101562 -17003.5019531 -17981.6699219 -16867.1875000 -17007.4414062
-17030.9082031 -16800.2480469 -17928.3437500 -17406.1699219 -16849.5273438 -17946.3320312 -16700.8066406 -16966.1289062
-16779.3027344 -16345.7587891 -17533.6933594 -16864.9863281 -16904.0546875 -17496.2382812 -16767.5937500 -16511.8476562
-17246.6835938 -16722.9199219 -18072.8847656 -17481.8476562 -17039.9707031 -17965.1367188 -16887.5136719 -17022.1406250
-17163.6875000 -16555.2031250 -17896.4375000 -17383.5898438 -17057.8515625 -17803.6523438 -16759.7031250 -17029.9960938
-16726.6230469 -16071.6513672 -17623.7167969 -16916.8867188 -16638.3710938 -17518.1484375 -16361.6855469 -16507.9804688
-16134.8349609 -15587.1093750 -16944.6054688 -16336.6289062 -15966.1220703 -16983.4355469 -15862.7080078 -15791.7373047
-16558.0527344 -16186.2734375 -17499.0996094 -16892.9160156 -16671.0566406 -17397.5292969 -16300.3994141 -16385.8300781
-16300.2675781 -16028.8642578 -17251.7363281 -16733.4238281 -15921.2490234 -17176.2636719 -15808.4189453 -16222.0224609
-16960.7441406 -16748.7753906 -17854.0664062 -17171.9941406 -16540.1093750 -17797.8222656 -16479.2832031 -16699.4355469
-17625.0585938 -16943.6425781 -18250.1757812 -17821.7949219 -17472.4785156 -18212.0996094 -17231.7695312 -17383.3691406
-16771.6191406 -16245.2246094 -17678.5292969 -17079.0742188 -16532.4570312 -17700.4277344 -16627.3300781 -16562.0761719
-17652.5527344 -17456.4062500 -18452.5839844 -17957.1523438 -17176.2265625 -18501.0800781 -17327.1601562 -17601.4257812
-16761.9394531 -16152.8896484 -17593.2617188 -17154.2753906 -16722.1679688 -17686.3378906 -16559.3066406 -16566.7851562
-16648.9707031 -16045.4052734 -17387.1660156 -16794.0527344 -16717.5527344 -17332.6738281 -16389.6601562 -16477.3593750
-16906.4082031 -16631.7519531 -17828.6757812 -17102.2089844 -16387.9355469 -17744.7226562 -16467.7402344 -16692.8222656
-15779.9902344 -15119.2490234 -16902.1601562 -16053.9824219 -15585.3017578 -16723.3867188 -15416.5507812 -15627.1015625
-15408.5146484 -14719.0976562 -16241.2353516 -15621.3779297 -15397.9482422 -16190.7871094 -15078.4033203 -15198.4462891
-15519.3583984 -14905.2363281 -16435.0781250 -15769.2050781 -15469.9951172 -16448.6425781 -15309.7558594 -15311.2353516
-16348.8623047 -16005.0390625 -17276.6191406 -16690.4785156 -15691.9423828 -17302.4082031 -15726.7724609 -16184.0390625
-18316.9707031 -18130.9746094 -19050.6367188 -18443.0527344 -17857.0058594 -18904.0390625 -17836.1289062 -18271.7070312
-17242.9863281 -16996.2167969 -18132.6914062 -17400.7871094 -16621.8164062 -17996.0449219 -16752.1230469 -17070.1542969
-18144.6835938 -17672.4589844 -18909.0703125 -18383.0507812 -17926.2558594 -18854.6699219 -17972.2187500 -18048.4824219
-16939.6796875 -16465.0605469 -17533.9726562 -17172.4277344 -16932.6875000 -17560.0429688 -16737.4628906 -16757.9316406
-16828.5390625 -16347.2568359 -17696.2500000 -17232.2128906 -16931.2070312 -17676.7441406 -16819.5781250 -16731.1289062
-17233.0097656 -16914.6367188 -17906.3261719 -17416.3554688 -17206.5312500 -17876.1914062 -16996.1816406 -17007.9804688
-16670.2363281 -16192.6474609 -17770.8066406 -17016.9257812 -16638.5898438 -17694.2402344 -16393.8281250 -16646.0820312
-16435.7500000 -16244.7744141 -17314.7656250 -16642.3632812 -16058.6308594 -17304.7343750 -15939.9814453 -16308.3222656
-16308.0253906 -15848.3583984 -17288.8222656 -16599.4980469 -16105.4902344 -17223.0625000 -16092.6464844 -16183.5126953
-16176.5712891 -15604.8300781 -17124.4453125 -16428.0742188 -15926.3251953 -17071.7148438 -15740.3134766 -15914.4667969
-16010.4550781 -15342.6445312 -16910.5761719 -16250.7802734 -15712.0058594 -16816.7656250 -15709.5302734 -15715.5468750
-17166.1621094 -16795.5058594 -18101.2050781 -17421.2519531 -16859.0156250 -17955.9355469 -16740.6015625 -16934.7500000
-16453.9882812 -16146.6923828 -17220.0468750 -16608.5371094 -16110.7714844 -17056.0878906 -16046.9501953 -16355.4101562
-15805.6513672 -15136.1484375 -16835.5761719 -16262.2763672 -15750.8017578 -16675.7929688 -15464.1855469 -15658.8330078
-16314.2050781 -15812.0693359 -17216.8222656 -16473.4902344 -16135.4355469 -17130.9492188 -15900.3330078 -16104.2783203
-16082.9208984 -15848.4638672 -17187.5820312 -16518.8789062 -15743.6093750 -17107.9902344 -15731.4619141 -15890.2197266
-15970.3046875 -15767.7343750 -16817.4882812 -16177.0615234 -15478.0087891 -16722.2773438 -15494.2744141 -15816.9599609
-15866.7490234 -15509.6816406 -16803.2207031 -16027.2070312 -15493.7812500 -16707.0957031 -15368.6767578 -15665.8779297
-17664.9980469 -17261.6621094 -18179.7246094 -17786.2148438 -17666.1386719 -18315.2226562 -17490.4042969 -17445.1933594
-15570.5810547 -15044.7919922 -16678.6113281 -15881.8447266 -15422.0117188 -16481.6289062 -15161.5664062 -15457.5048828
-18361.9433594 -17943.1406250 -19115.3242188 -18576.8808594 -18198.3300781 -18977.1035156 -17984.9296875 -18169.6894531
-17843.1347656 -17652.9902344 -18650.6015625 -18022.2578125 -17368.1425781 -18506.6171875 -17388.5937500 -17659.9472656
-17423.4140625 -17304.3789062 -18184.3847656 -17577.6269531 -16996.3515625 -18168.6308594 -17011.5214844 -17306.4804688
-18030.1289062 -17682.5292969 -18734.7929688 -18238.2500000 -17978.7558594 -18673.5625000 -17854.1230469 -17913.3046875
-16577.2207031 -16038.0332031 -17501.2773438 -16777.7773438 -16395.4453125 -17354.4003906 -16371.6396484 -16311.5917969
-16818.6445312 -16479.7871094 -17590.6816406 -17090.1562500 -16873.5664062 -17603.5703125 -16690.0449219 -16560.9472656
-16649.4570312 -16071.8857422 -17630.7148438 -16975.3242188 -16535.4648438 -17490.5117188 -16412.6562500 -16493.1875000
-17259.4257812 -17214.8437500 -18191.0117188 -17612.5039062 -17026.3769531 -18072.2304688 -16854.3847656 -17232.4726562
-17216.3554688 -16798.8398438 -18000.7753906 -17451.8242188 -16684.3144531 -17951.7539062 -16659.3691406 -16978.6718750
-19310.4121094 -19055.0625000 -19856.8007812 -19462.1972656 -19268.0332031 -19701.8457031 -19142.9355469 -19097.5722656
-17395.1894531 -17044.2929688 -18271.6894531 -17636.9355469 -17361.0292969 -18117.4667969 -17036.1074219 -17236.9726562
-17435.5937500 -17377.9218750 -18189.0859375 -17742.9707031 -17011.4042969 -18165.0644531 -16971.9531250 -17243.2460938
-16258.4785156 -15725.2802734 -17196.6542969 -16597.5117188 -16231.1923828 -17030.7578125 -16036.3906250 -16102.6689453
-16216.4072266 -15773.6943359 -17293.2832031 -16724.7265625 -16243.8173828 -17243.8066406 -16077.9091797 -16217.9375000
-18952.0566406 -18500.1660156 -19576.1191406 -19204.8085938 -18911.3632812 -19466.0625000 -18682.7500000 -18849.1699219
-16896.0878906 -16393.9316406 -17609.8242188 -17187.6093750 -16709.3750000 -17606.1757812 -16593.0156250 -16768.8222656
-17084.9414062 -16786.6582031 -17988.9023438 -17333.9375000 -16607.7304688 -17965.5390625 -16471.9648438 -16849.7402344
-16533.0390625 -16403.1933594 -17374.9726562 -16806.9941406 -16160.7529297 -17266.4667969 -16121.4101562 -16408.1328125
-17305.5214844 -16706.8984375 -17895.8847656 -17432.7988281 -17302.0996094 -17807.4687500 -16927.7460938 -17028.1113281
-17444.7128906 -17143.6484375 -18375.8300781 -17722.7089844 -17013.4218750 -18225.0585938 -16918.3007812 -17143.8320312
-16856.5136719 -16641.5312500 -17771.9589844 -17055.2695312 -16200.1689453 -17658.3925781 -16276.5605469 -16726.7695312
-17046.0429688 -16678.2304688 -17825.3183594 -17297.4570312 -16491.4433594 -17821.6699219 -16479.3828125 -16851.6367188
-17109.0878906 -16653.3691406 -17902.4062500 -17283.7148438 -16963.5605469 -17777.4765625 -16853.9882812 -16989.0488281
-17902.0371094 -17561.8417969 -18767.8496094 -18210.5312500 -17696.6621094 -18726.9511719 -17716.1074219 -17735.9902344
-17131.0019531 -16701.0488281 -17896.4375000 -17427.8085938 -17235.3261719 -17863.4257812 -17095.6875000 -16983.6093750
-17199.2910156 -16703.5781250 -18245.4570312 -17400.1699219 -17116.5800781 -18026.2421875 -17045.5878906 -17002.2324219
-18749.5683594 -18327.5742188 -19342.8554688 -18884.5097656 -18674.1503906 -19309.3574219 -18711.3359375 -18638.4414062
-16228.9189453 -15769.0029297 -17287.8164062 -16610.6640625 -16212.7968750 -17061.1523438 -16110.4570312 -16159.1386719
-17697.9707031 -17183.5507812 -18478.4941406 -17962.9453125 -17530.6074219 -18371.6835938 -17431.8632812 -17491.5039062
-17148.2578125 -16652.3906250 -18120.3789062 -17561.3437500 -17098.5976562 -17950.8691406 -16979.5097656 -17008.5078125
-17588.0820312 -17362.0175781 -18328.0351562 -17787.9355469 -17265.5917969 -18199.3710938 -17184.6152344 -17398.2851562
-18012.1171875 -17396.9023438 -18665.8085938 -18180.0488281 -17857.0761719 -18529.6035156 -17766.9628906 -17771.0136719
-17022.2050781 -16547.6328125 -17928.3808594 -17258.7441406 -17020.0078125 -17894.8183594 -16854.2265625 -16750.9804688
-16355.4873047 -15896.9511719 -17240.5429688 -16644.8593750 -15923.9345703 -17214.6914062 -15758.4462891 -16170.4257812
-17015.0839844 -16659.0917969 -17917.8574219 -17347.2832031 -17002.0351562 -17830.4628906 -16826.5351562 -16908.0585938
-17277.8554688 -16724.7480469 -17989.8437500 -17493.1445312 -17243.6152344 -17911.5273438 -17172.2109375 -17185.0332031
-17332.5058594 -17189.4960938 -18163.7109375 -17553.4433594 -16811.8769531 -18017.1425781 -16820.3300781 -17145.2812500
-16652.0253906 -17006.2539062 -16853.4082031 -16396.8007812 -17384.8964844 -16782.7578125 -16892.4082031 -16834.4023438
-16655.0605469 -16726.3789062 -17036.5019531 -16453.5019531 -16779.3984375 -16940.6250000 -16699.9941406 -16500.4628906
-18464.6699219 -18570.8574219 -18679.2597656 -18279.8242188 -18863.3105469 -18550.2363281 -18683.7812500 -18492.5371094
-18730.7812500 -19024.1464844 -18554.8164062 -18469.0996094 -19416.9746094 -18003.0898438 -19013.1289062 -18703.9882812
-17710.1660156 -17968.8320312 -17716.1679688 -17323.9140625 -18314.8066406 -17689.4042969 -17996.0156250 -17899.0097656
-17756.7285156 -18240.0000000 -17476.9687500 -17529.2929688 -18689.1074219 -17109.9257812 -18261.6406250 -18008.8867188
-17872.6953125 -18088.8437500 -17925.2050781 -17489.5488281 -18439.6601562 -17811.9941406 -18076.1718750 -17891.8515625
-16875.7441406 -17060.6933594 -17034.8847656 -16502.8261719 -17411.7011719 -17066.0253906 -17078.2519531 -16975.8125000
-17751.1562500 -17967.1171875 -17946.2636719 -17561.6914062 -18283.1054688 -17888.1035156 -18075.5937500 -17812.2539062
-17823.4062500 -18181.6640625 -17811.1894531 -17610.9648438 -18509.4101562 -17741.4238281 -18257.1171875 -17999.6230469
-17404.7714844 -17455.5332031 -17509.7285156 -17108.6757812 -17791.5898438 -17481.1152344 -17574.7480469 -17326.2656250
-17414.8476562 -17633.9140625 -17592.2714844 -17194.3984375 -17956.5644531 -17452.2539062 -17656.1542969 -17536.9550781
-17792.0625000 -18220.6406250 -17461.1289062 -17512.1093750 -18693.0585938 -17074.8027344 -18226.4082031 -17950.3652344
-17126.6992188 -17310.5898438 -17461.9003906 -16840.1875000 -17573.4921875 -17271.4589844 -17228.8281250 -17115.1347656
-16920.4531250 -16568.0117188 -17625.4472656 -17041.0371094 -16296.5898438 -17566.6816406 -16180.1611328 -16753.2226562
-17567.1347656 -17302.7089844 -18199.2773438 -17773.1621094 -17108.9667969 -18215.7871094 -16992.4746094 -17321.5722656
-17334.5898438 -17409.9238281 -17770.6796875 -17333.5742188 -17518.3476562 -17472.9707031 -17397.4843750 -17504.2285156
-17653.8359375 -17463.7636719 -18607.6015625 -17843.2148438 -17223.5468750 -18555.4218750 -17209.9824219 -17453.2539062
-17986.3417969 -17800.9609375 -18675.8222656 -18125.1933594 -17623.1660156 -18746.5195312 -17571.4707031 -17909.2753906
-16912.9628906 -16649.0585938 -17657.8867188 -17082.5878906 -16367.6093750 -17474.3417969 -16295.4121094 -16740.4687500
-16752.9921875 -16579.3808594 -17761.8515625 -17021.3359375 -16028.9052734 -17541.7968750 -16192.4121094 -16523.6503906
-17094.5039062 -16953.3105469 -18017.1601562 -17395.5566406 -16733.5371094 -17892.7187500 -16639.4511719 -16938.3144531
-16934.8613281 -16616.6367188 -17742.1816406 -17222.0292969 -16246.4404297 -17568.7636719 -16503.1972656 -16721.8261719
-16844.1328125 -16523.6796875 -17601.7636719 -17141.4746094 -16348.8525391 -17606.1835938 -16330.8457031 -16696.6738281
-17099.5214844 -16952.2011719 -17867.8925781 -17345.1875000 -16712.5898438 -17776.3750000 -16547.6679688 -16966.5820312
-17884.6152344 -18339.6328125 -17870.3398438 -17809.1269531 -18660.6289062 -17500.5312500 -18324.4667969 -18059.5195312
-18364.5488281 -18720.3007812 -18183.7890625 -18212.0957031 -18997.5039062 -17545.5917969 -18572.4335938 -18416.0058594
-18068.1210938 -18431.8515625 -17833.3320312 -17937.4199219 -18686.3125000 -17270.8632812 -18458.7519531 -18170.2910156
-16784.3183594 -16684.6503906 -17700.6875000 -17142.4980469 -16435.4824219 -17633.6093750 -16337.3242188 -16707.1328125
-18190.1347656 -18678.5292969 -18303.8632812 -18242.9726562 -19007.7539062 -17777.1445312 -18761.9609375 -18439.2109375
-16204.0595703 -16087.7597656 -17175.3515625 -16538.0800781 -15854.1298828 -17258.5683594 -15818.4892578 -16114.9941406
-18083.6503906 -18585.9902344 -17473.4492188 -17767.1601562 -18968.9140625 -17681.7441406 -18539.3574219 -18257.2148438
-19403.1699219 -19672.8183594 -19062.9746094 -19036.8730469 -20084.8535156 -19068.7109375 -19693.5214844 -19451.7617188
-18155.0332031 -18428.8613281 -17704.1445312 -17929.9824219 -18857.2207031 -17780.0117188 -18519.0468750 -18229.0585938
-18099.6601562 -18624.6367188 -17525.7187500 -17828.0175781 -19112.8730469 -17412.1015625 -18567.7382812 -18235.1464844
-19344.7109375 -19558.7480469 -18915.8535156 -19109.0273438 -19957.7167969 -18983.8242188 -19605.6894531 -19371.4179688
-18857.3593750 -19110.6328125 -18902.7812500 -18807.4101562 -19447.8789062 -18859.3378906 -19065.1718750 -18857.6074219
-19885.1582031 -20121.1757812 -19652.8750000 -19762.1796875 -20393.2578125 -19657.0957031 -20114.1328125 -19994.2695312
-18766.8593750 -19041.0175781 -18279.4257812 -18464.2558594 -19486.0488281 -18338.3496094 -19111.1757812 -18853.5507812
-18532.1171875 -18799.3613281 -18202.3222656 -18425.2187500 -19193.0156250 -18304.8730469 -18850.8730469 -18660.9960938
-18807.6328125 -19083.7246094 -18332.9941406 -18450.9082031 -19614.5019531 -18272.3574219 -19132.3105469 -18962.7597656
-18694.0957031 -19053.9375000 -18447.3066406 -18599.2968750 -19540.4472656 -18436.2089844 -19136.2480469 -18945.6757812
-18560.1992188 -18886.6738281 -18250.8007812 -18341.5078125 -19242.3125000 -18287.6171875 -18889.6074219 -18653.2265625
-19069.4531250 -19415.3144531 -18628.9882812 -18824.7675781 -19696.6972656 -18657.1953125 -19340.4355469 -19228.4433594
-18873.3847656 -19244.2519531 -18516.7304688 -18641.7910156 -19531.5019531 -18545.3574219 -19247.9980469 -19055.5332031
-20144.3730469 -20345.8085938 -19727.7070312 -19902.7597656 -20718.2968750 -19684.9785156 -20418.5527344 -20131.1406250
-19568.4140625 -19927.6347656 -19222.7910156 -19297.6093750 -20309.5742188 -19321.7089844 -19878.7167969 -19770.5957031
-18049.9257812 -18472.9472656 -17643.5273438 -17758.9375000 -18997.0898438 -17639.1503906 -18441.4824219 -18198.4804688
-18529.8964844 -18833.1894531 -18074.5292969 -18133.9101562 -19181.5195312 -18020.8320312 -18772.1152344 -18619.8867188
-19257.0117188 -19464.4042969 -18933.1640625 -19116.3417969 -19775.5058594 -19025.5937500 -19403.3808594 -19478.5878906
-19415.9707031 -19665.3554688 -19056.3496094 -19233.9843750 -20078.4746094 -19156.7753906 -19735.2578125 -19565.5683594
-16334.6904297 -16007.5478516 -17345.0488281 -16618.3574219 -15625.4541016 -17285.6054688 -15865.8574219 -16233.0996094
-16358.5810547 -16242.2402344 -17513.0410156 -16837.9609375 -16073.5009766 -17423.9042969 -15954.1972656 -16324.1044922
-18956.7480469 -19009.1718750 -19198.0722656 -18970.1582031 -19026.9511719 -19049.1914062 -18933.5937500 -19010.6972656
-18724.0390625 -18616.4296875 -19409.1308594 -18937.2070312 -18412.3535156 -19342.0351562 -18404.1660156 -18658.5820312
-18471.7519531 -18293.2910156 -19112.6933594 -18619.9355469 -18184.4003906 -18978.3613281 -18094.9355469 -18357.8398438
-17838.2539062 -17390.0214844 -18459.0703125 -17944.1054688 -17321.4726562 -18395.6992188 -17188.7128906 -17629.3046875
-17436.7089844 -17237.3378906 -18078.9765625 -17523.0449219 -16930.2871094 -17990.8457031 -16842.5429688 -17257.0800781
-17319.2089844 -17108.2011719 -18003.8398438 -17488.7539062 -16921.8144531 -17948.0410156 -16808.7578125 -17172.8476562
-16839.9023438 -16539.5253906 -17764.1035156 -17101.9531250 -16176.8652344 -17748.0136719 -16216.4951172 -16623.5468750
-17666.3027344 -17360.6464844 -18438.1699219 -17912.2773438 -17301.8750000 -18380.9960938 -17246.1347656 -17513.8964844
-18018.1210938 -17834.7207031 -18772.9003906 -18334.3027344 -17675.4042969 -18765.0292969 -17462.5273438 -17863.8710938
-15200.0703125 -14933.4951172 -16267.8935547 -15594.1689453 -14608.4980469 -16207.3632812 -14564.9755859 -14862.2216797
-16721.6953125 -16612.3750000 -17495.2070312 -16979.6582031 -16339.4882812 -17458.1250000 -16207.7646484 -16676.1191406
-16912.5625000 -16586.2968750 -18010.4863281 -17174.1953125 -16393.2187500 -17770.7890625 -16008.1630859 -16707.0996094
-17124.0507812 -17032.3593750 -17979.9316406 -17375.4667969 -16840.0917969 -17959.6972656 -16809.9062500 -16986.5273438
-15873.9921875 -15482.9433594 -16965.4101562 -16148.2148438 -15174.1699219 -16771.4531250 -15217.7265625 -15637.1582031
-16422.6992188 -16050.4824219 -17306.7695312 -16634.8515625 -15921.9492188 -17245.2011719 -15761.6015625 -16208.1298828
-15890.7636719 -15722.6796875 -16775.5664062 -16075.6318359 -15496.4199219 -16638.6582031 -15411.5107422 -15733.1591797
-15677.9667969 -15517.0917969 -16687.9121094 -15990.3232422 -15072.2636719 -16561.7714844 -15143.5722656 -15500.4873047
-16717.3476562 -16470.7929688 -17698.6445312 -16902.8437500 -16024.2148438 -17568.2480469 -15942.8925781 -16572.4492188
-17422.0546875 -17086.5078125 -18266.9316406 -17677.5371094 -16864.2558594 -18256.9433594 -16942.9785156 -17342.9433594
-16379.7343750 -16175.5556641 -17575.4042969 -16694.4218750 -15864.6601562 -17449.3769531 -15996.6279297 -16217.8154297
-17861.4023438 -17685.0585938 -18714.3105469 -18161.8359375 -17611.9042969 -18606.4589844 -17457.5683594 -17872.2324219
-16621.0917969 -16408.8261719 -17592.8066406 -17000.6679688 -16247.8818359 -17537.8847656 -16208.9677734 -16528.7246094
-17387.2148438 -17312.9160156 -18277.9042969 -17731.9726562 -17266.8710938 -18246.9511719 -17242.9707031 -17302.8671875
-16331.9091797 -16125.3056641 -17234.3593750 -16595.4042969 -15742.8535156 -17198.1992188 -15810.9853516 -16271.2226562
-16950.4277344 -16623.2832031 -17754.7910156 -17192.0859375 -16268.5615234 -17619.7382812 -16260.3261719 -16686.3867188
-16411.1582031 -16276.2705078 -17451.7226562 -16904.5527344 -15395.2460938 -17451.5937500 -15839.4804688 -16279.6435547
-17649.7656250 -17327.2207031 -18410.9257812 -17841.5468750 -17180.3339844 -18350.1523438 -17220.7675781 -17466.4863281
-17623.3320312 -17532.9628906 -18465.4882812 -17974.1484375 -17451.9570312 -18241.0156250 -17391.5312500 -17503.8339844
-17216.7460938 -17090.8867188 -18061.0820312 -17469.0722656 -16688.1074219 -17885.3144531 -16592.0761719 -17136.9687500
-16847.9726562 -16685.7285156 -17283.2910156 -16895.2812500 -16498.6015625 -17128.2050781 -16433.7324219 -16667.2128906
-17766.5781250 -17795.6132812 -18534.2011719 -17803.3066406 -18122.3750000 -18279.8808594 -17831.1425781 -17583.0195312
-15375.4599609 -15530.3564453 -16563.6894531 -15871.1152344 -15617.6738281 -16410.7890625 -15513.8310547 -15154.5283203
-16664.1582031 -16531.9472656 -17712.2011719 -17026.9101562 -16787.4375000 -17605.2851562 -16648.1582031 -16514.6289062
-16658.0742188 -16777.8925781 -17687.3496094 -17102.4433594 -17061.0175781 -17459.8867188 -16802.7968750 -16426.7949219
-16178.8535156 -15969.3789062 -17372.3496094 -16527.2636719 -16242.9150391 -17132.0175781 -15955.0742188 -15964.9189453
-16865.2539062 -16896.3554688 -17664.1210938 -17213.3125000 -17223.3925781 -17597.4433594 -16825.3808594 -16649.5898438
-15999.8515625 -15898.8486328 -16967.9609375 -16361.8623047 -16109.0703125 -16914.5410156 -15919.5371094 -15770.2119141
-16937.0390625 -16943.5468750 -17922.0605469 -17282.2617188 -17407.7675781 -17653.1601562 -17132.1875000 -16855.0429688
-18054.1933594 -17980.1386719 -18820.9550781 -18235.9355469 -18152.7109375 -18677.0800781 -18016.1113281 -17849.5957031
-16764.1230469 -16789.4433594 -17870.2851562 -17351.0937500 -17052.1621094 -17700.5000000 -16954.9433594 -16647.8339844
-17879.8085938 -17865.0332031 -18569.7050781 -18141.1621094 -18078.0488281 -18481.0761719 -17937.7812500 -17622.2675781
-16647.1796875 -16298.3925781 -17525.8613281 -16891.8535156 -16344.0625000 -17300.4218750 -16307.3613281 -16435.1015625
-17186.6093750 -17011.1796875 -17973.5859375 -17377.7226562 -17356.6621094 -17815.8203125 -17141.9628906 -16882.8925781
-16060.0576172 -16174.2734375 -17036.4531250 -16265.5546875 -16291.2470703 -17005.6054688 -16162.9179688 -15894.2373047
-16162.2060547 -15985.7060547 -17280.4472656 -16569.0039062 -16373.4677734 -16821.5488281 -16136.0166016 -15985.7353516
-16928.8632812 -16876.7441406 -17853.3105469 -17086.4746094 -16896.9863281 -17759.3750000 -16802.1250000 -16822.0683594
-17770.1171875 -17802.5683594 -18495.7910156 -17961.2148438 -18042.5976562 -18430.3906250 -17852.4003906 -17559.9296875
-16821.8105469 -16775.7617188 -17816.4921875 -17123.6289062 -17071.1406250 -17587.3476562 -16934.6132812 -16566.0546875
-18664.2148438 -18759.8476562 -19124.2929688 -18620.5136719 -19023.6484375 -19001.4785156 -18762.0644531 -18623.4531250
-17760.2128906 -17713.8828125 -18654.4550781 -18078.2636719 -18113.2128906 -18423.1367188 -17912.3046875 -17578.1679688
-16096.2285156 -16019.7666016 -16991.1777344 -16333.3310547 -16203.7070312 -16979.3710938 -16034.8017578 -15868.2675781
-17046.5410156 -17115.1074219 -18108.5722656 -17471.4902344 -17197.0078125 -17835.2597656 -17157.1582031 -16881.5234375
-16834.9140625 -17004.1660156 -17619.8945312 -16950.6015625 -17414.7031250 -17454.5253906 -17193.9394531 -16756.2597656
-17092.9355469 -16969.3906250 -17870.7773438 -17345.7656250 -17290.6074219 -17651.8613281 -17070.3925781 -16825.4335938
-17914.3652344 -17794.4609375 -18671.2089844 -18201.6738281 -18195.2578125 -18610.1542969 -17924.6308594 -17616.5839844
-17144.8007812 -16953.6132812 -17836.8261719 -17263.2949219 -17341.8945312 -17769.4843750 -17003.3789062 -16782.6367188
-18271.5292969 -18292.5839844 -18941.2246094 -18518.0585938 -18511.0800781 -18893.6914062 -18259.1972656 -18076.8574219
-17689.0527344 -17790.7480469 -18521.6562500 -18076.3359375 -17977.5292969 -18513.3339844 -17784.8769531 -17653.6132812
-16534.6855469 -15959.0078125 -17640.7734375 -16839.8886719 -16627.8847656 -17487.7402344 -16407.0742188 -16318.1279297
-16134.2011719 -15488.0595703 -17166.5683594 -16417.9394531 -15987.5830078 -17057.8964844 -15723.2539062 -15842.7744141
-16224.6347656 -15618.1855469 -17098.3378906 -16420.6484375 -16112.3583984 -17100.1933594 -15875.4335938 -16042.6669922
-18005.3476562 -17561.9980469 -18706.1152344 -18180.3769531 -18002.6250000 -18598.1132812 -17861.5058594 -17857.0859375
-17394.2695312 -17107.7636719 -18162.2988281 -17598.5546875 -17179.3808594 -18111.3710938 -17099.4843750 -17291.9472656
-16266.3740234 -15600.0351562 -17272.5820312 -16781.1250000 -16144.2578125 -17196.0546875 -15974.2187500 -16032.1884766
-16857.0898438 -16634.9843750 -17660.7441406 -17161.4804688 -16631.1660156 -17699.9570312 -16446.1054688 -16719.4609375
-16879.3164062 -16279.4443359 -17662.7500000 -17013.2968750 -16754.8945312 -17628.0273438 -16510.6796875 -16625.7675781
-18831.4511719 -18496.8437500 -19395.0917969 -18899.0800781 -18429.7402344 -19331.2753906 -18347.0839844 -18629.2734375
-16983.6718750 -16687.7656250 -17905.3789062 -17261.7382812 -16897.8750000 -17782.3261719 -16783.3828125 -16858.2851562
-17666.8066406 -17213.6972656 -18374.3964844 -17843.1972656 -17577.7636719 -18315.7421875 -17455.8066406 -17421.5000000
-18050.4355469 -17503.8066406 -18747.4335938 -18219.6347656 -17845.7949219 -18699.7480469 -17786.2167969 -17804.6699219
-18522.8125000 -18166.5839844 -19137.4921875 -18671.6992188 -18382.5957031 -19016.0273438 -18209.3925781 -18378.5039062
-18941.5175781 -19103.5371094 -18551.4902344 -18612.3847656 -19536.3164062 -18154.0000000 -19121.0097656 -18912.4863281
-18111.4140625 -17587.5644531 -18698.8398438 -18195.1132812 -18034.0136719 -18674.6972656 -17849.8535156 -17812.3242188
-18865.0273438 -18726.5703125 -19586.1933594 -19043.5683594 -18555.8769531 -19410.5585938 -18462.2714844 -18821.3046875
-19536.2480469 -19804.8867188 -19290.4960938 -19265.2539062 -20183.2070312 -19110.0917969 -19836.0390625 -19621.8789062
-18892.3183594 -18522.9101562 -19462.9257812 -19001.3242188 -18912.5078125 -19346.2929688 -18679.3457031 -18742.9042969
-19191.3046875 -18859.8085938 -19830.2910156 -19381.1816406 -19218.5761719 -19752.4570312 -18944.3945312 -19146.6835938
-18616.1386719 -18909.8964844 -18614.8457031 -18459.0097656 -19152.1308594 -18333.3710938 -18989.7382812 -18666.0136719
-18560.1386719 -18093.3906250 -19271.6738281 -18645.0468750 -18353.9082031 -19181.5195312 -18288.0605469 -18444.8828125
-18211.9062500 -17991.9003906 -18881.6425781 -18494.2402344 -17863.2207031 -18834.4609375 -17809.7500000 -18037.6816406
-18245.0507812 -18261.8515625 -18734.7167969 -18282.3261719 -18488.1015625 -18591.0234375 -18219.5703125 -18197.6894531
-18071.7460938 -17689.1699219 -18766.1132812 -18217.1093750 -17595.6679688 -18681.6894531 -17576.1835938 -17840.2480469
-19291.0000000 -19008.6699219 -19858.2929688 -19420.9238281 -19372.0039062 -19661.4160156 -19209.4082031 -19233.7734375
-18896.8808594 -19065.2832031 -18581.0292969 -18622.6132812 -19438.9218750 -18276.4394531 -19030.4648438 -18968.0859375
-19517.2539062 -19766.9414062 -19163.4140625 -19240.7343750 -20042.0410156 -18930.9414062 -19777.2480469 -19604.5449219
-18787.8300781 -19134.3925781 -18792.4921875 -18608.1601562 -19466.4863281 -18131.3339844 -19166.5468750 -18907.4960938
-18776.2285156 -18943.1289062 -18952.8007812 -18704.6660156 -19223.8203125 -18604.4492188 -18879.8730469 -18791.8769531
-17870.7675781 -17862.3417969 -17999.3730469 -17648.3710938 -17966.0546875 -17915.3398438 -17670.0878906 -17825.3203125
-18481.5449219 -18773.2265625 -18177.1250000 -18030.6757812 -19169.4218750 -17379.3808594 -18703.3847656 -18538.7207031
-18972.8710938 -19180.5644531 -18716.1406250 -18718.2480469 -19410.4609375 -18332.2851562 -19106.9863281 -18996.5195312
-18815.3750000 -18430.7089844 -19475.0332031 -19001.1152344 -18701.7109375 -19384.2089844 -18557.4375000 -18665.4687500
-18727.1171875 -18241.5761719 -19383.9980469 -18669.3203125 -18556.4863281 -19296.9765625 -18437.3242188 -18444.3906250
-18055.1992188 -17865.3144531 -18873.0175781 -18365.1738281 -17686.5996094 -18806.9277344 -17681.4921875 -17939.7187500
-17260.7851562 -16840.8808594 -18313.1191406 -17646.1152344 -17284.8906250 -18029.0859375 -17205.6777344 -17209.6699219
-18837.8789062 -18549.6464844 -19396.1484375 -18860.7265625 -18505.4511719 -19278.7382812 -18450.9921875 -18710.7128906
-17252.1113281 -17012.4316406 -18018.4433594 -17439.2089844 -16924.4980469 -17888.3300781 -16893.1328125 -17112.8261719
-18950.3242188 -19291.0312500 -18640.6347656 -18683.6816406 -19657.4609375 -18357.2988281 -19227.1250000 -19129.3476562
-18358.9628906 -18616.5136719 -17982.9238281 -18061.0058594 -18950.1308594 -17760.0234375 -18604.6699219 -18395.7031250
-18534.1347656 -18741.2382812 -18120.3808594 -18013.3300781 -19199.0039062 -17708.8085938 -18730.4082031 -18559.3984375
-18199.3496094 -17746.5996094 -18875.9804688 -18577.7265625 -18217.9941406 -18838.7109375 -18016.2070312 -18199.6875000
-19398.8496094 -19266.2089844 -19784.1308594 -19442.9843750 -19098.5449219 -19707.3789062 -19085.9589844 -19307.5898438
-18237.0664062 -18511.6210938 -17923.8261719 -17871.1269531 -18934.5644531 -17318.9882812 -18560.3730469 -18352.9199219
-17992.4296875 -17692.9492188 -18746.2832031 -18181.8007812 -18012.5195312 -18661.7324219 -17880.6367188 -17908.7460938
-19086.0878906 -19401.8984375 -18895.7539062 -19009.4921875 -19806.4199219 -18607.6015625 -19408.1503906 -19171.6250000
-17427.4277344 -17010.0742188 -18347.1757812 -17672.5390625 -17381.2382812 -18083.1093750 -17309.2949219 -17288.4296875
-19031.4394531 -19194.7031250 -18763.1093750 -18753.9394531 -19627.6054688 -18435.8183594 -19205.0156250 -19173.8671875
-18236.4140625 -18654.4394531 -18062.1269531 -17894.9609375 -19016.3046875 -17440.2851562 -18644.6406250 -18390.1816406
-19131.3750000 -19407.6386719 -18970.5937500 -18826.9218750 -19879.0449219 -18437.2089844 -19490.3144531 -19114.8066406
