-16704.0761719 -16803.6777344 -17574.8027344 -17086.1464844 -17132.4570312 -17514.2011719 -16889.8300781 -16675.7363281
-17117.9238281 -17168.6269531 -17826.6210938 -17272.6191406 -17240.2812500 -17670.3867188 -17172.2753906 -16914.4062500
-17461.3222656 -17756.7382812 -18127.1972656 -17748.8320312 -17907.2597656 -18037.1425781 -17759.5722656 -17537.6230469
-17495.2617188 -17428.7324219 -18170.9843750 -17768.1054688 -17799.6445312 -18177.9687500 -17486.6914062 -17311.1035156
-17679.6074219 -17744.7265625 -18217.9296875 -17846.3945312 -17767.8417969 -18273.5781250 -17722.8730469 -17663.6835938
-16776.5507812 -16806.0488281 -17453.2148438 -17095.3261719 -17025.7421875 -17578.0527344 -16817.7871094 -16555.1542969
-17547.8281250 -17834.4707031 -18262.0605469 -17780.6484375 -17933.7265625 -18240.2167969 -17725.0917969 -17655.6347656
-16403.3496094 -16660.3886719 -17146.5136719 -16768.0625000 -16763.1855469 -17198.6210938 -16528.9980469 -16419.0117188
-16493.3652344 -16863.8808594 -17226.3476562 -16798.7832031 -17005.6660156 -17057.1171875 -16766.5097656 -16540.8789062
-16649.3417969 -16798.8300781 -17298.0449219 -16872.1093750 -16834.8964844 -17302.0859375 -16731.5468750 -16560.9824219
-16289.0126953 -16473.5449219 -16890.5839844 -16518.4531250 -16705.8886719 -17057.6992188 -16502.1328125 -16277.2001953
-16660.7382812 -16801.7480469 -17384.5976562 -16942.6308594 -17041.3261719 -17396.8300781 -16895.6425781 -16384.3867188
-16797.4765625 -16910.9218750 -17441.6328125 -16964.7285156 -17033.9257812 -17426.7734375 -16768.9609375 -16655.1503906
-16622.5859375 -16849.3828125 -17400.7519531 -16793.6464844 -16968.7597656 -17342.3906250 -16731.9355469 -16505.9882812
-16486.0019531 -16676.0371094 -17259.4746094 -16754.9882812 -16856.2656250 -17192.1367188 -16668.4003906 -16467.8066406
-16594.8203125 -16729.1464844 -17227.6718750 -16843.3535156 -17020.6093750 -17177.4121094 -16827.6425781 -16555.8300781
-17810.1992188 -17927.7480469 -18550.8046875 -18072.1953125 -18093.9316406 -18437.0156250 -17857.7910156 -17741.5371094
-16877.3378906 -17105.7382812 -17393.1914062 -17076.1230469 -17297.4003906 -17555.7949219 -17177.1582031 -16791.2382812
-16380.5986328 -16430.1406250 -17122.6835938 -16508.6679688 -16722.6660156 -17062.2949219 -16541.6972656 -16254.6230469
-16702.4140625 -16920.0312500 -17434.9609375 -16995.0292969 -17149.6308594 -17311.9628906 -16957.1152344 -16590.0976562
-17134.5136719 -16923.8730469 -17680.2441406 -17201.7460938 -17332.3007812 -17564.8652344 -17049.7910156 -16960.1406250
-16790.0507812 -17193.8437500 -17334.9824219 -16885.8632812 -17394.9414062 -17291.7265625 -17078.2109375 -16835.6562500
-16540.8632812 -16664.7246094 -17165.4941406 -16783.9648438 -16683.3281250 -17105.3437500 -16616.1953125 -16412.4687500
-16686.1289062 -16743.7246094 -17404.6113281 -16835.6386719 -16923.3066406 -17410.6132812 -16771.5566406 -16502.9628906
-16741.2187500 -16867.2226562 -17384.6425781 -16792.0097656 -17043.7519531 -17254.2675781 -16789.3925781 -16675.6894531
-16589.8242188 -17133.1386719 -17395.3886719 -17063.5371094 -17238.1621094 -17516.9335938 -17047.8847656 -16856.7285156
-16833.2500000 -16826.8300781 -17404.2519531 -16984.8125000 -17103.0605469 -17432.8847656 -16970.0507812 -16501.3125000
-16714.3828125 -16727.3750000 -17282.6425781 -16806.7109375 -16796.7441406 -17343.4843750 -16791.2167969 -16588.8613281
-15595.4140625 -15734.6464844 -16505.7265625 -15856.0722656 -15904.3251953 -16535.3496094 -15653.6962891 -15448.5878906
-15435.9062500 -15528.1230469 -16156.8369141 -15648.5654297 -15767.4980469 -16324.5644531 -15505.3242188 -15189.8193359
-16004.1416016 -16088.3193359 -16707.0800781 -16227.6386719 -16456.5078125 -16704.4316406 -16143.9765625 -15940.6210938
-17110.0996094 -17296.6230469 -17741.9804688 -17195.6777344 -17473.5527344 -17614.4863281 -17306.6992188 -16984.9628906
-17011.4804688 -17035.4492188 -17782.2695312 -17216.0019531 -17375.7285156 -17747.8710938 -17226.7636719 -16860.2050781
-16349.2275391 -16592.1542969 -17077.1132812 -16490.2343750 -16715.6894531 -16985.8144531 -16535.5742188 -16212.9902344
-16740.3027344 -16738.3808594 -17356.3085938 -16907.0937500 -16882.4726562 -17394.1054688 -16758.0312500 -16547.2734375
-17142.6015625 -17578.2402344 -18261.4785156 -17682.2187500 -17774.5449219 -18182.3339844 -17639.3945312 -17322.5097656
-17037.9707031 -17102.1640625 -17709.4492188 -17221.9257812 -17246.0820312 -17654.2734375 -17048.3457031 -16815.4609375
-17069.9023438 -17123.0820312 -17776.9199219 -17257.6562500 -17325.6816406 -17684.1855469 -17198.7656250 -16842.9667969
-16874.8867188 -16808.4062500 -17363.4277344 -16999.2929688 -17040.4101562 -17452.6738281 -16879.8046875 -16707.3437500
-17120.4453125 -17420.8730469 -17742.1015625 -17470.5761719 -17701.1035156 -17905.6835938 -17483.9042969 -17215.9980469
-17032.9472656 -17099.8105469 -17780.3066406 -17329.8105469 -17428.8339844 -17750.7382812 -17221.3906250 -17123.2734375
-17526.0019531 -17665.1210938 -18270.6386719 -17853.2050781 -17902.4960938 -18367.9765625 -17740.3398438 -17463.1289062
-17004.6621094 -17096.2871094 -17546.0058594 -17100.2890625 -17483.4941406 -17443.5957031 -17162.6757812 -16840.3750000
-16776.1308594 -16684.2109375 -17486.1347656 -17101.0273438 -16935.2011719 -17552.3789062 -16716.7519531 -16462.1582031
-16266.1230469 -16645.0507812 -17150.6171875 -16549.3437500 -16847.4863281 -17043.3710938 -16537.6308594 -16425.5781250
-16981.4628906 -17453.0234375 -17262.6015625 -17145.9394531 -17641.7246094 -17230.4453125 -17437.9140625 -17225.5429688
-16998.0820312 -16870.0214844 -17663.9511719 -17067.6992188 -16989.9785156 -17552.2148438 -16825.6542969 -16649.8105469
-16843.2167969 -17102.7890625 -17621.0546875 -17035.6660156 -17333.7773438 -17666.9843750 -17083.5097656 -16862.9121094
-17004.0937500 -17346.5781250 -17502.8417969 -17189.1718750 -17484.6699219 -17383.6406250 -17291.7851562 -16974.3144531
-16626.3457031 -16776.5585938 -17401.1894531 -16791.8808594 -16930.5468750 -17330.4941406 -16764.8593750 -16558.4960938
-16935.1289062 -17017.5820312 -17513.0371094 -17014.2343750 -17271.6972656 -17553.1992188 -17133.9492188 -16662.8828125
-17838.2070312 -18075.3417969 -18504.5332031 -18190.4238281 -18123.6152344 -18586.3964844 -18032.0546875 -17911.5136719
-17919.4902344 -17818.7265625 -18518.6699219 -18054.5351562 -18045.2539062 -18421.2187500 -17818.4511719 -17599.9843750
-18452.2285156 -18776.3339844 -19049.9511719 -18748.0957031 -18849.1054688 -19101.3476562 -18697.0820312 -18471.0488281
-18232.5312500 -18348.5878906 -18734.9375000 -18285.2949219 -18529.5058594 -18673.8964844 -18237.9199219 -18073.8574219
-17202.4609375 -17351.8066406 -17869.3066406 -17511.2617188 -17620.5937500 -17838.2480469 -17433.2402344 -17143.8203125
-16475.1152344 -16587.4863281 -17255.8750000 -16738.0410156 -16936.6093750 -17244.6699219 -16691.4863281 -16523.0312500
-17724.7773438 -17714.9824219 -18377.7207031 -17823.0273438 -17944.6367188 -18277.4316406 -17772.7695312 -17639.6503906
-17436.8046875 -17704.2324219 -18041.8750000 -17617.0722656 -17828.1718750 -17993.3476562 -17830.4472656 -17465.9062500
-17450.1582031 -17782.1738281 -17805.0839844 -17485.4492188 -18002.4316406 -17766.8203125 -17751.6679688 -17513.5917969
-17138.3144531 -17148.8984375 -17784.8945312 -17368.7890625 -17405.7519531 -17689.3359375 -17126.1601562 -17130.2519531
-17176.8144531 -17350.4082031 -17808.4550781 -17451.0527344 -17569.4355469 -18033.8417969 -17469.1972656 -17084.5878906
-17119.7792969 -17302.9179688 -17694.3984375 -17234.9199219 -17370.1054688 -17614.8007812 -17225.4199219 -17062.0546875
-17140.8769531 -17195.5449219 -17906.2480469 -17347.4296875 -17320.5703125 -17965.1640625 -17150.2832031 -16999.7578125
-17278.6152344 -17390.2949219 -17593.7714844 -17290.2714844 -17507.7636719 -17842.4628906 -17259.5175781 -16995.6542969
-17445.4492188 -17672.0312500 -18126.9902344 -17795.0078125 -17868.4218750 -18108.6621094 -17807.0058594 -17481.5273438
-17946.2617188 -18297.5292969 -18197.9570312 -17955.3378906 -18427.1992188 -18044.8476562 -18153.4472656 -18109.0937500
-17021.3730469 -17306.3632812 -17518.7441406 -17350.3105469 -17464.0332031 -17599.4531250 -17325.8027344 -17126.2890625
-17215.3632812 -17429.9785156 -17758.9121094 -17336.2109375 -17525.8691406 -17838.6093750 -17407.0722656 -17175.9121094
-18098.9355469 -18231.7617188 -18691.1445312 -18279.6972656 -18446.5429688 -18569.3183594 -18321.5839844 -18118.4687500
-17722.3320312 -17822.3710938 -18309.9609375 -17965.0566406 -18109.2910156 -18329.9199219 -17963.9648438 -17668.4003906
-17333.3789062 -17318.5371094 -17812.1464844 -17549.2890625 -17586.5976562 -17933.4062500 -17321.9101562 -17075.9902344
-17169.8144531 -17189.8066406 -17886.0058594 -17354.6699219 -17484.2207031 -17813.6660156 -17313.2734375 -17094.5156250
-16914.8945312 -16867.1250000 -17547.8808594 -17176.7343750 -17114.2578125 -17566.9687500 -16962.3066406 -16731.8574219
-16423.9628906 -16725.8300781 -17120.7148438 -16797.3437500 -16944.8359375 -17210.2636719 -16698.1699219 -16488.0371094
-16786.6035156 -16800.2890625 -17576.0800781 -16993.2167969 -16990.7773438 -17642.9453125 -16820.5292969 -16523.6601562
-17268.6230469 -17331.6269531 -17781.3144531 -17493.8613281 -17524.1132812 -17893.4882812 -17249.6816406 -17227.5390625
-17421.1855469 -17526.7714844 -18212.9648438 -17664.3203125 -17692.9550781 -18242.5195312 -17473.3574219 -17291.0214844
-16850.0507812 -17032.3847656 -17664.7988281 -17243.9609375 -17332.4199219 -17683.9648438 -17116.7070312 -17014.8105469
-17392.6289062 -17286.8027344 -17912.5253906 -17453.8789062 -17509.0742188 -17857.4863281 -17307.9160156 -17219.5449219
-17468.0136719 -17768.4082031 -17698.8496094 -17146.0585938 -18210.0781250 -17572.6191406 -17827.5957031 -17636.0234375
-16993.3886719 -17267.3652344 -17185.0371094 -16599.3398438 -17526.0078125 -17042.7089844 -17085.0175781 -17042.2148438
-17006.7812500 -17192.0000000 -17107.8261719 -16644.6796875 -17339.9355469 -17146.3632812 -17067.7773438 -16950.8164062
-18724.7773438 -18944.5605469 -18832.7128906 -18450.4121094 -19060.5800781 -18925.2578125 -18775.1738281 -18811.3027344
-17532.2519531 -17602.8164062 -17592.5722656 -17150.4550781 -17954.4960938 -17570.3417969 -17605.0996094 -17480.2285156
-17479.0527344 -17668.4628906 -17623.9433594 -17149.5390625 -17934.4453125 -17613.8261719 -17783.4980469 -17476.0957031
-17742.5683594 -17993.7832031 -17836.3984375 -17361.0019531 -18245.4023438 -17753.5957031 -17963.9179688 -17817.5820312
-17033.4316406 -17232.7382812 -17055.0488281 -16542.3339844 -17540.9179688 -17056.6992188 -17312.1464844 -16994.7617188
-16510.5527344 -16786.6347656 -16809.7070312 -16151.3388672 -16970.4921875 -16650.1464844 -16794.9140625 -16627.8691406
-16419.6035156 -16464.2539062 -16688.8359375 -16024.7734375 -16734.2363281 -16751.6503906 -16445.7636719 -16277.2880859
-17018.0722656 -17220.3007812 -17184.2460938 -16512.2031250 -17541.6992188 -17081.6562500 -17206.8691406 -17088.5136719
-17274.8515625 -17543.3906250 -17246.2128906 -16867.8886719 -17829.8203125 -17299.9570312 -17435.4960938 -17376.6035156
-15852.5341797 -15953.0390625 -16417.9062500 -15773.6679688 -16309.9599609 -16224.5087891 -16015.8759766 -15753.9423828
-17777.2617188 -17977.7734375 -17930.6308594 -17590.1484375 -18134.0976562 -17823.8300781 -18020.4628906 -17820.1914062
-17144.7656250 -17187.1679688 -17236.3378906 -16771.0605469 -17450.2929688 -17331.1250000 -17125.9570312 -17195.6093750
-17960.2226562 -18264.7812500 -17848.6308594 -17568.4355469 -18371.0546875 -17753.8730469 -18268.1464844 -18042.1191406
-17797.7109375 -18100.8359375 -17840.1992188 -17464.1582031 -18141.1269531 -17807.2480469 -18011.0859375 -17829.5937500
-17043.7382812 -17140.3242188 -17289.9160156 -16709.5820312 -17536.0644531 -17187.2539062 -17129.2363281 -16998.3925781
-16789.0117188 -17150.6367188 -16914.7734375 -16453.3691406 -17283.0117188 -16911.0214844 -17097.3769531 -16793.7070312
-17100.3984375 -17273.3085938 -17404.4277344 -16799.1679688 -17448.8789062 -17320.5175781 -17286.5781250 -17141.1562500
-18604.5312500 -19017.4335938 -17714.0371094 -18208.6093750 -19286.3398438 -18242.2285156 -18951.5136719 -18765.9980469
-17802.7031250 -18120.1972656 -16851.4316406 -17577.0273438 -18389.3457031 -17685.5800781 -18223.7910156 -17912.9531250
-18740.8906250 -19151.6054688 -17753.1601562 -18521.0527344 -19396.1093750 -18514.2480469 -19047.2363281 -18910.2460938
-19644.7207031 -19831.7734375 -18902.3906250 -19313.8730469 -20053.0449219 -19401.7050781 -19721.0488281 -19712.2441406
-17997.0371094 -18400.5703125 -17541.8925781 -17737.5957031 -18638.6621094 -17578.0000000 -18234.1093750 -18119.0175781
-19087.0371094 -19519.1542969 -18307.4843750 -18919.4238281 -19820.5878906 -18868.3007812 -19410.0117188 -19319.8886719
-19237.5058594 -19631.5664062 -18437.7265625 -19050.1054688 -19894.8867188 -19027.5488281 -19644.3535156 -19464.1484375
-18794.3222656 -19039.4843750 -18168.6679688 -18413.4667969 -19266.9570312 -18318.5078125 -19012.7753906 -18861.6191406
-19266.3554688 -19571.5253906 -18660.6113281 -18997.7050781 -19756.4765625 -18971.2480469 -19544.8300781 -19393.2734375
-18606.9160156 -18989.9003906 -17960.5292969 -18458.2558594 -19174.1289062 -18531.7812500 -19020.5898438 -18810.2929688
-18120.5468750 -18487.8378906 -17213.1250000 -17832.9062500 -18710.8964844 -17833.4414062 -18449.9082031 -18250.3828125
-17248.5976562 -16888.6992188 -17813.8925781 -17400.4531250 -16878.6972656 -17842.7304688 -16830.3281250 -16900.5859375
-17383.9062500 -16975.4375000 -18010.5507812 -17562.3066406 -17329.1308594 -18067.4746094 -17142.9726562 -17194.0097656
-18042.6250000 -17771.8281250 -18695.8417969 -18210.0917969 -17651.7148438 -18637.6601562 -17594.2597656 -17787.0468750
-18427.6074219 -18192.4921875 -19046.2031250 -18686.8457031 -18350.6289062 -18991.7871094 -18274.1660156 -18289.8769531
-17772.7695312 -17419.5273438 -18504.3437500 -17894.7558594 -17632.3750000 -18458.6503906 -17613.9003906 -17490.6542969
-17339.2949219 -16993.2109375 -18035.5722656 -17532.9628906 -17299.4902344 -18101.0273438 -17201.9863281 -17192.3867188
-16349.4638672 -15807.9501953 -17135.3632812 -16635.1777344 -15997.6630859 -17066.9843750 -16081.0371094 -16073.1816406
-18326.9707031 -17805.8769531 -18944.7656250 -18437.9257812 -18217.0546875 -18830.4316406 -18073.7929688 -18066.9902344
-16603.1679688 -16215.4882812 -17593.2890625 -16850.0820312 -16517.2207031 -17338.6210938 -16353.2529297 -16393.3535156
-17593.4960938 -17146.9804688 -18039.5039062 -17575.6152344 -17390.0332031 -18026.0917969 -17352.3417969 -17348.9433594
-17265.0234375 -16998.2792969 -17956.5546875 -17550.7187500 -16858.3593750 -18060.8144531 -16794.9335938 -16999.3554688
-16615.5390625 -16412.1171875 -17370.7011719 -16873.6816406 -16611.9414062 -17386.8281250 -16476.5000000 -16521.7148438
-17132.5566406 -16773.0644531 -18024.6210938 -17383.0195312 -17004.9707031 -17989.6425781 -16972.6152344 -16949.8359375
-17053.0507812 -16598.9199219 -17733.9140625 -17176.9062500 -16947.2695312 -17680.5996094 -16874.9765625 -16854.5078125
-16735.2871094 -16312.0087891 -17490.8457031 -16840.8046875 -16639.0937500 -17504.6464844 -16449.2187500 -16401.8105469
-16397.0390625 -15845.2548828 -17170.7070312 -16552.5625000 -16168.0976562 -17122.0468750 -16156.1425781 -16097.2451172
-16910.3261719 -16395.5000000 -17688.0292969 -17059.7207031 -16824.9570312 -17797.1152344 -16713.6914062 -16782.4609375
-16348.6152344 -16105.2343750 -17068.7656250 -16525.4335938 -15857.3466797 -17097.7656250 -15888.9501953 -16167.5722656
-17075.5468750 -16959.0507812 -17830.5097656 -17269.5273438 -16712.9218750 -17855.4492188 -16685.2832031 -16909.9746094
-18259.3300781 -17729.4765625 -18816.4609375 -18339.9140625 -18057.6523438 -18775.0273438 -18009.7812500 -18114.5332031
-16575.2871094 -16192.7441406 -17209.7167969 -16806.3222656 -16424.2929688 -17105.5117188 -16414.8476562 -16217.7324219
-17595.0058594 -17376.8339844 -18178.6269531 -17825.9902344 -17196.1582031 -18278.9843750 -17095.1953125 -17295.9042969
-17044.3945312 -16379.3085938 -17718.8945312 -17161.5488281 -16871.8691406 -17748.5449219 -16761.8769531 -16806.0566406
-16782.2949219 -16194.2587891 -17523.9062500 -17006.2636719 -16553.2441406 -17464.4082031 -16531.8105469 -16511.8906250
-16906.2421875 -16714.7167969 -17655.9472656 -17171.9023438 -16454.2675781 -17609.0429688 -16463.1835938 -16737.3984375
-15533.2714844 -14964.7148438 -16396.3554688 -15749.7861328 -15257.4785156 -16364.2050781 -15112.9687500 -15220.8876953
-15881.6806641 -15226.2187500 -16705.7441406 -15995.4443359 -15497.5205078 -16628.7988281 -15395.9287109 -15558.4384766
-15656.8544922 -15076.5878906 -16464.6269531 -15907.5605469 -15232.6357422 -16470.2910156 -15260.7314453 -15199.8798828
-16080.3642578 -15835.7617188 -16931.4335938 -16335.4052734 -15419.6416016 -16910.7734375 -15476.3281250 -15767.0468750
-18169.4863281 -18009.9238281 -18719.8789062 -18338.2480469 -17749.5859375 -18726.7285156 -17822.7148438 -17958.1484375
-17254.8535156 -17125.1738281 -18073.8906250 -17498.6601562 -16768.5097656 -17950.7011719 -16882.3144531 -17060.3300781
-18377.2578125 -17988.3652344 -19041.8847656 -18547.6406250 -18163.7929688 -19090.0605469 -18181.4550781 -18295.7011719
-16937.6484375 -16392.9160156 -17794.2695312 -17331.2871094 -16882.9980469 -17861.6250000 -16867.1015625 -16825.6660156
-16814.4648438 -16152.2998047 -17718.9082031 -17047.3945312 -16498.8007812 -17655.5058594 -16545.5878906 -16521.7578125
-17301.7558594 -17080.4648438 -17981.6484375 -17576.1464844 -17474.8886719 -18105.8066406 -17249.7441406 -17202.0371094
-16873.7382812 -16302.9570312 -17554.7460938 -16975.9609375 -16727.7832031 -17596.9765625 -16523.5800781 -16521.8125000
-16714.3847656 -16540.1855469 -17459.0000000 -16953.1269531 -16424.7480469 -17413.7363281 -16219.9833984 -16596.3515625
-15991.4941406 -15703.3789062 -16884.8476562 -16278.1923828 -16046.7011719 -16774.6699219 -15774.0166016 -15922.4228516
-16369.4082031 -15632.3750000 -17148.2695312 -16494.3613281 -16124.0166016 -17154.1054688 -16051.6181641 -16029.0761719
-15900.5048828 -15277.5390625 -16796.5097656 -16145.8173828 -15792.2851562 -16804.7695312 -15556.8349609 -15606.7216797
-17235.7753906 -16810.4472656 -17939.0898438 -17378.1933594 -16703.1562500 -17953.3710938 -16822.0214844 -16990.7871094
-16886.9746094 -16604.6718750 -17652.5351562 -17125.5917969 -16386.9921875 -17696.4902344 -16377.1542969 -16684.6503906
-15941.3125000 -15519.5888672 -16962.2792969 -16262.4306641 -15819.2578125 -16811.0683594 -15738.9423828 -15887.5488281
-16388.8964844 -15904.3144531 -17251.3515625 -16643.3046875 -16562.0605469 -17263.8125000 -16274.6376953 -16217.9990234
-16327.7656250 -16151.1054688 -17229.4902344 -16579.7949219 -15696.3339844 -17199.4082031 -15770.2910156 -16137.0195312
-15748.7314453 -15453.5839844 -16508.7851562 -15865.9746094 -15409.2412109 -16610.7832031 -15211.7333984 -15392.8173828
-16126.8105469 -15685.1777344 -16901.1992188 -16368.6982422 -15781.8701172 -16799.2851562 -15819.9238281 -15883.4658203
-17915.6875000 -17459.2167969 -18529.4667969 -18236.9257812 -17818.9453125 -18645.3984375 -17837.5175781 -17725.5351562
-15739.8798828 -15201.7539062 -16735.9941406 -15899.5351562 -15628.5761719 -16822.1093750 -15571.1894531 -15611.8056641
-17997.4160156 -17622.2363281 -18625.3339844 -18161.5996094 -17825.2910156 -18551.4042969 -17687.2656250 -17785.6562500
-18060.0820312 -17760.6367188 -18853.6757812 -18183.0253906 -17575.5976562 -18765.9238281 -17557.1640625 -17817.2890625
-17622.5976562 -17478.4375000 -18423.4003906 -17989.9375000 -17354.0273438 -18349.3437500 -17255.1523438 -17555.3417969
-18315.5703125 -17799.2929688 -18887.2558594 -18343.4160156 -18140.6464844 -18757.8066406 -18158.5175781 -18109.0234375
-16500.8359375 -15732.6113281 -17199.5078125 -16624.6875000 -16317.8623047 -17051.4023438 -16250.6464844 -16266.5507812
-17072.1582031 -16467.0644531 -17814.4296875 -17232.9375000 -16858.0664062 -17702.0878906 -16857.5332031 -16815.9453125
-16355.4423828 -15936.5429688 -17360.3632812 -16673.5410156 -16301.8720703 -17377.2734375 -16225.0566406 -16242.4287109
-17223.1718750 -17090.8730469 -17976.8671875 -17436.6835938 -16760.3242188 -17951.3281250 -16707.1933594 -17036.7636719
-17059.3808594 -16857.2480469 -17910.2402344 -17360.3320312 -16502.8476562 -17864.4238281 -16602.9140625 -16865.6679688
-19239.3066406 -18953.6171875 -19783.8417969 -19341.7734375 -19297.3496094 -19848.3066406 -19112.7246094 -19145.9277344
-17148.3066406 -16795.9394531 -18067.3574219 -17599.7558594 -17174.5898438 -18000.2343750 -17066.9238281 -17118.0039062
-17446.1777344 -17148.2109375 -18242.9960938 -17685.5742188 -16948.9667969 -18166.8339844 -17040.9179688 -17196.0996094
-16535.3261719 -15963.1972656 -17423.0507812 -16889.0703125 -16278.0322266 -17522.2226562 -16290.6103516 -16206.8525391
-16245.6640625 -15715.3945312 -17089.0957031 -16482.8945312 -15993.3837891 -17013.7519531 -15902.8046875 -15987.1406250
-18770.5546875 -18460.2382812 -19321.0566406 -18994.3691406 -18587.5273438 -19388.3730469 -18601.6347656 -18620.6210938
-17153.6093750 -16742.3222656 -17864.6914062 -17272.8281250 -16955.1308594 -17729.5761719 -16961.0566406 -16889.8671875
-16939.0664062 -16816.1347656 -17748.1542969 -17167.9472656 -16401.1445312 -17672.6718750 -16401.4433594 -16833.7656250
-16557.9101562 -16290.6503906 -17290.6894531 -16686.1425781 -15928.3505859 -17278.3496094 -16037.9453125 -16309.3544922
-17183.0917969 -16585.4492188 -17844.9472656 -17304.6718750 -16901.9257812 -17798.8886719 -16882.8164062 -16891.5390625
-17181.5585938 -16943.5195312 -17790.3730469 -17392.2636719 -16864.4667969 -17886.8222656 -16831.6445312 -16892.7753906
-16963.1953125 -16767.8359375 -17675.0878906 -17221.9492188 -16614.0292969 -17779.4882812 -16481.9238281 -16873.0195312
-16655.9101562 -16425.8046875 -17614.3847656 -16884.8437500 -16138.7978516 -17636.9433594 -16257.8349609 -16393.7070312
-16879.0566406 -16560.4199219 -17601.8437500 -17096.1953125 -16770.4863281 -17684.2558594 -16545.2910156 -16669.1601562
-18029.7539062 -17682.9277344 -18570.5839844 -18074.3769531 -17822.5878906 -18537.4804688 -17692.0019531 -17829.7617188
-17236.9179688 -16824.6992188 -17895.1269531 -17485.2167969 -17176.4160156 -18051.7265625 -17010.2460938 -16909.4316406
-17164.2050781 -16758.5742188 -17887.5410156 -17400.6367188 -17030.6660156 -17929.4277344 -16994.7167969 -17049.1660156
-18993.8847656 -18633.2226562 -19619.8125000 -19275.2695312 -18847.4316406 -19527.3964844 -18881.7949219 -18821.9453125
-16277.0800781 -15730.2089844 -17036.9082031 -16315.1396484 -15947.8759766 -16902.7285156 -15830.9824219 -15802.6328125
-17801.7519531 -17316.6250000 -18499.8359375 -17971.4746094 -17672.9902344 -18413.2714844 -17567.5449219 -17573.6132812
-17184.4707031 -16721.0488281 -17901.9433594 -17487.1679688 -17265.0683594 -17956.1796875 -17086.2675781 -16978.0214844
-17678.5917969 -17495.6953125 -18397.6328125 -17902.2480469 -17295.4316406 -18372.5957031 -17263.9238281 -17533.2792969
-17852.9941406 -17437.7910156 -18501.7207031 -18038.3320312 -17862.0800781 -18487.5898438 -17630.7441406 -17730.5507812
-17308.1503906 -16769.6621094 -18108.5214844 -17512.5546875 -17308.0800781 -18016.7539062 -16988.7597656 -17151.9238281
-16765.2832031 -16291.3779297 -17466.2421875 -16782.1679688 -16147.6611328 -17439.8671875 -16164.9121094 -16427.9707031
-17035.4531250 -16745.6699219 -17768.3007812 -17203.4882812 -16955.4648438 -17742.6230469 -16840.2343750 -16844.9414062
-17205.1484375 -16810.4179688 -17968.6367188 -17460.4882812 -17073.4433594 -17909.0566406 -17092.6015625 -16993.8535156
-17383.7636719 -17211.8242188 -18019.1210938 -17539.1367188 -16956.7656250 -17932.3359375 -16853.4550781 -17245.6816406
-16550.8027344 -16754.1074219 -16810.8964844 -16006.0410156 -17063.8164062 -16732.9394531 -16726.9023438 -16592.2539062
-16367.2001953 -16544.7832031 -16732.4082031 -16136.9824219 -16750.2890625 -16489.6289062 -16553.0917969 -16325.0996094
-18158.0058594 -18323.4296875 -18287.3398438 -17854.1464844 -18489.4648438 -18367.8964844 -18308.4414062 -18239.4277344
-18774.8535156 -19123.7265625 -18364.3320312 -18398.8496094 -19414.3710938 -17896.8730469 -19081.5507812 -18910.3710938
-17843.9726562 -18057.0078125 -17743.5976562 -17501.8183594 -18141.1035156 -17858.3359375 -17860.4316406 -17863.3320312
-18185.5605469 -18681.5488281 -17787.5117188 -17723.1152344 -18924.8828125 -17433.3769531 -18598.8320312 -18381.5703125
-17593.1269531 -17786.7148438 -17766.2226562 -17300.0468750 -17958.6132812 -17650.4335938 -17762.5488281 -17547.8281250
-16879.9238281 -17101.5058594 -17019.5351562 -16560.1679688 -17369.5917969 -17153.8242188 -17127.3691406 -16952.1347656
-17796.0058594 -18065.6914062 -17955.1875000 -17576.6992188 -18171.9023438 -17922.2050781 -18006.0957031 -17820.6113281
-17549.9238281 -17782.8066406 -17597.7753906 -17385.2011719 -17980.8222656 -17650.2519531 -17811.4824219 -17602.8886719
-17358.2500000 -17530.1757812 -17547.4316406 -17026.3632812 -17855.3183594 -17494.3378906 -17610.7753906 -17321.3476562
-17392.9765625 -17655.2734375 -17633.7402344 -17168.4609375 -17780.7539062 -17645.7382812 -17580.0097656 -17394.1269531
-18086.5019531 -18507.2148438 -17756.9121094 -17774.0488281 -18673.6093750 -17431.8847656 -18429.7617188 -18180.7910156
-16863.0371094 -17013.3242188 -17268.0566406 -16713.5039062 -17296.4824219 -17212.2929688 -17013.5742188 -16835.4863281
-16803.1250000 -16550.5449219 -17433.4160156 -16807.4492188 -16294.1982422 -17360.2265625 -16457.7519531 -16528.6796875
-17813.5136719 -17509.9160156 -18378.6503906 -18003.7031250 -17267.7480469 -18460.6777344 -17297.1074219 -17616.5078125
-17318.1894531 -17372.8808594 -17622.8300781 -17228.1777344 -17343.1152344 -17290.9746094 -17154.9316406 -17258.3652344
-17863.9804688 -17673.2949219 -18418.3476562 -17982.4003906 -17340.4062500 -18499.7968750 -17444.0585938 -17747.7167969
-17769.3750000 -17613.2773438 -18342.8886719 -17814.7539062 -17409.4335938 -18336.5097656 -17317.7070312 -17569.8144531
-16916.2187500 -16636.6582031 -17543.8691406 -17060.1855469 -16414.8515625 -17571.3320312 -16413.8164062 -16622.4238281
-16855.3964844 -16668.9511719 -17581.4218750 -17068.6894531 -16312.3916016 -17651.7265625 -16356.5156250 -16596.4804688
-17318.3750000 -16974.4140625 -18133.0429688 -17439.1074219 -16661.7753906 -18012.7050781 -16619.2832031 -17010.4394531
-16725.4765625 -16381.8769531 -17564.6582031 -17140.0761719 -15919.5869141 -17559.4941406 -16152.5273438 -16433.1816406
-16945.6132812 -16718.3476562 -17724.1152344 -17173.1835938 -16396.3066406 -17734.9179688 -16354.8525391 -16681.2109375
-16810.4648438 -16753.6035156 -17593.2675781 -17037.2304688 -16381.5498047 -17571.9179688 -16427.3652344 -16603.6289062
-18124.2089844 -18468.5078125 -17931.0859375 -18033.6289062 -18857.5800781 -17674.5664062 -18458.3652344 -18236.4550781
-18380.5175781 -18853.6953125 -18328.2890625 -18168.6015625 -19110.4843750 -17807.7128906 -18780.5878906 -18541.7988281
-18039.1132812 -18456.6718750 -17885.9335938 -17800.1582031 -18760.7890625 -17363.5546875 -18463.8593750 -18294.7070312
-16729.2324219 -16634.9531250 -17638.2792969 -17140.6660156 -16281.7910156 -17713.2890625 -16393.9492188 -16620.1171875
-18282.8769531 -18546.3378906 -18294.5878906 -18052.1718750 -18840.7187500 -17869.5820312 -18544.6894531 -18335.6191406
-16788.4375000 -16566.5058594 -17451.5585938 -16939.1621094 -16183.2929688 -17517.7226562 -16158.7900391 -16449.1953125
-18265.0253906 -18805.2382812 -17856.1992188 -17998.5488281 -18938.6093750 -17887.2128906 -18548.5742188 -18396.4726562
-19492.7597656 -19791.8574219 -19087.0507812 -19246.6777344 -20106.3632812 -19177.2734375 -19767.9199219 -19648.9746094
-17930.7285156 -18392.9609375 -17661.7128906 -17778.0449219 -18709.1933594 -17603.8808594 -18376.9472656 -18208.9238281
-17857.9765625 -18330.3222656 -17322.5703125 -17568.8476562 -18548.3769531 -17281.0214844 -18272.0117188 -18027.5800781
-19337.2050781 -19648.9941406 -18833.6777344 -19140.2441406 -19827.7910156 -19128.0312500 -19634.6269531 -19446.2812500
-18975.2148438 -19299.3398438 -18695.7285156 -18852.8417969 -19470.4941406 -18723.0664062 -19232.3671875 -19069.1757812
-20020.1054688 -20211.4042969 -19687.4609375 -19772.1406250 -20411.7539062 -19669.1230469 -20169.5683594 -20041.2890625
-18722.8906250 -19092.5097656 -18492.6074219 -18451.9218750 -19285.9785156 -18170.5839844 -19041.7558594 -18855.4179688
-18834.3691406 -19194.6835938 -18589.3476562 -18642.4746094 -19444.9707031 -18557.1640625 -19236.5625000 -19062.5820312
-18747.5371094 -19161.3945312 -18301.1406250 -18324.0742188 -19306.1191406 -18217.5527344 -19089.9003906 -18785.4707031
-18766.9433594 -19136.1093750 -18262.4941406 -18412.2363281 -19372.4882812 -18233.7187500 -18992.0000000 -18823.5722656
-18803.6113281 -19205.3007812 -18513.4667969 -18678.1347656 -19551.1171875 -18589.3339844 -19238.4707031 -19012.7773438
-19308.9765625 -19672.8574219 -18925.3339844 -19058.1308594 -19946.3437500 -18844.9648438 -19630.2929688 -19425.3535156
-19123.6289062 -19333.1660156 -18737.4414062 -18914.0976562 -19637.0000000 -18805.5273438 -19441.1933594 -19217.7148438
-20042.8339844 -20282.2128906 -19617.2851562 -19856.9492188 -20479.9042969 -19718.9707031 -20275.9433594 -20136.4023438
-19867.3046875 -20232.7187500 -19574.3535156 -19728.5390625 -20396.5195312 -19632.6601562 -20096.5722656 -19993.1152344
-18089.4765625 -18534.0644531 -17610.3710938 -17672.6191406 -18663.4746094 -17731.3925781 -18312.3261719 -18165.0644531
-18688.8925781 -19272.5585938 -18321.9511719 -18572.2597656 -19515.6562500 -18426.9394531 -19172.0800781 -18935.8242188
-19412.0292969 -19712.0722656 -19157.1191406 -19214.8652344 -19881.6816406 -19070.8886719 -19647.5371094 -19605.7460938
-19368.2089844 -19638.1015625 -19042.5800781 -19119.0039062 -19741.4609375 -18843.5136719 -19540.9550781 -19528.9804688
-16425.9316406 -16225.2421875 -17332.5507812 -16662.7675781 -15837.6679688 -17167.4746094 -15950.0371094 -16247.1884766
-16713.8964844 -16519.9882812 -17511.2890625 -16949.6328125 -16235.4433594 -17489.6914062 -16164.1757812 -16404.2519531
-18693.4843750 -18821.2382812 -18957.6210938 -18763.4218750 -18817.4433594 -18830.7617188 -18658.5253906 -18719.7421875
-18760.1777344 -18608.7402344 -19337.6171875 -18969.2968750 -18406.6191406 -19287.9140625 -18416.4531250 -18592.4492188
-18512.8125000 -18268.2656250 -19088.3789062 -18645.3359375 -18014.0566406 -19014.6425781 -18068.8750000 -18340.6230469
-17821.4433594 -17679.2597656 -18527.4687500 -18076.5839844 -17369.1875000 -18481.7421875 -17393.6542969 -17682.1660156
-17161.2636719 -16993.5351562 -17813.5371094 -17320.9609375 -16624.0976562 -17991.9550781 -16740.3750000 -17034.2832031
-17493.4882812 -17233.7988281 -18089.8105469 -17597.6660156 -17126.4453125 -18194.8125000 -17035.5000000 -17261.1132812
-16848.8789062 -16814.0566406 -17610.3417969 -17225.5878906 -16455.9082031 -17584.9492188 -16453.2519531 -16677.7578125
-17918.7441406 -17616.2792969 -18480.4179688 -18020.2890625 -17511.3906250 -18390.0507812 -17547.4101562 -17744.4355469
-18137.8750000 -17892.8164062 -18713.9667969 -18164.2968750 -17688.8496094 -18761.8593750 -17622.8242188 -18004.2167969
-15633.4248047 -15225.7382812 -16538.8183594 -15865.4775391 -14929.4492188 -16464.6406250 -14884.4873047 -15208.9648438
-16831.5878906 -16576.7285156 -17688.5761719 -17038.2441406 -16282.9121094 -17607.2402344 -16352.8183594 -16589.0058594
-17093.7988281 -16853.5527344 -17943.0664062 -17267.3632812 -16694.6933594 -17995.3261719 -16321.1572266 -16850.6093750
-17588.1347656 -17377.1523438 -18296.8886719 -17753.3886719 -17336.6640625 -18143.7187500 -17155.8925781 -17399.1621094
-15871.5517578 -15544.1074219 -16866.1777344 -16125.1337891 -15227.5791016 -16793.0605469 -15266.8515625 -15553.3525391
-16387.0878906 -16141.5126953 -17138.2011719 -16591.8730469 -15873.8994141 -17222.7324219 -15747.4326172 -16118.1083984
-15856.0947266 -15503.7158203 -16754.8046875 -15975.8193359 -15249.8593750 -16867.2382812 -15320.5507812 -15548.6464844
-16150.4082031 -15657.5712891 -16994.1152344 -16333.3466797 -15568.9111328 -16955.7382812 -15420.0781250 -15876.7998047
-16732.7109375 -16632.4511719 -17498.8710938 -16930.8691406 -16342.9492188 -17463.8671875 -16230.0849609 -16553.5664062
-17585.5097656 -17373.2167969 -18192.2089844 -17761.9687500 -17172.7558594 -18246.1250000 -17115.0664062 -17340.4218750
-16429.3359375 -16233.8330078 -17285.5546875 -16657.7832031 -16041.4404297 -17295.4824219 -15971.0283203 -16211.3007812
-17837.4628906 -17550.7402344 -18446.8945312 -17977.8828125 -17316.7460938 -18486.5449219 -17291.9101562 -17661.2812500
-16728.2539062 -16511.6367188 -17527.5878906 -16971.6679688 -16217.5615234 -17479.6699219 -16265.0673828 -16624.5527344
-17425.4824219 -17156.1367188 -18292.3730469 -17649.6347656 -17130.2695312 -18255.5898438 -17031.4589844 -17187.0976562
-16601.2890625 -16292.4335938 -17445.3613281 -16839.5839844 -16322.0214844 -17510.5761719 -16143.9726562 -16515.3105469
-16862.9296875 -16581.3105469 -17430.7734375 -16943.4550781 -16328.3974609 -17505.0507812 -16309.6347656 -16547.3730469
-16521.3496094 -16309.9482422 -17548.9257812 -16832.3632812 -15558.9755859 -17450.9589844 -15828.6396484 -16330.5839844
-17535.9082031 -17362.7246094 -18350.1445312 -17763.5214844 -17279.5625000 -18233.7929688 -17326.5683594 -17467.1953125
-17472.7207031 -17256.3769531 -18194.8574219 -17741.2324219 -16897.2480469 -18253.2714844 -17020.9375000 -17237.6464844
-17214.7011719 -16955.4941406 -18001.2167969 -17440.6484375 -16723.6503906 -17982.4199219 -16795.1289062 -16966.7675781
-17127.0546875 -17188.3769531 -17516.1933594 -17035.1816406 -16780.7421875 -17227.6074219 -16844.2304688 -17091.8535156
-17469.2226562 -17454.8652344 -18163.9589844 -17559.7617188 -17699.0117188 -18235.1796875 -17596.4687500 -17237.8007812
-15500.3476562 -15573.3447266 -16442.3984375 -15890.0937500 -15884.2812500 -16366.4648438 -15686.7597656 -15259.0097656
-16761.3125000 -16793.5800781 -17650.4570312 -17061.0605469 -16919.6367188 -17530.3515625 -16712.9804688 -16660.5078125
-16694.5410156 -16541.7402344 -17442.2792969 -16996.6855469 -16691.0410156 -17546.0449219 -16662.7539062 -16457.1562500
-16660.1699219 -16344.5068359 -17379.2070312 -16594.3203125 -16678.8828125 -17171.9316406 -16334.9033203 -16413.1230469
-17105.8085938 -16820.4570312 -17528.0761719 -17113.2343750 -17060.7148438 -17523.6582031 -16923.0351562 -16818.2753906
-16343.5625000 -16212.1777344 -17226.4355469 -16510.7558594 -16524.8964844 -17052.3125000 -16347.6455078 -16187.0654297
-16950.5351562 -17076.1953125 -17632.0449219 -17176.9257812 -17049.5351562 -17722.4570312 -17010.5742188 -16737.9160156
-18039.0410156 -17986.1171875 -18633.2597656 -18237.6855469 -18102.7109375 -18641.0937500 -18027.4921875 -17871.0507812
-17052.7929688 -17065.0625000 -17922.1210938 -17404.4042969 -17277.0390625 -17967.8183594 -17133.4687500 -16944.3007812
-17823.5039062 -17805.8046875 -18426.5156250 -18129.3125000 -17901.7753906 -18557.2226562 -17796.5527344 -17636.0371094
-16595.3105469 -16340.4140625 -17360.3476562 -16905.4277344 -16187.3730469 -17407.9296875 -16107.4316406 -16385.2988281
-16836.4863281 -16791.7460938 -17602.2949219 -17055.1835938 -17023.0585938 -17613.2910156 -16829.2207031 -16633.7734375
-16240.1240234 -15989.8740234 -16941.2695312 -16403.2656250 -16356.8164062 -16958.0800781 -16109.2675781 -15917.3496094
-16335.9003906 -16049.5371094 -17240.9882812 -16517.8378906 -16213.9052734 -17191.9628906 -16071.8691406 -15965.0273438
-17162.6523438 -17034.6835938 -17797.7578125 -17131.7285156 -17213.9414062 -17661.6074219 -16970.7792969 -17002.4550781
-17831.6914062 -17991.2343750 -18538.9511719 -18120.7656250 -17951.3984375 -18621.9785156 -17963.9824219 -17656.1015625
-16684.3339844 -16451.8222656 -17461.8281250 -16891.1171875 -16681.6347656 -17503.8007812 -16571.3242188 -16464.1972656
-18803.4414062 -18570.3554688 -19311.1914062 -18736.4335938 -18737.2148438 -19328.5566406 -18609.9121094 -18506.6992188
-17646.1406250 -17823.2851562 -18349.7636719 -17997.5488281 -17896.3417969 -18441.3730469 -17733.0546875 -17458.3867188
-16063.5039062 -15878.1962891 -16879.3339844 -16249.7490234 -16152.0869141 -16831.2714844 -15847.5849609 -15779.3505859
-17077.8515625 -17070.4003906 -17868.7265625 -17407.8144531 -17222.1953125 -17921.5644531 -17188.9921875 -16898.7519531
-16545.9765625 -16602.1562500 -17203.0664062 -16839.8281250 -16813.7656250 -17196.8378906 -16618.5390625 -16402.0078125
-17174.8906250 -17200.2187500 -18073.5546875 -17468.1035156 -17428.4257812 -17965.2324219 -17301.1582031 -16980.3652344
-17562.0136719 -17608.2382812 -18316.1738281 -17779.6621094 -17673.1855469 -18188.8750000 -17587.8515625 -17381.6269531
-17112.6406250 -17047.4296875 -17863.8300781 -17272.5175781 -17084.0917969 -17765.6113281 -16991.8339844 -16961.5039062
-18309.6835938 -18229.5937500 -18842.2109375 -18365.6074219 -18390.3320312 -18771.1445312 -18260.4082031 -18058.9023438
-17456.4492188 -17422.1191406 -18252.0761719 -17782.9296875 -17493.3183594 -18204.1640625 -17520.5234375 -17262.0722656
-16290.3925781 -15794.9326172 -17025.4667969 -16540.9941406 -16242.5380859 -16932.7226562 -16048.3994141 -16032.1816406
-16045.7138672 -15577.2460938 -16871.3554688 -16336.1982422 -15952.5732422 -16956.8710938 -15868.4570312 -15835.4648438
-16202.4863281 -15743.6132812 -16985.8535156 -16440.3496094 -16066.8701172 -17104.5976562 -15988.0712891 -15997.3037109
-17937.8613281 -17491.5390625 -18534.4101562 -17963.0292969 -17646.6562500 -18397.7929688 -17633.5039062 -17675.9980469
-17536.3144531 -17162.1386719 -18165.8320312 -17590.9609375 -17159.2539062 -18084.0136719 -17042.4375000 -17257.8808594
-16372.1240234 -15985.6005859 -17255.4042969 -16589.7500000 -16478.0488281 -17122.9414062 -16290.4628906 -16281.5234375
-16911.8222656 -16749.7949219 -17750.8847656 -17219.5097656 -16261.7441406 -17775.4472656 -16368.8144531 -16694.4238281
-16843.8242188 -16284.8193359 -17612.9179688 -17101.9218750 -16653.9042969 -17597.1308594 -16399.6367188 -16557.1601562
-18793.5312500 -18690.0546875 -19270.4980469 -18962.2128906 -18483.2402344 -19287.3593750 -18490.1601562 -18633.3808594
-17094.3320312 -16618.9531250 -17759.8144531 -17237.5292969 -16865.8066406 -17779.5957031 -16816.6347656 -16807.1796875
-17860.4921875 -17530.1894531 -18535.3613281 -18075.0507812 -17748.7539062 -18526.4746094 -17624.3320312 -17608.9921875
-17994.2656250 -17640.4082031 -18733.8476562 -18222.8828125 -17895.1718750 -18768.8984375 -17885.8476562 -17885.1406250
-18614.7148438 -18156.5097656 -19287.0429688 -18745.0917969 -18479.7558594 -19300.5351562 -18467.5078125 -18348.9707031
-19074.6933594 -19303.0644531 -18797.1523438 -18768.6171875 -19550.3828125 -18410.1484375 -19304.4531250 -19123.3984375
-17963.1777344 -17503.4980469 -18612.7871094 -18089.4746094 -17875.1953125 -18577.9082031 -17797.9277344 -17756.2812500
-18928.0683594 -19030.5019531 -19495.6757812 -19157.2421875 -18791.8007812 -19546.3945312 -18726.2167969 -18897.5527344
-19412.1718750 -19879.8320312 -19131.1933594 -19223.0722656 -20072.3242188 -18950.2851562 -19834.2558594 -19680.5507812
-18900.9062500 -18579.1250000 -19539.6054688 -19110.7421875 -18751.6308594 -19559.2929688 -18674.7773438 -18690.0253906
-19169.4472656 -18853.8750000 -19624.5898438 -19332.7070312 -19110.0781250 -19671.9277344 -19144.2675781 -19106.7597656
-18573.4277344 -18874.0996094 -18561.3671875 -18400.6796875 -19018.6679688 -18275.5703125 -18670.3085938 -18579.4414062
-18475.2617188 -18191.7558594 -19147.7285156 -18776.0468750 -18359.7460938 -19093.0351562 -18306.2890625 -18395.4296875
-18457.2636719 -18184.2421875 -19122.2832031 -18605.7226562 -17934.2480469 -18957.3359375 -17922.5625000 -18213.5292969
-18171.0449219 -18360.2460938 -18752.1347656 -18424.2109375 -18603.0859375 -18750.5859375 -18333.1347656 -18243.7636719
-18347.5078125 -18083.8808594 -18958.9785156 -18405.8476562 -17969.9531250 -18857.7636719 -17992.3339844 -18182.9218750
-19004.8046875 -18843.3261719 -19465.5156250 -19097.5937500 -19017.2480469 -19400.6406250 -18866.4003906 -18940.4375000
-19225.8144531 -19615.3593750 -18980.2714844 -19062.7617188 -19882.3164062 -18712.3437500 -19516.4160156 -19376.6054688
-19437.0625000 -19776.8339844 -19348.1015625 -19236.8105469 -20072.0507812 -18957.8769531 -19762.5234375 -19622.2187500
-19082.1132812 -19432.3300781 -18870.5898438 -18755.6972656 -19554.1484375 -18360.2050781 -19316.6093750 -19218.6875000
-18707.9570312 -18899.0742188 -18830.9902344 -18651.6464844 -19068.9882812 -18609.5292969 -18785.3320312 -18731.0683594
-17585.8457031 -17788.8007812 -17989.4726562 -17676.3457031 -18030.9882812 -18008.2011719 -17722.6718750 -17628.0644531
-18489.4414062 -18920.4726562 -18190.0625000 -18281.3242188 -19139.3007812 -17632.6230469 -18888.8398438 -18710.1972656
-19428.0781250 -19764.1835938 -19127.5937500 -19086.0351562 -19950.2402344 -18762.6074219 -19750.7910156 -19538.1875000
-18885.9433594 -18476.8652344 -19420.1191406 -19022.9746094 -18852.0214844 -19429.7500000 -18700.7207031 -18714.7988281
-18512.3691406 -18170.0527344 -19107.7167969 -18560.4355469 -18345.2773438 -19049.6660156 -18352.6914062 -18328.4296875
-18201.1210938 -18077.8886719 -18900.7148438 -18496.0546875 -17970.7929688 -18870.1289062 -17895.5859375 -18110.7832031
-17178.7539062 -16785.4765625 -17892.6953125 -17337.4843750 -17143.8085938 -17971.7812500 -16989.8652344 -17127.4980469
-18711.3671875 -18411.6132812 -19412.2910156 -18811.2812500 -18445.8339844 -19379.1054688 -18517.8125000 -18536.8242188
-17299.4121094 -17045.4179688 -18088.4375000 -17569.0449219 -16923.8027344 -17984.3867188 -16922.3027344 -17173.1503906
-18818.8808594 -19267.7207031 -18695.2714844 -18647.6777344 -19534.1308594 -18437.0078125 -19233.1777344 -19001.8281250
-18428.5253906 -18772.1132812 -17926.7265625 -18107.3574219 -19031.1582031 -17797.3476562 -18777.4570312 -18595.6562500
-18395.8437500 -18829.8457031 -17997.6230469 -18050.7851562 -18958.5859375 -17615.3789062 -18670.2851562 -18562.1914062
-18334.9765625 -17916.4550781 -18989.5859375 -18472.7441406 -18210.0957031 -18936.9453125 -18115.3945312 -18131.4023438
-19500.5625000 -19304.4472656 -19956.8417969 -19651.2695312 -19019.9511719 -19998.2460938 -19098.5312500 -19349.4042969
-18376.9238281 -18699.0878906 -18128.2011719 -18081.1640625 -18983.1699219 -17534.1972656 -18734.6425781 -18588.3515625
-18105.1796875 -17863.8789062 -18825.7812500 -18195.1972656 -18195.7109375 -18724.7519531 -17906.3027344 -18004.5917969
-19074.4238281 -19375.7890625 -18826.8300781 -18754.3222656 -19708.9218750 -18488.2890625 -19369.6953125 -19197.7949219
-17156.6777344 -16620.3769531 -17874.4082031 -17390.3867188 -17066.4980469 -17872.5136719 -16901.2773438 -16926.2031250
-18950.3730469 -19387.8066406 -18729.2402344 -18698.8183594 -19503.3554688 -18528.6718750 -19261.8652344 -19185.0664062
-18452.9023438 -18899.6210938 -18211.2968750 -18256.6992188 -19140.8886719 -17760.8671875 -18810.7207031 -18658.7812500
-19222.6054688 -19631.1093750 -18982.2109375 -19005.9453125 -19862.4003906 -18635.3867188 -19651.9843750 -19415.0078125
