-16508.8730469 -16841.8613281 -17251.6621094 -16857.3027344 -16976.2011719 -17284.1289062 -16779.0312500 -16553.6425781
-17140.0800781 -17363.1425781 -17897.6718750 -17346.0292969 -17456.9257812 -17659.7187500 -17224.7578125 -16888.9003906
-17598.2519531 -17778.9824219 -18240.8437500 -17720.9902344 -18018.1308594 -18232.3964844 -17851.5058594 -17764.0332031
-17332.7207031 -17471.7128906 -17923.6171875 -17524.2304688 -17715.9472656 -17826.2207031 -17518.0820312 -17205.3242188
-18146.2167969 -18295.4062500 -18604.3105469 -18223.7441406 -18677.4277344 -18581.3457031 -18332.3281250 -18141.1621094
-16766.2187500 -16899.6738281 -17358.7636719 -16963.0253906 -17146.6269531 -17231.0957031 -16778.1328125 -16609.0058594
-17981.1679688 -18172.0136719 -18438.9218750 -18128.9453125 -18505.0136719 -18556.6933594 -18169.9414062 -17868.2617188
-16310.7490234 -16510.6503906 -17127.6914062 -16642.5742188 -16691.2148438 -16999.6660156 -16492.2187500 -16164.0458984
-16565.7050781 -16542.0273438 -17138.3222656 -16541.8730469 -16885.9863281 -17151.9433594 -16576.8300781 -16452.5566406
-16449.1562500 -16800.1660156 -17365.8593750 -16700.4316406 -17134.6562500 -17256.0410156 -16808.0468750 -16414.9472656
-16052.4003906 -16380.4775391 -17055.2226562 -16340.9003906 -16784.7617188 -16906.3085938 -16259.6318359 -16027.9365234
-16245.8574219 -16246.2236328 -17065.3007812 -16522.0000000 -16447.4492188 -17061.3417969 -16148.1601562 -16016.6503906
-16549.0722656 -16718.4023438 -17311.7226562 -16676.6113281 -17046.5097656 -17076.9570312 -16668.7070312 -16420.3339844
-16641.7324219 -16931.7949219 -17424.3359375 -16834.7910156 -17136.1718750 -17213.3378906 -16910.7363281 -16722.8398438
-16156.8300781 -16567.9121094 -16999.8125000 -16453.9140625 -16985.8046875 -16900.4843750 -16480.7128906 -16222.0048828
-16388.4550781 -16440.2050781 -17100.3046875 -16367.5009766 -16863.6718750 -16833.4511719 -16447.6328125 -16315.7060547
-18053.7187500 -18234.7207031 -18715.2851562 -18262.7011719 -18348.8652344 -18625.1582031 -18222.0527344 -18054.9765625
-16789.7050781 -17081.1289062 -17563.6777344 -16982.1191406 -17177.6074219 -17503.4316406 -17029.5371094 -16805.4296875
-16504.5468750 -16550.7949219 -17328.2343750 -16707.7421875 -16868.4082031 -17255.1816406 -16634.4960938 -16474.6621094
-16557.3984375 -16662.8808594 -17333.9882812 -16800.3593750 -17054.4570312 -17302.5507812 -16825.8964844 -16677.5507812
-16839.7304688 -16966.8769531 -17707.4980469 -17006.3457031 -17263.6035156 -17489.2128906 -16976.3242188 -16915.2636719
-16509.2480469 -16549.9101562 -17249.6914062 -16691.5488281 -16899.8652344 -16928.7382812 -16519.8789062 -16345.9033203
-16277.5488281 -16546.6679688 -17340.9453125 -16503.1152344 -16724.3808594 -17022.0917969 -16449.0722656 -16335.3232422
-16811.9140625 -16973.3281250 -17696.3671875 -17077.7070312 -17285.1542969 -17601.0195312 -17111.9863281 -16828.7539062
-16240.3417969 -16407.5957031 -16899.9785156 -16397.1679688 -16566.0566406 -16798.2929688 -16230.2460938 -16191.6738281
-16008.7333984 -16686.6953125 -17177.3007812 -16657.8847656 -16937.6093750 -17286.3457031 -16435.5097656 -16340.3583984
-16433.3339844 -16589.0449219 -17286.7500000 -16836.0429688 -16951.4375000 -17180.0605469 -16637.0820312 -16368.2421875
-16763.7539062 -16993.7753906 -17500.2207031 -16886.6875000 -17262.7578125 -17309.6503906 -16926.3339844 -16827.5800781
-15528.1816406 -15693.7392578 -16328.0312500 -15684.3896484 -15942.9375000 -16178.1308594 -15755.0644531 -15362.6787109
-15363.3095703 -15556.8906250 -16320.7060547 -15611.5869141 -15910.0068359 -16098.4990234 -15569.9003906 -15233.3955078
-16339.7929688 -16501.2402344 -17066.9804688 -16469.8144531 -16733.4140625 -17056.0566406 -16609.3320312 -16451.0644531
-16797.2421875 -17227.4667969 -17579.5566406 -16946.1933594 -17537.0253906 -17431.9394531 -17213.6445312 -16926.1738281
-16639.1796875 -16893.4316406 -17534.1816406 -16956.1464844 -17242.2832031 -17242.6757812 -16907.6464844 -16478.9843750
-16337.6660156 -16354.3789062 -17140.0996094 -16498.3906250 -16614.8828125 -16945.3066406 -16457.9003906 -16268.6445312
-16721.0234375 -16975.1445312 -17253.8437500 -16866.5390625 -17032.3046875 -17167.8671875 -16815.5625000 -16772.8730469
-17162.1835938 -17720.8281250 -18186.4980469 -17516.1132812 -17981.7675781 -18027.4804688 -17678.5976562 -17509.6152344
-17191.3945312 -17329.3867188 -17893.1796875 -17215.6855469 -17690.3632812 -17707.5839844 -17404.6484375 -17192.0195312
-17352.1699219 -17614.2636719 -18046.4257812 -17614.4257812 -17770.2753906 -17933.4921875 -17608.1679688 -17427.1757812
-17088.2656250 -17177.4355469 -17759.6894531 -17249.9941406 -17559.8925781 -17772.2031250 -17168.6757812 -17063.7910156
-17220.3378906 -17394.5878906 -18084.4140625 -17381.6054688 -17603.2089844 -17770.5468750 -17376.8007812 -17084.5683594
-17189.8105469 -17261.9882812 -17794.5664062 -17138.6308594 -17470.8339844 -17521.9042969 -17228.0078125 -17167.6289062
-17658.8886719 -17802.8964844 -18317.2226562 -17882.1464844 -18076.7539062 -18202.3847656 -17830.7988281 -17476.4082031
-17193.1699219 -17458.0253906 -17791.8027344 -17212.6113281 -17738.0917969 -17609.8574219 -17545.5644531 -17335.8300781
-16585.2773438 -16834.0800781 -17546.2792969 -16957.9628906 -17025.7128906 -17598.7910156 -16728.3125000 -16504.9785156
-16276.2763672 -16463.5546875 -17035.1562500 -16343.7128906 -16577.7011719 -16977.9609375 -16291.6142578 -16248.1464844
-17128.8007812 -17422.4707031 -17468.6542969 -17002.8496094 -17769.1914062 -17283.5546875 -17460.4042969 -17219.3574219
-16817.4570312 -17157.0468750 -17729.8476562 -17102.0742188 -17426.9902344 -17483.9375000 -17165.5527344 -16778.5332031
-17232.4960938 -17510.0820312 -18070.0585938 -17398.8281250 -17771.8964844 -17961.2089844 -17393.8652344 -17358.2792969
-16803.7324219 -17111.2714844 -17555.7304688 -16986.1386719 -17301.7695312 -17374.1914062 -16985.3691406 -16871.8378906
-16749.8398438 -16909.6171875 -17400.3339844 -16812.0371094 -17138.7597656 -17212.9101562 -16797.9609375 -16676.4316406
-16751.7207031 -16888.6171875 -17369.9980469 -16762.4257812 -16975.5000000 -17289.2363281 -16741.9414062 -16615.9140625
-17798.3808594 -17925.7968750 -18283.7011719 -17897.8828125 -18223.7949219 -18212.0644531 -18066.1933594 -17875.3398438
-17706.4199219 -17961.2695312 -18538.5117188 -18051.2695312 -18234.1503906 -18273.4941406 -17926.6699219 -17796.9453125
-18260.8867188 -18514.1484375 -18988.7617188 -18566.3574219 -18578.8007812 -18962.7714844 -18360.8222656 -18171.7617188
-18386.3535156 -18447.5429688 -19041.3105469 -18425.1015625 -18593.1015625 -18815.4433594 -18425.8398438 -18120.2675781
-17308.7519531 -17360.1054688 -18033.3300781 -17451.5253906 -17584.3085938 -17731.0683594 -17334.6425781 -17306.3847656
-16877.0351562 -17152.7402344 -17397.3554688 -16924.7343750 -17312.1464844 -17373.9960938 -17135.6679688 -16974.5273438
-17961.1933594 -18109.3632812 -18699.0332031 -18084.0312500 -18296.2500000 -18602.9902344 -18168.7597656 -17977.7207031
-17476.7500000 -17497.1855469 -18125.4042969 -17573.3613281 -17983.2343750 -17982.8085938 -17588.5097656 -17540.6503906
-17357.6054688 -17681.7910156 -17826.6894531 -17443.6855469 -18099.9316406 -17550.5898438 -17667.3964844 -17466.7226562
-17228.0917969 -17579.3476562 -17822.2695312 -17398.6640625 -17752.2519531 -17716.3710938 -17419.9140625 -17279.5703125
-17182.7343750 -17268.8359375 -17792.8730469 -17236.9160156 -17489.9179688 -17756.1699219 -17177.2148438 -17067.7949219
-16824.9628906 -17524.0000000 -17659.8789062 -16991.4218750 -17677.4355469 -17549.2949219 -17352.3964844 -17052.7636719
-17097.9140625 -16905.1328125 -17937.9257812 -17398.3554688 -17237.0996094 -17869.7558594 -17063.8613281 -16793.4843750
-17238.2207031 -17533.0156250 -18083.4375000 -17613.6933594 -17841.5703125 -17923.4687500 -17485.0625000 -17137.5078125
-17185.4003906 -17512.7578125 -18099.8828125 -17443.2226562 -17738.3808594 -17923.4375000 -17428.3750000 -17242.9238281
-18394.5664062 -18788.2988281 -18537.6210938 -18378.7597656 -19212.0195312 -18434.4042969 -18725.3964844 -18586.0097656
-17483.5800781 -17723.7382812 -18175.6503906 -17596.9082031 -17930.2597656 -18093.6601562 -17723.6621094 -17570.8515625
-17652.1503906 -17915.5800781 -18361.3066406 -17821.7480469 -18198.8046875 -18194.9550781 -17921.6738281 -17689.4824219
-18170.4394531 -18470.5605469 -18507.1542969 -18326.2734375 -18684.7714844 -18478.6464844 -18322.8535156 -18359.6875000
-17910.9277344 -18121.3984375 -18547.6699219 -18069.5820312 -18373.1894531 -18470.3808594 -18171.3457031 -17903.1308594
-16816.6972656 -17006.6367188 -17658.3964844 -16932.1425781 -17237.6210938 -17404.3886719 -17015.4921875 -16698.6035156
-17302.5000000 -17595.0507812 -17978.8437500 -17691.5585938 -17907.7949219 -17812.0253906 -17525.2812500 -17442.4960938
-16834.9531250 -17114.4707031 -17697.9511719 -17129.9453125 -17401.0937500 -17660.0722656 -17074.1835938 -16857.6894531
-16811.5996094 -16840.1777344 -17429.1269531 -16867.8886719 -17206.2050781 -17458.2363281 -16974.6035156 -16828.7207031
-17229.9882812 -17557.9746094 -18140.8496094 -17477.7753906 -17776.0078125 -17767.8828125 -17405.2812500 -17118.2480469
-17209.0625000 -17278.8281250 -17950.3730469 -17484.6289062 -17422.8027344 -17722.6093750 -17313.4921875 -17245.0468750
-17699.2734375 -17795.2812500 -18260.8339844 -17924.5937500 -17975.0136719 -18391.2792969 -17790.3691406 -17531.7968750
-16767.9628906 -16968.4121094 -17464.6171875 -16898.5312500 -17233.3613281 -17443.2519531 -16999.1308594 -16640.0468750
-17409.8222656 -17716.3105469 -18009.1953125 -17650.3671875 -17837.0664062 -17993.5703125 -17483.9863281 -17328.6972656
-17367.2167969 -17607.3476562 -17308.1816406 -16966.7460938 -17916.7656250 -17481.4550781 -17589.0312500 -17407.0859375
-16887.7187500 -17101.3125000 -16920.7695312 -16471.2265625 -17498.3242188 -16986.7773438 -17092.3828125 -16997.5605469
-17137.9355469 -17467.5175781 -17402.6894531 -16978.8945312 -17843.0039062 -17262.3769531 -17396.3574219 -17295.1640625
-18556.9355469 -18769.7714844 -18729.9765625 -18355.0351562 -18931.2929688 -18690.2988281 -18728.2148438 -18535.9941406
-17608.5214844 -17849.2050781 -17644.0156250 -17159.5781250 -18099.8007812 -17504.3925781 -17835.5683594 -17595.2363281
-17550.0507812 -17824.0292969 -17599.9394531 -17225.6523438 -18188.2031250 -17664.5742188 -17775.0683594 -17576.7929688
-17927.8027344 -18358.8496094 -18120.8046875 -17559.1464844 -18503.6757812 -18074.8164062 -18172.0351562 -18104.6308594
-16855.4082031 -17044.2011719 -16730.2226562 -16297.8671875 -17542.4003906 -16565.0644531 -17087.8984375 -16881.2441406
-17124.1132812 -17310.5468750 -17015.7128906 -16645.9609375 -17778.6464844 -17073.4101562 -17335.1132812 -17212.7695312
-16325.2822266 -16537.7460938 -16497.3730469 -15836.7998047 -17010.3339844 -16494.7617188 -16589.7851562 -16459.0175781
-17246.6328125 -17618.2148438 -17226.2324219 -16912.2304688 -17969.1015625 -17166.6816406 -17596.7363281 -17382.7187500
-17029.6015625 -17454.6250000 -17340.3222656 -16621.3437500 -17695.0820312 -17198.0136719 -17380.2128906 -17212.9257812
-15653.5869141 -16007.4746094 -16071.6308594 -15595.4345703 -16353.3203125 -16147.9414062 -15922.9531250 -15788.1474609
-18045.1367188 -18270.7207031 -18241.4882812 -17684.2734375 -18514.1601562 -18174.3066406 -18193.0507812 -18139.0371094
-17208.2460938 -17521.8300781 -17457.3203125 -16858.3984375 -17839.0332031 -17321.1953125 -17467.4453125 -17351.7558594
-18196.7832031 -18533.2832031 -18150.1640625 -17849.7089844 -18846.3007812 -18158.7109375 -18460.5410156 -18448.2597656
-18127.7968750 -18529.6230469 -18207.5722656 -17854.9531250 -18893.6718750 -18277.2128906 -18562.0781250 -18284.1367188
-17120.3574219 -17358.7031250 -17185.0390625 -16747.6386719 -17682.5917969 -17204.6640625 -17443.8242188 -17181.9707031
-16853.0546875 -17113.1738281 -17016.7656250 -16524.8222656 -17483.2109375 -16808.8281250 -17161.5371094 -16893.6054688
-17307.7500000 -17578.7285156 -17144.6054688 -16705.0449219 -17976.9902344 -17296.3125000 -17563.7382812 -17419.8808594
-18718.1054688 -19164.4609375 -17912.7910156 -18268.0156250 -19544.4101562 -18397.2089844 -19105.4433594 -18892.3613281
-17760.2265625 -18232.0878906 -16778.6953125 -17538.4394531 -18480.3984375 -17511.3710938 -18118.8339844 -17951.2656250
-19032.2343750 -19333.6875000 -18021.4882812 -18739.9863281 -19796.3632812 -18763.4628906 -19365.6503906 -19196.3222656
-19909.6757812 -20197.7089844 -19089.7910156 -19631.4355469 -20527.8984375 -19638.2734375 -20156.8105469 -20098.9843750
-17915.0742188 -18320.8964844 -17354.0722656 -17531.9902344 -18508.2382812 -17354.6308594 -18181.4433594 -17977.2441406
-19039.8007812 -19318.4121094 -18109.6210938 -18743.1035156 -19687.0722656 -18825.2128906 -19307.3164062 -19199.6875000
-19313.1328125 -19672.0214844 -18421.7363281 -19106.5585938 -19950.5449219 -19016.0878906 -19656.5078125 -19489.9218750
-18612.5117188 -18985.3281250 -18175.9042969 -18378.3789062 -19404.3476562 -18354.2773438 -18902.7441406 -18823.4218750
-19090.5664062 -19391.6523438 -18602.3261719 -18783.7128906 -19504.4414062 -18799.2734375 -19324.4003906 -19302.3964844
-18847.2617188 -19256.2832031 -18147.3007812 -18557.9511719 -19416.2050781 -18702.5878906 -19116.8476562 -18909.8378906
-18109.8007812 -18603.9687500 -17170.8769531 -17896.8710938 -18866.5273438 -18018.4960938 -18477.4824219 -18335.8652344
-17104.4140625 -16906.2128906 -17905.9531250 -17201.4570312 -16666.3906250 -17798.4726562 -16613.6875000 -17017.7402344
-17080.0781250 -16693.6718750 -17917.4570312 -17267.0546875 -17039.9238281 -17812.6113281 -16884.4160156 -16973.3945312
-17950.8613281 -17785.2226562 -18769.8984375 -18253.8437500 -17503.0605469 -18738.2773438 -17502.7812500 -17913.9472656
-18594.4609375 -18247.0156250 -19286.9335938 -18746.6855469 -18446.5585938 -19251.2421875 -18292.1289062 -18470.0351562
-17878.1855469 -17412.6523438 -18682.9121094 -18007.2656250 -17985.3046875 -18527.2617188 -17742.4824219 -17736.0664062
-17279.1875000 -16936.2656250 -18152.5937500 -17692.6796875 -17327.6777344 -18078.2382812 -17081.1093750 -17141.2148438
-16653.3945312 -16156.9306641 -17365.8085938 -16779.7402344 -16678.5351562 -17243.6230469 -16461.1093750 -16402.7460938
-18328.1074219 -17835.7832031 -18957.9941406 -18502.8808594 -18167.4960938 -18867.4316406 -18048.2675781 -18230.6503906
-16983.1738281 -16427.8808594 -17829.7402344 -17010.2011719 -16715.7382812 -17721.8593750 -16718.0625000 -16838.9960938
-17063.8515625 -16684.7773438 -17935.7109375 -17170.1542969 -17011.3964844 -17874.8925781 -16951.6679688 -16958.3085938
-17385.1875000 -17204.5214844 -18166.0351562 -17609.5078125 -17154.4648438 -18076.9003906 -16985.2656250 -17337.1093750
-16663.7480469 -16361.6328125 -17379.3027344 -16779.5312500 -16752.0703125 -17265.4335938 -16524.0625000 -16518.0683594
-17302.1875000 -16881.6191406 -18140.6621094 -17470.5585938 -17055.7753906 -18100.7363281 -16906.2089844 -17252.6464844
-17262.1953125 -16636.1269531 -18025.7656250 -17496.3828125 -17093.7167969 -17775.8398438 -17009.2148438 -17084.3906250
-16876.9433594 -16446.9023438 -17739.9296875 -17016.2226562 -17011.4160156 -17592.4316406 -16658.5097656 -16813.6093750
-16232.4638672 -15616.7636719 -17339.0156250 -16436.3535156 -16126.3427734 -17233.7714844 -15969.8173828 -16063.7929688
-16747.0957031 -16140.2617188 -17454.7128906 -16815.9648438 -16418.0878906 -17263.2421875 -16434.6640625 -16508.4785156
-16373.4326172 -16299.3623047 -17175.1953125 -16476.9160156 -15906.1582031 -17141.5683594 -15711.8515625 -16283.1513672
-16677.1894531 -16492.5449219 -17593.6328125 -16809.4003906 -16263.4990234 -17528.0332031 -16305.5322266 -16723.7617188
-17751.7890625 -17400.4492188 -18541.8789062 -18044.7792969 -17758.8125000 -18626.1347656 -17569.8593750 -17809.5683594
-16910.2675781 -16203.6230469 -17764.6503906 -17180.8066406 -16908.7890625 -17634.6992188 -16598.5800781 -16734.8515625
-17785.8750000 -17721.3730469 -18571.3007812 -17954.9804688 -17554.2343750 -18457.7968750 -17496.2285156 -17739.9824219
-16997.2285156 -16587.3007812 -17839.3417969 -17146.8554688 -16777.2421875 -17805.5000000 -16685.5214844 -16798.5839844
-16522.0097656 -15819.0517578 -17398.5449219 -16610.5605469 -16344.3105469 -17274.2343750 -16181.6025391 -16327.0322266
-17213.0820312 -17137.3066406 -17898.7070312 -17305.7421875 -16871.0937500 -17769.4980469 -16750.4824219 -17139.9003906
-15798.7480469 -15123.4296875 -16675.6367188 -16004.3437500 -15615.7646484 -16474.7441406 -15379.2851562 -15565.1738281
-15397.7265625 -14791.8652344 -16442.6953125 -15594.3242188 -15274.0898438 -16362.9169922 -14993.0673828 -15253.0781250
-15576.9179688 -14835.2919922 -16470.6621094 -15819.5556641 -15512.0937500 -16508.1679688 -15132.3740234 -15278.1904297
-16107.8144531 -15781.8427734 -17158.2324219 -16275.7197266 -15509.9931641 -17014.6835938 -15387.1074219 -15971.9873047
-18235.9160156 -18068.0195312 -18874.5546875 -18406.9472656 -17792.9121094 -18866.8828125 -17861.6347656 -18145.8222656
-17455.1855469 -17217.8378906 -18276.0996094 -17618.3203125 -16910.1093750 -18263.1308594 -16940.6777344 -17321.5136719
-18116.2578125 -17675.9218750 -18867.7636719 -18370.0214844 -17972.6347656 -18812.3593750 -17912.1718750 -18068.5273438
-16969.4980469 -16391.2792969 -17755.2109375 -17036.6855469 -16856.7226562 -17736.5000000 -16649.3496094 -16832.3847656
-17284.3203125 -16651.7265625 -18137.6796875 -17527.0468750 -17065.2812500 -18021.2597656 -17003.8281250 -17012.6757812
-17406.2714844 -16909.3886719 -18198.8613281 -17575.9589844 -17278.2617188 -18068.3691406 -17149.6796875 -17258.8222656
-16967.8164062 -16433.4550781 -17812.8574219 -17230.0039062 -16826.6308594 -17787.4804688 -16645.8125000 -16841.9628906
-16551.0292969 -16353.7031250 -17378.7382812 -16752.8828125 -16027.0361328 -17278.3261719 -16009.6669922 -16480.4218750
-16333.4921875 -15898.3623047 -17334.1386719 -16661.7832031 -16294.0742188 -17281.1484375 -16160.9394531 -16231.6767578
-16168.0390625 -15599.8242188 -17045.2988281 -16190.4863281 -15882.3564453 -17057.4687500 -15825.8203125 -15994.9111328
-16126.5908203 -15530.3154297 -17165.6757812 -16303.9638672 -15997.9521484 -16960.2871094 -15886.7880859 -16006.2363281
-17322.0214844 -17013.9492188 -18159.6660156 -17522.3906250 -16826.7285156 -17961.5078125 -16860.1210938 -17219.4335938
-17028.8339844 -16718.5703125 -17938.1816406 -17351.3320312 -16632.9726562 -17876.6796875 -16543.8847656 -16881.3242188
-15969.2031250 -15357.9707031 -17047.6210938 -16204.5488281 -15793.5332031 -16835.7519531 -15524.2832031 -15677.0195312
-16684.0546875 -16102.5146484 -17527.6562500 -16944.2871094 -16430.3417969 -17444.1171875 -16341.8691406 -16510.6328125
-16605.5605469 -16264.8027344 -17400.0351562 -16688.8105469 -16150.6650391 -17301.3847656 -16051.1962891 -16539.2441406
-15752.2949219 -15410.1640625 -16609.4394531 -15936.1826172 -15119.3339844 -16639.8769531 -15177.4814453 -15693.1064453
-15764.7001953 -15611.2910156 -16825.7207031 -16002.5283203 -15427.6083984 -16724.0332031 -15444.3046875 -15592.7568359
-17721.0546875 -17363.4511719 -18629.9921875 -17979.0898438 -17695.4316406 -18519.9941406 -17553.4082031 -17708.5546875
-15388.3212891 -14787.3935547 -16629.0214844 -15705.5673828 -15238.8261719 -16482.5507812 -15158.7587891 -15296.4775391
-18223.0898438 -17874.2500000 -19013.6035156 -18413.8144531 -18160.8339844 -18979.3339844 -18058.9316406 -18111.7167969
-18005.1718750 -17930.9121094 -18815.7734375 -18270.9531250 -17834.9667969 -18606.8105469 -17784.8144531 -17934.3300781
-17498.0175781 -17103.8398438 -18198.3144531 -17632.0136719 -17000.7910156 -18126.0273438 -16902.2109375 -17295.4375000
-18127.9316406 -17604.0585938 -18819.7070312 -18249.6875000 -17940.3359375 -18741.6855469 -17793.1542969 -17970.5253906
-16453.8398438 -15762.4296875 -17409.7187500 -16584.6855469 -16476.2363281 -17392.4511719 -16246.3906250 -16339.6914062
-17065.0390625 -16464.5820312 -17811.3183594 -17085.5253906 -16828.7968750 -17672.5625000 -16771.1523438 -16835.4355469
-16514.9257812 -16141.3115234 -17550.0859375 -16932.0878906 -16702.1152344 -17440.0156250 -16532.0742188 -16354.5625000
-17403.2304688 -17135.9707031 -18146.1582031 -17533.1269531 -17076.1777344 -18081.1914062 -16909.8261719 -17302.7714844
-17068.8808594 -16952.6074219 -17866.7148438 -17208.9941406 -16588.2265625 -17786.3515625 -16687.3164062 -16979.5566406
-19284.0742188 -18862.2011719 -19929.3085938 -19601.2617188 -19344.0664062 -19777.3769531 -19121.9707031 -19197.9218750
-17564.2246094 -17003.2207031 -18426.3281250 -17787.0644531 -17450.5488281 -18334.7109375 -17387.4414062 -17494.7246094
-17550.6308594 -17201.2910156 -18379.1914062 -17817.5429688 -17333.8359375 -18371.2304688 -17293.4296875 -17419.1152344
-16434.7011719 -15862.8251953 -17314.2773438 -16605.1640625 -16328.9951172 -17114.8144531 -16041.2910156 -16176.0986328
-16209.1416016 -15514.6142578 -17244.5195312 -16380.2529297 -16045.8564453 -17119.0253906 -15903.9013672 -16011.9794922
-19109.7753906 -18738.3867188 -19561.0585938 -19259.3593750 -19050.6582031 -19566.2304688 -18941.8222656 -19038.9687500
-17282.9785156 -16742.8730469 -18060.3300781 -17469.2148438 -17146.2734375 -17823.6660156 -16978.3925781 -17187.6679688
-17076.3007812 -16650.7773438 -17964.1992188 -17268.3535156 -16500.5214844 -17917.2734375 -16589.8730469 -16905.2480469
-16742.7285156 -16531.2128906 -17605.5761719 -16800.5761719 -16317.9628906 -17513.1621094 -16227.6406250 -16636.9882812
-17277.1035156 -16656.7050781 -18042.1523438 -17421.8691406 -17136.6992188 -17944.9902344 -17002.5976562 -17129.3906250
-17420.0625000 -16901.5410156 -18077.5000000 -17356.8671875 -16752.4570312 -17935.0136719 -16844.4316406 -17241.9453125
-16745.5410156 -16367.0439453 -17570.2597656 -16961.8144531 -16292.2246094 -17445.3632812 -16214.7929688 -16488.2578125
-16803.0390625 -16409.0527344 -17657.4042969 -17034.4570312 -16559.9941406 -17587.9199219 -16390.7460938 -16663.7402344
-16914.8203125 -16360.0058594 -17786.5000000 -17228.6425781 -16951.1601562 -17577.5078125 -16658.6171875 -16781.1054688
-17699.4648438 -17409.0234375 -18474.2773438 -17896.8886719 -17370.4863281 -18457.9843750 -17252.2871094 -17605.9160156
-17036.8320312 -16644.6777344 -17916.4960938 -17291.4277344 -17013.4746094 -17909.1875000 -16866.3964844 -16882.5019531
-17140.0449219 -16754.6542969 -18014.9921875 -17325.5546875 -17063.9003906 -17899.3789062 -16879.2382812 -17047.4648438
-18954.9902344 -18585.9218750 -19500.6250000 -19070.3105469 -18950.1640625 -19419.4785156 -18670.7343750 -18845.2031250
-16027.7841797 -15564.3046875 -16919.1914062 -16196.2255859 -15914.0019531 -16786.3183594 -15814.2343750 -15845.7148438
-17844.2167969 -17400.6601562 -18619.9746094 -17995.3300781 -17796.5839844 -18500.9042969 -17651.8417969 -17688.6796875
-17036.3789062 -16519.3691406 -17840.9707031 -17097.7558594 -16965.5058594 -17710.7031250 -16763.1386719 -16891.1171875
-17792.5898438 -17445.4121094 -18438.4179688 -17830.0468750 -17396.3554688 -18423.5605469 -17263.9238281 -17627.3789062
-17894.5175781 -17672.1406250 -18682.2343750 -18225.3496094 -17963.1660156 -18499.9238281 -17865.8613281 -17881.8164062
-17230.0039062 -16641.9257812 -18042.0859375 -17453.3886719 -17203.8691406 -17903.1933594 -16887.0156250 -17008.4140625
-16731.0156250 -16300.4550781 -17673.4062500 -17003.8457031 -16505.2480469 -17481.8125000 -16065.6445312 -16610.2617188
-17223.1679688 -16819.4335938 -17936.5546875 -17415.7773438 -17234.3808594 -17862.8574219 -16965.5117188 -17190.2187500
-17360.8261719 -16840.7832031 -18128.6152344 -17511.0976562 -17145.6425781 -17951.7578125 -17102.6464844 -17138.9062500
-17147.6542969 -16790.0839844 -17906.4707031 -17271.7050781 -16564.5527344 -17686.3710938 -16724.7011719 -16990.3710938
-16621.7246094 -17012.5527344 -16860.5019531 -16465.9179688 -17210.8183594 -16859.0722656 -16957.9238281 -16757.6484375
-16382.6933594 -16538.8183594 -16702.3457031 -16226.2216797 -16889.2109375 -16531.1269531 -16536.6250000 -16529.1210938
-18456.3339844 -18722.8378906 -18562.5800781 -18307.2988281 -18918.5878906 -18791.7500000 -18668.3300781 -18550.3242188
-18936.6132812 -19223.2988281 -18630.9843750 -18599.9765625 -19621.6171875 -18027.1015625 -19174.1875000 -18886.1054688
-17576.0507812 -17977.5449219 -17769.6601562 -17149.7441406 -18213.1347656 -17608.0292969 -17865.5507812 -17608.0625000
-17737.7968750 -18217.4960938 -17320.3808594 -17404.9804688 -18539.1835938 -17092.3183594 -18130.8183594 -17963.0976562
-18023.9804688 -18278.9238281 -18072.8398438 -17725.0175781 -18631.4394531 -18073.7968750 -18151.6289062 -18123.8222656
-16831.7832031 -17053.4980469 -16971.9042969 -16482.6269531 -17337.3359375 -16886.1582031 -17054.6738281 -16991.1269531
-17904.4062500 -18196.5390625 -17828.5664062 -17423.1113281 -18508.7148438 -17832.9375000 -18159.5332031 -18012.0761719
-17777.1582031 -18031.9316406 -17773.6953125 -17400.1757812 -18450.9531250 -17723.9355469 -18072.4062500 -17782.1953125
-17151.3964844 -17287.0625000 -17400.5410156 -16927.7304688 -17586.6875000 -17451.8222656 -17269.3222656 -17119.4160156
-17649.3964844 -17892.7207031 -17559.1191406 -17270.0195312 -18255.8515625 -17647.5195312 -17891.3085938 -17686.0273438
-18030.4082031 -18353.1835938 -17751.0820312 -17734.2050781 -18771.8164062 -17350.1972656 -18402.3867188 -18169.8593750
-16943.0156250 -17089.6816406 -16834.2695312 -16475.5292969 -17472.8105469 -16847.2597656 -17153.5390625 -17000.7207031
-16976.0566406 -16784.8906250 -17746.5078125 -17181.6835938 -16541.8808594 -17567.2734375 -16441.1386719 -16771.3710938
-17693.1796875 -17338.5214844 -18238.1484375 -17779.7031250 -17111.1152344 -18124.3964844 -17097.8925781 -17564.0781250
-17376.1289062 -17536.3378906 -17671.1835938 -17290.9980469 -17440.0800781 -17507.4257812 -17249.4335938 -17467.5019531
-17887.6328125 -17630.6015625 -18440.8261719 -17991.1191406 -17466.8066406 -18445.5195312 -17490.4453125 -17878.4726562
-17912.8261719 -17790.1562500 -18476.6953125 -18129.4609375 -17470.0117188 -18366.0039062 -17497.3984375 -17796.5214844
-16731.2988281 -16537.9824219 -17640.0722656 -16993.6972656 -16300.1767578 -17669.7949219 -16287.9794922 -16705.0683594
-16944.7519531 -16656.5234375 -17712.9062500 -16970.4199219 -16304.9882812 -17625.3398438 -16381.6220703 -16771.5957031
-17097.1308594 -16896.7949219 -18014.7265625 -17262.7968750 -16684.6660156 -17820.4765625 -16654.2089844 -16951.6855469
-16889.9609375 -16646.9121094 -17715.1621094 -17074.6582031 -16230.4843750 -17652.1386719 -16306.6162109 -16847.1796875
-17032.5214844 -16767.1992188 -17817.6894531 -17131.1699219 -16483.0820312 -17732.3613281 -16594.6015625 -16888.8125000
-17112.8144531 -16735.1132812 -17755.5800781 -17151.1230469 -16520.6835938 -17808.4355469 -16486.0566406 -16862.4003906
-17992.0683594 -18252.6777344 -17746.5859375 -17696.7910156 -18520.6601562 -17412.9824219 -18187.1875000 -18049.7890625
-18050.0996094 -18396.4140625 -17929.9414062 -17883.8164062 -18570.4003906 -17456.8222656 -18301.2773438 -18084.4101562
-17923.3632812 -18221.5742188 -17804.7539062 -17806.3867188 -18520.8769531 -17345.4902344 -18102.8417969 -18026.5234375
-16720.5156250 -16501.3945312 -17599.6230469 -16881.3906250 -16449.3261719 -17474.9707031 -16328.3046875 -16626.6757812
-18098.0195312 -18487.1601562 -18035.9062500 -18005.1582031 -18714.6718750 -17678.8457031 -18328.4511719 -18305.2089844
-16551.7148438 -16312.8417969 -17495.8203125 -16680.1953125 -16173.7539062 -17436.8300781 -16231.9589844 -16428.6542969
-18480.0488281 -18854.7773438 -18076.3300781 -18179.6816406 -19102.4003906 -17906.6308594 -18779.7753906 -18622.3769531
-19231.5292969 -19487.9882812 -18891.5839844 -18886.8125000 -19765.2265625 -18879.0410156 -19506.3300781 -19361.4726562
-17865.0957031 -18310.5898438 -17455.6933594 -17571.1875000 -18624.3535156 -17490.7910156 -18272.7988281 -18084.3027344
-17930.3046875 -18204.1347656 -17403.2089844 -17632.9589844 -18682.3046875 -17581.7050781 -18206.2460938 -18246.7382812
-19819.9863281 -20117.3359375 -19377.5976562 -19410.3652344 -20455.7500000 -19309.7597656 -20085.2910156 -19835.1074219
-18934.9570312 -18955.6835938 -18830.5761719 -18831.4648438 -19248.4394531 -18829.9335938 -19123.6894531 -18914.2851562
-20024.4062500 -20223.1796875 -19667.1875000 -19730.5195312 -20557.3261719 -19614.4003906 -20269.0410156 -20134.3339844
-18650.6699219 -19022.7128906 -18303.6992188 -18375.1289062 -19325.8945312 -18278.9980469 -18961.7558594 -18742.3925781
-19099.2265625 -19440.0664062 -18704.0703125 -18685.3730469 -19670.7148438 -18623.5097656 -19322.4042969 -19177.8808594
-18816.0117188 -18991.0742188 -18411.3359375 -18439.7226562 -19376.2890625 -18415.2109375 -18988.5019531 -18882.7929688
-18827.6152344 -19231.2207031 -18426.7031250 -18564.3789062 -19489.7617188 -18421.2382812 -19147.9296875 -18926.0859375
-18667.9003906 -18882.1503906 -18314.4765625 -18431.5644531 -19368.5878906 -18314.9628906 -18942.4160156 -18765.7695312
-19172.1503906 -19483.6621094 -18778.0156250 -18980.7988281 -19766.7988281 -18801.2812500 -19510.6347656 -19291.2753906
-19232.6406250 -19583.0917969 -18970.0000000 -19068.0527344 -19920.2343750 -18834.8398438 -19548.2929688 -19411.9550781
-20180.7890625 -20466.3925781 -19732.2480469 -19907.1914062 -20765.3203125 -19811.1835938 -20436.5605469 -20301.0019531
-19836.3945312 -20110.4335938 -19571.8164062 -19621.3457031 -20392.7421875 -19448.9667969 -20059.0566406 -19969.3027344
-18203.6191406 -18484.4746094 -17614.6015625 -17810.8613281 -18963.1855469 -17576.9707031 -18537.2597656 -18351.0937500
-18815.0761719 -19126.8574219 -18282.7578125 -18506.4257812 -19349.0585938 -18256.5878906 -19120.1210938 -18950.3847656
-19281.6699219 -19522.4316406 -19176.4687500 -19118.2050781 -19739.1542969 -19210.2324219 -19440.1679688 -19426.5781250
-19447.1894531 -19693.2539062 -18987.9296875 -19117.4257812 -20168.8339844 -19064.4062500 -19704.3945312 -19508.2167969
-16432.3964844 -16223.9550781 -17465.9765625 -16639.1171875 -15857.2675781 -17246.6542969 -15797.1943359 -16250.5419922
-16745.8359375 -16596.2597656 -17614.1875000 -16990.2382812 -16487.4804688 -17475.3632812 -16261.5361328 -16624.5234375
-19313.9804688 -19411.2167969 -19541.3457031 -19339.0351562 -19405.4433594 -19375.7226562 -19230.8554688 -19370.6425781
-18984.0546875 -18911.8457031 -19591.8515625 -19071.7265625 -18659.3515625 -19532.9062500 -18598.9824219 -18867.9843750
-18490.8671875 -18298.1738281 -19153.0898438 -18626.7851562 -18135.6972656 -19167.8964844 -18133.2207031 -18463.6484375
-17718.2011719 -17582.7968750 -18381.1640625 -17858.6660156 -17386.4765625 -18313.6425781 -17275.7968750 -17667.2441406
-17475.0566406 -17106.9179688 -18220.4960938 -17609.1347656 -17074.2753906 -18099.2617188 -17037.6328125 -17291.4355469
-17469.5410156 -17275.4355469 -18259.5156250 -17711.9316406 -17096.7070312 -18149.8281250 -17069.2441406 -17373.3085938
-16969.5703125 -16764.9140625 -17574.5429688 -17002.6269531 -16546.3984375 -17572.0722656 -16482.0429688 -16878.9394531
-17775.0722656 -17561.1757812 -18379.5312500 -17874.2207031 -17229.7441406 -18382.7910156 -17134.5957031 -17608.3632812
-18177.0839844 -17926.1660156 -18856.5761719 -18276.8984375 -17723.2656250 -18713.3320312 -17704.8183594 -18056.0097656
-15220.5957031 -14945.1513672 -16596.6699219 -15549.3544922 -14860.1474609 -16438.3339844 -14812.8251953 -15180.2480469
-16665.5078125 -16484.4707031 -17367.3144531 -16847.6953125 -16171.7041016 -17517.1230469 -16254.7851562 -16678.2656250
-16859.0703125 -16574.8261719 -17795.6269531 -17099.8476562 -16276.4306641 -17689.4687500 -16082.6328125 -16825.9687500
-17148.3242188 -16979.6386719 -17825.4453125 -17208.9472656 -16735.4394531 -17662.4257812 -16634.1230469 -16919.2148438
-15589.0478516 -15423.8222656 -16776.0000000 -15913.9726562 -15083.1630859 -16600.2011719 -15107.2988281 -15502.1250000
-16587.3515625 -16432.8046875 -17615.2578125 -16842.4316406 -16094.5654297 -17347.5878906 -15957.4277344 -16329.9638672
-15643.5830078 -15371.5253906 -16726.5312500 -15853.3632812 -14968.5800781 -16561.8222656 -15083.1826172 -15518.7148438
-15822.1416016 -15691.3339844 -16682.1972656 -16019.8457031 -15307.8007812 -16573.4199219 -15279.0644531 -15829.9746094
-16979.2578125 -16807.6542969 -17828.1542969 -17189.2558594 -16448.0195312 -17729.4375000 -16366.7636719 -16888.7050781
-17399.2792969 -17256.1621094 -18197.9550781 -17543.9550781 -17094.0820312 -18108.5839844 -17063.3867188 -17332.2519531
-16460.0585938 -16230.8378906 -17359.3632812 -16701.8496094 -15953.9267578 -17259.6210938 -15849.9462891 -16427.1894531
-17747.1972656 -17582.5429688 -18487.5664062 -17978.4355469 -17509.2812500 -18279.1679688 -17385.2265625 -17519.4121094
-16855.7578125 -16554.7011719 -17639.6347656 -16884.1875000 -16391.5683594 -17529.5644531 -16342.3876953 -16684.3496094
-17565.9863281 -17251.7460938 -18311.5000000 -17723.0273438 -17233.8769531 -18272.2285156 -17159.3964844 -17458.1972656
-16669.0000000 -16425.9140625 -17524.2285156 -17010.7558594 -16412.4589844 -17500.2500000 -16281.1767578 -16631.4218750
-16668.5742188 -16366.0703125 -17554.9335938 -16908.3144531 -16305.6318359 -17463.4082031 -16247.4589844 -16521.1992188
-16373.7021484 -16124.4638672 -17294.3027344 -16561.1914062 -15204.6455078 -17110.4453125 -15658.6064453 -16272.9716797
-17829.5820312 -17417.8574219 -18562.7402344 -17906.6933594 -17414.0722656 -18358.8476562 -17340.6406250 -17742.7890625
-17395.2148438 -17163.0800781 -18065.5839844 -17534.3652344 -16876.2187500 -18071.2558594 -16945.6015625 -17219.2890625
-17352.2968750 -17151.5039062 -18216.9472656 -17562.7285156 -16837.1992188 -18205.9804688 -16996.2636719 -17339.9121094
-17308.5097656 -17257.7812500 -17804.2558594 -17246.3281250 -17014.5878906 -17560.2851562 -17003.7167969 -17213.6171875
-17909.3750000 -18099.6953125 -18717.2695312 -18056.9121094 -18369.8242188 -18660.1796875 -18037.7480469 -17955.5175781
-15574.3125000 -15598.6210938 -16582.8320312 -15938.8437500 -15904.1640625 -16603.0957031 -15561.9238281 -15526.0800781
-16722.0878906 -16491.9589844 -17504.0195312 -16920.6953125 -16746.9140625 -17395.5234375 -16564.6464844 -16433.8476562
-16155.7001953 -16370.1386719 -17178.5937500 -16535.6035156 -16630.5605469 -16917.3554688 -16358.2646484 -15938.3115234
-16562.5742188 -16450.9296875 -17300.5664062 -16720.5722656 -16818.9179688 -17211.2734375 -16442.4433594 -16303.1279297
-16682.2695312 -16903.5410156 -17595.6093750 -17079.2402344 -17189.3300781 -17423.5722656 -16626.2890625 -16640.5351562
-16511.9218750 -16385.5566406 -17496.9550781 -16896.2558594 -16962.0957031 -17395.2675781 -16547.9472656 -16274.6669922
-17028.5351562 -16999.0937500 -17863.2734375 -17267.6972656 -17413.3574219 -17602.9042969 -17058.5761719 -16853.2558594
-18167.3027344 -18237.0429688 -18782.0214844 -18231.3046875 -18451.1171875 -18572.7695312 -18185.7773438 -18003.9082031
-17083.0957031 -17292.3183594 -18098.2480469 -17530.4121094 -17592.0898438 -17906.9101562 -17270.0859375 -17010.9570312
-17793.1191406 -17777.1171875 -18588.2343750 -17984.0839844 -17943.3671875 -18591.9843750 -17856.7832031 -17748.4199219
-16819.1738281 -16576.8164062 -17547.4863281 -16939.1914062 -16184.6552734 -17511.8281250 -16147.8085938 -16650.0351562
-16850.6835938 -16694.5273438 -17604.7011719 -17013.0273438 -17063.5625000 -17524.8085938 -16723.0429688 -16534.5683594
-16483.2539062 -16434.9316406 -17477.5214844 -16596.5332031 -16766.7558594 -17313.2871094 -16419.9746094 -16259.5605469
-16147.4931641 -15954.8632812 -17008.1328125 -16415.6933594 -16357.2226562 -16909.4941406 -16045.6328125 -15858.6962891
-17402.1875000 -17275.4160156 -18127.4843750 -17490.8183594 -17608.0761719 -18008.5332031 -17420.7812500 -17412.4414062
-17815.4277344 -17981.2929688 -18594.9121094 -18102.6875000 -18125.8125000 -18451.2949219 -17924.4667969 -17677.4980469
-16688.8671875 -16643.1640625 -17635.2714844 -16853.1445312 -16890.5703125 -17381.0410156 -16654.4609375 -16521.0253906
-18570.6621094 -18463.5449219 -19052.3242188 -18453.1171875 -18651.1191406 -18927.6015625 -18488.7304688 -18546.9277344
-18012.0527344 -18083.1015625 -18738.2558594 -18223.2167969 -18308.3339844 -18705.1093750 -18043.2578125 -17952.9492188
-15922.4248047 -15861.9238281 -16916.2128906 -16242.3437500 -16148.9082031 -16788.4765625 -15878.0429688 -15856.3740234
-16903.3007812 -17114.7109375 -17812.5039062 -17339.1503906 -17408.4726562 -17733.5839844 -17031.5371094 -16855.3515625
-16805.1484375 -16470.8457031 -17331.9960938 -16735.2285156 -16891.4277344 -17225.3847656 -16563.8261719 -16601.1328125
-17594.0312500 -17619.3125000 -18185.0390625 -17633.3847656 -17737.2812500 -18009.7851562 -17481.4160156 -17257.0039062
-17630.0781250 -17495.9628906 -18392.4531250 -17788.1347656 -17807.1191406 -18314.3007812 -17584.9101562 -17493.2949219
-17159.9628906 -16765.3945312 -17835.5898438 -17378.8691406 -17230.8652344 -17750.9492188 -16909.3476562 -16931.8945312
-18280.5800781 -18417.4765625 -19160.9277344 -18642.8554688 -18674.5878906 -19054.3515625 -18440.1640625 -18179.5371094
-17897.5957031 -17934.0078125 -18663.1308594 -18181.2832031 -18221.9042969 -18454.4238281 -17959.6250000 -17738.9257812
-16535.2070312 -15973.8593750 -17382.3398438 -16645.5292969 -16400.5332031 -17188.1132812 -16078.6308594 -16308.8769531
-16129.8798828 -15603.8876953 -17170.6660156 -16414.8398438 -16016.9873047 -16979.9296875 -15791.9687500 -16051.6328125
-16143.1376953 -15648.6220703 -17180.0937500 -16325.4345703 -16145.0371094 -17054.3105469 -15840.8593750 -15977.4072266
-17727.7597656 -17481.1269531 -18565.8574219 -17952.6718750 -17657.9824219 -18435.3945312 -17559.7246094 -17669.1894531
-17473.0546875 -17205.2382812 -18133.3964844 -17620.8632812 -17013.7519531 -18091.1269531 -17048.4355469 -17418.4257812
-16417.4121094 -15827.9082031 -17298.0175781 -16495.0175781 -16349.8398438 -17190.2519531 -16233.7734375 -16329.3417969
-16907.8945312 -16781.0410156 -17707.7480469 -16956.8496094 -16626.0214844 -17656.0703125 -16484.3378906 -16678.9375000
-16622.7460938 -16240.1845703 -17429.9042969 -16839.1210938 -16666.2148438 -17266.6308594 -16442.4609375 -16393.2578125
-18971.5957031 -18746.3535156 -19634.9316406 -19103.5429688 -18530.7519531 -19519.1308594 -18662.3847656 -18966.8945312
-17010.2714844 -16423.2421875 -17955.2031250 -17078.5781250 -16777.1796875 -17766.0761719 -16685.7128906 -16915.8652344
-17929.6308594 -17450.2050781 -18649.3144531 -17908.9824219 -17853.0058594 -18429.7128906 -17662.2675781 -17735.8437500
-17951.1210938 -17562.4277344 -18731.9941406 -18145.3046875 -17859.4140625 -18660.6289062 -17811.7148438 -17808.6875000
-18576.4472656 -18199.5273438 -19165.5996094 -18727.8867188 -18570.8007812 -19030.1738281 -18370.4121094 -18442.9277344
-18920.9785156 -19180.9609375 -18549.6914062 -18692.3476562 -19617.4082031 -18390.4433594 -19143.3671875 -19029.4667969
-18091.4414062 -17649.6015625 -18842.8203125 -18303.6738281 -18065.4511719 -18734.7324219 -17961.0488281 -18142.7519531
-19021.2578125 -18897.1152344 -19627.8320312 -19197.7421875 -18813.9707031 -19529.3730469 -18764.0566406 -19008.4277344
-19243.4785156 -19654.2851562 -18997.5507812 -18949.7714844 -19865.3378906 -18782.0781250 -19561.5917969 -19346.9160156
-18842.1445312 -18535.2988281 -19371.5488281 -18931.5898438 -18790.1777344 -19331.0449219 -18685.5097656 -18698.9218750
-19432.4863281 -19292.7148438 -19990.7128906 -19521.8652344 -19608.2187500 -19812.6640625 -19386.9023438 -19378.3730469
-18741.0312500 -18917.9375000 -18724.2421875 -18562.3613281 -19437.9375000 -18426.7578125 -18939.8398438 -18851.0664062
-18398.6582031 -17884.4453125 -19047.6699219 -18483.9414062 -18158.8105469 -18940.8886719 -18054.5527344 -18282.4199219
-18379.3925781 -18169.4531250 -19052.4902344 -18558.8007812 -17811.3496094 -19009.1679688 -17992.2070312 -18323.1425781
-18337.8125000 -18332.4003906 -18906.0996094 -18489.9882812 -18633.2695312 -18754.3496094 -18383.6953125 -18167.4628906
-18075.1699219 -17816.2675781 -18724.4667969 -18132.0253906 -17415.7031250 -18576.2597656 -17553.9941406 -17968.1054688
-18930.0566406 -18642.8769531 -19561.9921875 -19001.3945312 -18959.8808594 -19406.0195312 -18844.3515625 -18779.1250000
-19085.8574219 -19305.4160156 -18904.1074219 -18798.6933594 -19504.1074219 -18580.2265625 -19192.4511719 -19200.9824219
-19377.3730469 -19818.9082031 -19256.1992188 -19193.7910156 -20008.1660156 -18911.6425781 -19761.3867188 -19539.6093750
-19128.1914062 -19410.9121094 -19004.3710938 -18922.6972656 -19783.9882812 -18436.0644531 -19425.4609375 -19183.7246094
-18671.0878906 -18989.6093750 -18888.6093750 -18797.5488281 -19189.1074219 -18726.0273438 -18925.8593750 -18756.7128906
-17777.8359375 -17962.4589844 -18117.1660156 -17742.0625000 -18218.6464844 -18021.5859375 -17974.0703125 -17969.2089844
-18632.4062500 -18956.5585938 -18419.7617188 -18277.2421875 -19344.1191406 -17571.0195312 -19008.4199219 -18749.4570312
-19038.6269531 -19435.7753906 -18850.2070312 -18746.2597656 -19670.9687500 -18512.1875000 -19348.2773438 -19212.0058594
-18630.6855469 -18229.2343750 -19208.3964844 -18687.5664062 -18516.1933594 -19065.7558594 -18399.3652344 -18557.8515625
-18779.2988281 -18360.8828125 -19463.8925781 -18765.3652344 -18885.2910156 -19321.6171875 -18695.5000000 -18761.3261719
-18299.6875000 -18192.3886719 -18934.6972656 -18422.4687500 -18137.2929688 -18896.1054688 -18004.4882812 -18115.2460938
-17156.2363281 -16787.6250000 -18074.3476562 -17275.4707031 -17057.2167969 -17927.9941406 -17063.3671875 -17027.0136719
-18836.6210938 -18669.9296875 -19497.2832031 -18807.0175781 -18742.5683594 -19404.6621094 -18575.0507812 -18637.1660156
-17386.9785156 -17180.1113281 -18124.0996094 -17539.8828125 -17066.8535156 -17990.0917969 -16848.3222656 -17281.7128906
-18810.9003906 -19185.0000000 -18725.2734375 -18622.7988281 -19562.4843750 -18375.6738281 -19216.9140625 -18995.8164062
-18391.6953125 -18799.0722656 -18201.4511719 -18038.1933594 -19039.2988281 -17817.3535156 -18665.6132812 -18494.4570312
-18361.6875000 -18711.0976562 -18226.1835938 -18085.2773438 -18943.3378906 -17815.7011719 -18668.9765625 -18496.8378906
-18362.0625000 -17753.0351562 -19035.7714844 -18446.1347656 -18295.1386719 -18924.1914062 -18108.1035156 -18172.5136719
-19653.6132812 -19558.9199219 -20152.1093750 -19770.6054688 -19401.4335938 -20089.9687500 -19392.1445312 -19576.5253906
-18370.1601562 -18732.1289062 -18201.0117188 -18137.0351562 -19012.7070312 -17569.0019531 -18698.9472656 -18486.4375000
-18173.4511719 -17837.3750000 -18818.7519531 -18200.7617188 -18046.6699219 -18768.9375000 -17913.9531250 -18033.6425781
-19077.7578125 -19407.4511719 -18748.3867188 -18794.8554688 -19694.4687500 -18469.7402344 -19340.8203125 -19151.5292969
-17820.2929688 -17217.9296875 -18581.6308594 -17962.6894531 -17659.8203125 -18397.7304688 -17500.9199219 -17621.2128906
-18995.2558594 -19251.6132812 -18779.9531250 -18881.2519531 -19676.8886719 -18477.5527344 -19370.5644531 -19100.4296875
-18328.0644531 -18690.9355469 -18116.2187500 -18048.5761719 -18916.6679688 -17772.8222656 -18487.6484375 -18481.0761719
-19197.1601562 -19421.9042969 -18946.0527344 -18861.3730469 -19815.4785156 -18403.7343750 -19438.1035156 -19265.7832031
