-16475.1484375 -16695.3203125 -17074.2871094 -16699.0332031 -16760.4101562 -17169.9980469 -16747.4042969 -16452.7578125
-17021.8613281 -17099.2539062 -17782.4726562 -17211.7695312 -17171.5507812 -17671.2773438 -17093.3300781 -16825.3125000
-17189.7324219 -17404.2617188 -17902.9023438 -17554.1503906 -17624.5976562 -17885.8125000 -17465.8437500 -17299.2500000
-17190.8085938 -17253.1601562 -17855.0429688 -17301.3222656 -17439.2539062 -17724.2695312 -17287.7148438 -16954.0214844
-18007.2226562 -18110.0371094 -18644.4101562 -18169.1210938 -18444.9492188 -18530.3437500 -18162.2695312 -17984.5742188
-16718.8925781 -16900.6699219 -17512.7675781 -17069.0839844 -17159.5683594 -17367.6093750 -16952.4257812 -16651.6953125
-17584.8261719 -17842.6464844 -18091.2421875 -17703.3652344 -17946.0937500 -18080.2773438 -17735.4140625 -17488.6796875
-16104.7353516 -16490.5839844 -17025.5546875 -16367.6171875 -16848.9609375 -16756.2910156 -16533.8457031 -15966.2001953
-16612.9257812 -16847.7773438 -17279.6425781 -16886.8437500 -17123.1367188 -17311.0644531 -16815.3750000 -16628.9160156
-16672.9882812 -16783.6757812 -17496.9980469 -17023.0175781 -17117.1582031 -17365.7890625 -16792.9511719 -16555.7636719
-16006.1044922 -16367.0703125 -16806.9121094 -16284.8906250 -16504.0644531 -16553.6542969 -16272.3691406 -16104.3876953
-16299.8007812 -16170.2900391 -17225.7929688 -16471.5820312 -16495.2578125 -17022.4707031 -16320.3320312 -15947.0214844
-16363.7070312 -16525.1425781 -17044.9101562 -16667.9179688 -16767.8593750 -16933.4863281 -16483.2148438 -16263.3066406
-16450.8125000 -16553.0957031 -17275.5097656 -16826.3457031 -16923.3574219 -17147.5468750 -16648.5644531 -16312.7792969
-16147.8144531 -16429.9394531 -16817.3535156 -16232.2382812 -16369.8623047 -16772.9375000 -16400.4472656 -16013.0869141
-16153.2011719 -16428.8007812 -16775.7929688 -16237.5039062 -16581.2792969 -16772.3496094 -16547.9257812 -16126.5185547
-17452.5175781 -17644.2812500 -18138.7089844 -17696.1035156 -17769.4824219 -18012.5136719 -17698.5332031 -17489.2265625
-16658.3652344 -16838.5742188 -17223.8906250 -16850.5449219 -17028.7753906 -17152.0507812 -16800.9101562 -16551.5351562
-16498.8808594 -16568.7324219 -17211.6679688 -16656.7031250 -16727.4238281 -17016.3906250 -16544.6035156 -16416.5683594
-16598.7363281 -16784.8535156 -17182.0664062 -16700.9335938 -16856.9394531 -17029.8613281 -16741.6777344 -16402.3242188
-16568.8417969 -16880.7578125 -17228.7109375 -16813.4375000 -17024.3164062 -17091.4531250 -16754.0957031 -16664.2070312
-16348.7890625 -16805.2285156 -17015.1367188 -16559.1503906 -16867.1191406 -16996.7382812 -16728.8261719 -16485.8730469
-16123.7861328 -16404.2851562 -16924.3789062 -16433.3671875 -16606.8535156 -16952.3457031 -16322.6279297 -15951.6894531
-16609.8261719 -16643.0117188 -17397.4667969 -16777.9218750 -17040.4335938 -17116.5214844 -16659.3457031 -16293.6806641
-16487.1308594 -16813.8027344 -16948.8281250 -16698.5898438 -16780.0722656 -16976.1367188 -16637.6699219 -16566.7363281
-15995.3671875 -16451.4707031 -17001.7832031 -16598.0097656 -16623.3242188 -16876.9648438 -16457.0390625 -16205.7832031
-16402.1386719 -16533.7187500 -16969.3144531 -16477.3261719 -16867.8027344 -17029.1464844 -16566.8007812 -16268.6513672
-16589.1250000 -17045.4628906 -17264.5859375 -16935.7011719 -17368.9335938 -17087.3906250 -17035.4296875 -16772.4453125
-15267.5351562 -15422.5546875 -16158.5039062 -15583.6640625 -15686.3437500 -16031.9775391 -15449.0869141 -15144.0615234
-15928.0351562 -16119.8271484 -16553.0898438 -16045.9355469 -16568.8984375 -16401.3281250 -16073.8613281 -15766.4931641
-16127.8564453 -16382.4404297 -16963.1464844 -16492.2871094 -16694.8476562 -16760.9023438 -16400.7949219 -16093.0625000
-16610.8574219 -16857.7832031 -17390.1992188 -16841.9648438 -16830.1191406 -17349.0937500 -16713.1523438 -16562.4394531
-16621.9804688 -16494.2734375 -17266.0625000 -16882.5097656 -16887.5605469 -17157.0878906 -16608.6503906 -16396.6562500
-16379.4228516 -16572.1484375 -17017.8906250 -16560.2421875 -16633.0546875 -16894.7246094 -16514.0371094 -16335.3564453
-16466.8730469 -16595.7832031 -17119.1972656 -16739.5742188 -16879.2089844 -17081.5781250 -16596.2148438 -16557.2988281
-16952.1796875 -17510.8847656 -18046.4882812 -17458.0371094 -17839.9941406 -17703.0156250 -17429.9101562 -17217.5136719
-17299.2617188 -17234.5097656 -18250.5664062 -17569.7246094 -17616.2285156 -17811.0195312 -17305.0390625 -17233.5039062
-16851.5136719 -17043.4042969 -17600.0273438 -17052.7460938 -17228.0449219 -17459.3046875 -16944.3886719 -16940.2910156
-16756.1718750 -17055.7265625 -17587.4707031 -17141.0078125 -17246.2968750 -17386.2695312 -17105.6328125 -16724.5214844
-17005.2636719 -17285.8046875 -17719.6835938 -17385.7382812 -17564.4921875 -17658.6699219 -17289.4941406 -17120.5605469
-17396.9472656 -17616.3476562 -17833.1542969 -17416.0273438 -18092.4140625 -17743.9667969 -17648.7050781 -17406.9355469
-17607.2597656 -17944.7363281 -18050.6191406 -17726.4687500 -18098.9707031 -17918.3222656 -17763.3710938 -17622.1367188
-16802.1308594 -16954.4101562 -17531.2949219 -17013.6875000 -17252.7343750 -17441.4121094 -16946.8046875 -16882.8808594
-16974.8242188 -16966.2207031 -17791.5371094 -17295.2265625 -17393.4511719 -17536.3242188 -16982.3300781 -16646.4140625
-15829.5527344 -16253.6093750 -16593.2207031 -16205.2998047 -16470.3164062 -16459.2617188 -16138.8564453 -16024.2236328
-16795.2929688 -17374.2578125 -17176.8847656 -16861.1406250 -17589.4687500 -17046.3066406 -17199.4628906 -17045.2128906
-16661.0976562 -16866.2109375 -17518.4687500 -17006.3867188 -17251.2167969 -17318.8476562 -16868.0546875 -16691.1347656
-16847.5214844 -16949.7519531 -17510.5136719 -17046.1816406 -17124.3554688 -17364.4199219 -16966.0898438 -16829.3281250
-16612.1835938 -16894.6953125 -17139.4316406 -16846.9453125 -17159.2753906 -17097.0937500 -16787.7578125 -16689.9726562
-16406.9570312 -16569.7734375 -17107.6757812 -16676.7500000 -16695.6972656 -16997.2226562 -16434.9140625 -16336.7587891
-17205.3535156 -17337.9609375 -17745.8046875 -17205.7382812 -17526.8632812 -17644.9355469 -17165.3085938 -17049.7324219
-17979.8808594 -18039.1464844 -18526.7031250 -18064.8632812 -18325.7988281 -18343.9570312 -18055.7949219 -17810.6386719
-17935.4023438 -18099.0625000 -18512.1640625 -18094.2167969 -18220.9296875 -18384.7910156 -18015.5996094 -17909.9882812
-18301.1503906 -18505.3359375 -18953.5058594 -18483.9843750 -18587.0058594 -18785.0644531 -18426.2871094 -18191.3789062
-18093.4257812 -17995.1445312 -18731.8164062 -18368.1562500 -18192.0292969 -18651.1855469 -18157.1308594 -17927.1015625
-16741.6542969 -16792.0761719 -17410.6230469 -17003.3652344 -17163.5507812 -17370.1835938 -16858.0742188 -16773.8261719
-16368.7216797 -16439.3828125 -17110.1035156 -16694.4707031 -16777.5468750 -16977.2949219 -16548.2929688 -16269.2500000
-17398.3457031 -17710.2226562 -18083.7753906 -17775.1230469 -17953.7363281 -17949.7675781 -17620.5683594 -17495.1855469
-17254.7968750 -17604.2519531 -17762.8242188 -17368.5742188 -17660.6269531 -17627.3203125 -17457.7578125 -17364.9863281
-17354.5546875 -17377.7910156 -17679.4062500 -17284.5917969 -17787.8320312 -17485.5449219 -17454.1835938 -17185.4746094
-17069.4335938 -17286.4160156 -17589.2792969 -17216.1230469 -17453.4238281 -17515.0917969 -17259.0976562 -16938.3085938
-17083.7500000 -17171.4804688 -17636.0488281 -17148.4804688 -17335.0019531 -17557.0976562 -17113.0351562 -16997.6718750
-17155.6289062 -17198.1328125 -17817.9726562 -17098.2363281 -17465.7675781 -17574.7109375 -17148.3867188 -16873.9687500
-17369.3593750 -17276.1640625 -18014.4882812 -17551.1328125 -17511.3437500 -17894.2539062 -17437.5859375 -17113.0195312
-17298.9335938 -17220.7050781 -18035.2324219 -17389.8203125 -17459.9570312 -17822.7578125 -17184.2792969 -16982.1933594
-16962.5136719 -17258.4453125 -17641.2246094 -17174.4433594 -17271.9511719 -17533.0214844 -17175.3359375 -17000.0585938
-17895.3027344 -18208.5039062 -18121.8398438 -17891.8183594 -18414.7011719 -17940.9785156 -18118.1074219 -18028.9628906
-17401.9843750 -17649.7519531 -17944.2968750 -17480.5859375 -17910.0136719 -17885.6640625 -17676.8261719 -17504.7304688
-16982.0058594 -17072.8789062 -17739.7636719 -17167.1875000 -17252.3515625 -17517.8066406 -16994.7187500 -16942.3105469
-18016.3242188 -18000.7089844 -18387.1035156 -18075.3027344 -18346.5390625 -18426.3085938 -18069.6484375 -18026.8730469
-17822.6640625 -17909.9414062 -18173.8320312 -17874.7636719 -18216.2382812 -18081.9316406 -17953.6542969 -17765.2285156
-16886.3437500 -16730.2089844 -17658.8515625 -17038.3710938 -17144.8300781 -17369.5937500 -16835.3320312 -16659.8027344
-17029.9140625 -17335.8789062 -17663.1464844 -17300.6562500 -17465.3906250 -17529.1171875 -17215.4609375 -16994.6191406
-17077.2480469 -17284.1699219 -17916.7519531 -17508.6875000 -17627.0976562 -17562.5039062 -17257.2421875 -17189.2246094
-16650.7109375 -16727.3574219 -17371.4902344 -16768.7363281 -17003.0292969 -17078.9824219 -16643.8066406 -16595.9824219
-16798.4570312 -16823.3183594 -17703.5253906 -17120.0117188 -17073.8964844 -17432.4316406 -16961.3359375 -16577.9902344
-17156.1445312 -17130.6328125 -17764.5683594 -17323.7402344 -17460.7304688 -17570.4472656 -17248.4433594 -17044.1445312
-17228.7792969 -17324.3750000 -17984.5703125 -17599.9707031 -17761.9570312 -17909.3066406 -17307.9355469 -17161.3652344
-16739.3398438 -17007.1464844 -17299.8750000 -16969.7968750 -17204.3359375 -17232.8964844 -16963.6484375 -16741.2500000
-17055.9257812 -17212.7343750 -17600.6855469 -17302.8535156 -17431.8300781 -17626.4433594 -17242.0488281 -17120.9980469
-17113.5566406 -17322.8593750 -17211.9726562 -16867.5507812 -17650.7832031 -17197.5683594 -17357.1328125 -17188.9296875
-16808.2031250 -17055.8417969 -16948.3378906 -16590.1015625 -17359.5156250 -16842.2929688 -16969.8339844 -16971.3398438
-16896.6152344 -17177.3378906 -16935.1933594 -16585.4765625 -17339.7578125 -17027.3984375 -17115.1757812 -16924.2773438
-18549.2167969 -18785.3750000 -18510.7656250 -18307.3007812 -18995.3730469 -18601.9667969 -18785.3808594 -18607.1718750
-17203.8535156 -17354.4726562 -17281.1699219 -16772.3789062 -17746.2167969 -17172.9257812 -17327.2421875 -17215.0605469
-17500.1015625 -17640.5175781 -17471.1894531 -17192.1542969 -17882.2343750 -17477.1210938 -17684.4277344 -17488.3652344
-17751.3789062 -18219.0175781 -17950.9863281 -17451.3144531 -18298.6523438 -17810.8828125 -18054.4902344 -17908.0332031
-16814.6445312 -17263.9042969 -16863.5800781 -16476.4140625 -17569.2890625 -16834.9238281 -17175.5449219 -17026.1835938
-16333.7158203 -16713.0039062 -16557.7480469 -15940.6865234 -17051.6289062 -16402.7460938 -16643.1445312 -16550.4335938
-16165.1386719 -16350.0556641 -16104.9912109 -15512.8476562 -16705.0625000 -16009.7890625 -16339.3515625 -16069.5175781
-16966.0546875 -17167.3164062 -17023.0019531 -16595.4941406 -17427.5644531 -16798.2187500 -17139.6132812 -16985.3652344
-16971.8339844 -17195.0546875 -17057.1015625 -16474.3632812 -17506.1210938 -17026.1406250 -17337.9375000 -17032.0039062
-16060.5810547 -16083.5986328 -16699.1425781 -15987.9052734 -16605.2402344 -16339.6044922 -16219.0761719 -16107.8886719
-17615.5703125 -17891.7890625 -17588.5488281 -17258.5546875 -18037.5546875 -17646.0507812 -17802.8671875 -17751.8691406
-16840.7031250 -17254.2148438 -17139.6679688 -16502.1601562 -17523.7070312 -17004.8613281 -17185.8164062 -17117.1386719
-17930.5292969 -18054.7851562 -17918.3046875 -17526.6035156 -18406.9433594 -17956.1367188 -18157.0781250 -17905.0097656
-17556.2226562 -17915.1328125 -17769.8574219 -17271.5742188 -18130.4355469 -17700.1796875 -17820.1621094 -17764.9394531
-17020.7988281 -17113.7304688 -17105.9277344 -16534.8320312 -17444.3300781 -17125.8105469 -17090.8085938 -16970.1503906
-16720.4472656 -17020.9804688 -16836.5332031 -16340.2207031 -17206.1972656 -16890.6269531 -16989.0039062 -16857.0507812
-16910.0175781 -17104.3886719 -17043.8535156 -16623.0996094 -17386.5039062 -16948.7050781 -17048.3730469 -17077.4316406
-18181.5195312 -18492.5429688 -17224.5566406 -17780.7109375 -18773.4414062 -17861.8398438 -18423.3437500 -18300.3554688
-17566.1425781 -17844.7207031 -16873.4472656 -17446.6992188 -18169.3574219 -17477.4843750 -17940.4140625 -17736.2070312
-18360.0058594 -18671.7089844 -17339.6679688 -17964.4121094 -19017.1660156 -17984.5820312 -18655.7949219 -18461.2207031
-19601.3046875 -19881.1679688 -18820.4882812 -19335.5957031 -20075.1718750 -19379.4394531 -19825.6972656 -19562.3554688
-17719.6660156 -17954.4296875 -17069.0253906 -17202.1992188 -18304.0605469 -17204.7988281 -17997.9531250 -17797.0078125
-18637.8183594 -18963.1113281 -17859.7558594 -18284.4121094 -19154.4335938 -18462.8906250 -18901.7636719 -18686.2890625
-19015.4277344 -19208.6386719 -18047.9804688 -18671.8457031 -19690.9824219 -18627.7480469 -19271.8730469 -19039.3007812
-18504.1562500 -18698.8183594 -17815.7285156 -18194.0683594 -19051.8496094 -18064.5195312 -18679.5644531 -18550.5722656
-19127.4296875 -19299.6718750 -18530.5156250 -18828.8691406 -19637.3085938 -18968.8945312 -19306.7187500 -19102.4941406
-18514.1738281 -18881.4375000 -17737.4843750 -18251.5058594 -19054.8925781 -18317.9082031 -18823.3339844 -18654.6816406
-17728.4843750 -18105.6699219 -16711.1093750 -17430.5117188 -18433.6601562 -17397.8144531 -17936.8886719 -17837.4335938
-17217.5019531 -17081.3496094 -17922.4355469 -17426.9746094 -16797.5390625 -17723.3671875 -16856.2128906 -17110.2441406
-17374.0937500 -16964.0664062 -18114.4609375 -17744.4902344 -17406.0800781 -17969.4902344 -17228.2031250 -17342.9375000
-18330.9160156 -18172.8632812 -18972.8105469 -18505.6308594 -17860.8339844 -18842.6601562 -17918.4023438 -18189.5351562
-18596.7128906 -18079.1601562 -19403.2089844 -18722.0410156 -18618.4335938 -19055.7832031 -18371.4062500 -18366.3457031
-17475.8105469 -17216.4472656 -18295.4843750 -17936.8164062 -17617.5878906 -18251.3867188 -17368.0078125 -17504.5117188
-17210.2871094 -16743.2421875 -17945.0585938 -17485.0878906 -17111.8554688 -17890.3027344 -16946.3378906 -16977.0742188
-16568.5019531 -16041.1845703 -17364.1308594 -16675.7226562 -16521.9238281 -17293.2187500 -16252.1689453 -16291.3876953
-18514.0468750 -18128.3300781 -19107.1972656 -18583.4375000 -18520.3808594 -18871.7109375 -18299.9882812 -18337.9941406
-16736.5351562 -16403.2910156 -17577.6054688 -16890.0878906 -16883.4550781 -17468.5449219 -16665.0781250 -16619.3457031
-17021.0195312 -16670.7578125 -17769.6757812 -17347.5664062 -16924.7167969 -17676.9082031 -16790.5058594 -16818.3085938
-17559.4980469 -17226.0996094 -18266.8417969 -17936.4121094 -17220.5917969 -18200.2187500 -17113.7128906 -17507.8359375
-17145.2597656 -16801.7734375 -17826.5117188 -17088.8164062 -17187.0917969 -17422.2500000 -16942.2753906 -16940.3066406
-17171.4355469 -16704.3945312 -17804.2011719 -17324.4492188 -16978.9277344 -17758.5898438 -16874.8750000 -17007.6074219
-17051.7421875 -16609.1093750 -17828.0292969 -17172.8730469 -16931.6992188 -17624.8261719 -16708.1250000 -16842.6250000
-16751.0000000 -16185.9287109 -17387.5429688 -16862.8691406 -16581.0527344 -17274.2343750 -16407.6210938 -16596.6152344
-16400.5996094 -15818.3701172 -17175.7519531 -16638.4746094 -16252.3476562 -17066.0781250 -16092.8828125 -16255.5683594
-16589.1894531 -16061.9765625 -17353.6523438 -16852.0761719 -16491.9238281 -17297.1484375 -16421.0292969 -16460.8085938
-15983.8466797 -15911.8632812 -16847.8320312 -16362.1865234 -15513.8369141 -16832.1171875 -15535.5664062 -15870.3173828
-17043.4980469 -16982.3808594 -17738.5195312 -17152.4609375 -16674.1464844 -17510.8750000 -16673.4082031 -16959.0605469
-17743.3007812 -17153.4902344 -18372.8339844 -17770.0644531 -17484.1542969 -18203.3359375 -17392.9960938 -17392.0957031
-16783.1621094 -16174.6445312 -17488.3476562 -16866.6152344 -16473.6855469 -17419.0605469 -16395.0449219 -16487.6582031
-18164.2929688 -17965.8925781 -18745.7753906 -18357.3417969 -17897.7773438 -18561.5449219 -17715.8437500 -17942.7324219
-16681.2734375 -16308.2431641 -17448.0917969 -16890.2617188 -16584.4160156 -17285.2792969 -16433.8496094 -16617.4492188
-16440.3925781 -16049.5859375 -17284.4628906 -16850.4824219 -16591.9238281 -17124.8007812 -16332.4042969 -16282.8808594
-16690.4472656 -16613.8105469 -17603.2871094 -17160.7011719 -16255.1093750 -17407.3828125 -16448.1699219 -16513.7890625
-15529.6630859 -15197.2050781 -16698.7246094 -15875.9687500 -15510.9306641 -16491.9316406 -15356.4560547 -15268.8710938
-15653.4121094 -14966.1455078 -16658.4042969 -15938.5683594 -15410.5800781 -16478.2441406 -15154.9462891 -15385.4013672
-15403.5800781 -14720.2998047 -16292.1435547 -15741.3017578 -15191.1367188 -16145.6210938 -15034.7255859 -15108.9677734
-16013.2480469 -15830.9960938 -16960.1660156 -16373.5478516 -15742.1875000 -16789.4960938 -15709.8583984 -15813.7929688
-18184.1796875 -17984.5546875 -18837.6093750 -18446.2011719 -17698.9980469 -18705.2402344 -17672.7617188 -18032.1562500
-16845.5917969 -16712.6406250 -17563.4960938 -17168.1972656 -16475.3164062 -17399.7656250 -16475.1445312 -16736.2773438
-17621.4042969 -17281.4609375 -18279.1152344 -17836.3750000 -17404.5859375 -18196.4335938 -17361.2070312 -17516.5703125
-16617.7265625 -16161.2451172 -17499.9609375 -16826.5683594 -16660.9277344 -17238.2109375 -16337.7304688 -16442.1992188
-17180.4277344 -16575.9160156 -18095.8457031 -17303.1699219 -17190.1601562 -17821.4160156 -16893.5058594 -16907.4277344
-17286.1640625 -16948.7675781 -17926.7578125 -17440.3847656 -17112.0156250 -17936.6796875 -17016.0820312 -17058.6503906
-16620.4160156 -16232.1982422 -17506.5000000 -16877.3613281 -16502.9550781 -17263.8164062 -16247.7841797 -16435.7734375
-16961.5898438 -16454.7617188 -17809.3105469 -17076.5332031 -16677.9023438 -17573.0390625 -16486.7343750 -16639.5292969
-16482.4550781 -16014.7626953 -17261.2500000 -16632.5097656 -16517.2207031 -17224.4824219 -16348.2207031 -16473.5761719
-16484.9433594 -15921.4150391 -17354.9082031 -16540.0468750 -16533.4550781 -17083.6035156 -16124.5527344 -16286.8369141
-16295.6464844 -15813.3583984 -17218.7636719 -16649.1289062 -16206.8496094 -17090.1718750 -16072.8662109 -16118.4951172
-16977.1699219 -16791.9570312 -17629.7734375 -17202.1855469 -16726.9140625 -17636.5625000 -16796.7636719 -16848.1777344
-16875.4765625 -16666.4863281 -17631.0546875 -17174.2285156 -16660.1210938 -17494.7890625 -16567.8398438 -16672.2363281
-15509.5244141 -15125.3203125 -16564.8378906 -15965.2783203 -15487.4306641 -16486.6406250 -15384.0371094 -15515.9472656
-16712.9511719 -16267.6015625 -17653.0898438 -16949.7421875 -16869.3710938 -17285.2910156 -16481.4785156 -16531.9804688
-16241.9902344 -15805.9345703 -17271.5332031 -16556.5117188 -15990.5175781 -17081.8671875 -15776.0800781 -16056.4667969
-15997.6093750 -15937.0595703 -16875.7148438 -16428.7890625 -15913.2548828 -16807.0644531 -15791.8134766 -15805.8681641
-15627.8378906 -15581.8115234 -16750.1308594 -16064.1269531 -15426.6806641 -16646.7539062 -15113.9365234 -15460.3154297
-17871.4707031 -17524.4746094 -18559.5410156 -18127.1699219 -17758.9785156 -18443.4511719 -17665.6718750 -17735.9531250
-15433.7636719 -14893.7099609 -16323.6943359 -15776.9453125 -15388.5517578 -16378.4228516 -15043.1562500 -15247.3164062
-18091.6679688 -17739.0039062 -18833.2949219 -18267.2207031 -18153.3496094 -18716.0937500 -17982.0937500 -17873.9687500
-18065.1035156 -17924.4121094 -18674.5527344 -18283.7089844 -17820.2851562 -18535.5878906 -17683.4335938 -17968.0488281
-17311.1054688 -17168.7949219 -18100.2792969 -17550.7929688 -16933.0507812 -18100.4882812 -17010.2460938 -17248.0585938
-18160.1093750 -17710.3964844 -18841.7695312 -18307.5644531 -18089.2167969 -18632.7675781 -17862.2949219 -17935.1738281
-16260.8984375 -15708.8310547 -17218.5546875 -16659.5742188 -16252.5380859 -17108.3730469 -16117.2353516 -16163.3750000
-16780.6953125 -16589.7382812 -17775.6660156 -17077.7460938 -16755.0000000 -17565.3535156 -16605.8476562 -16688.0585938
-16705.9316406 -16173.3242188 -17408.1269531 -16914.2714844 -16500.4843750 -17317.4902344 -16349.0107422 -16357.3994141
-17368.2226562 -17203.5156250 -18097.4824219 -17620.6855469 -16908.4902344 -18045.1308594 -16902.3457031 -17267.6171875
-16859.0468750 -16640.7792969 -17590.6621094 -17187.9179688 -16419.5429688 -17390.2773438 -16451.6113281 -16758.8652344
-19256.7031250 -18794.4414062 -19839.3144531 -19451.3593750 -19146.7773438 -19680.3984375 -18943.9492188 -18989.8925781
-17295.1718750 -16859.0390625 -18209.5566406 -17613.1835938 -17456.0683594 -18045.1562500 -17143.5742188 -17231.1054688
-17065.5859375 -16956.0390625 -18060.9199219 -17417.7128906 -17020.9843750 -17938.2539062 -16881.6503906 -17071.3671875
-16312.9003906 -15726.3867188 -17237.3632812 -16520.7851562 -16344.3974609 -16925.2910156 -16033.1992188 -16080.0019531
-16454.1562500 -15958.8564453 -17116.2753906 -16548.6152344 -16382.7197266 -17023.7011719 -16286.7978516 -16278.2021484
-18830.5058594 -18414.6914062 -19500.3027344 -19070.1796875 -18847.4492188 -19383.8222656 -18676.5019531 -18710.9609375
-17166.1523438 -16654.6503906 -17936.6816406 -17269.2324219 -16958.7441406 -17879.2343750 -16915.5859375 -16877.9062500
-17038.8710938 -16938.9062500 -17670.3320312 -17217.2617188 -16789.8535156 -17624.8613281 -16748.1738281 -16869.4687500
-16453.1035156 -16451.2167969 -17290.6738281 -16761.8457031 -16280.4296875 -17173.4277344 -16228.6894531 -16351.4042969
-17265.3847656 -16861.8300781 -18123.5449219 -17621.1914062 -17361.5351562 -17928.8671875 -17056.8066406 -16994.8671875
-17133.3359375 -16918.9062500 -17878.4511719 -17369.0273438 -16714.6171875 -17896.6152344 -16790.0468750 -17012.6328125
-16753.2304688 -16672.2363281 -17568.8378906 -17007.6601562 -16260.6855469 -17531.1191406 -16324.6708984 -16718.8242188
-16914.4121094 -16725.3359375 -17696.0625000 -17051.1601562 -16695.2246094 -17582.9453125 -16540.8085938 -16633.6660156
-17063.5878906 -16620.1933594 -18047.8457031 -17362.8066406 -17025.8828125 -17927.3671875 -16784.6269531 -16949.9863281
-17919.1894531 -17667.6074219 -18623.6621094 -18069.6171875 -17836.3671875 -18490.0390625 -17607.3964844 -17786.3925781
-16959.6464844 -16423.2675781 -17712.2402344 -17203.1601562 -16872.6425781 -17633.8984375 -16691.1289062 -16725.7792969
-17138.7031250 -16687.4648438 -17996.9121094 -17397.2558594 -17197.2285156 -17793.7304688 -17015.1191406 -17006.8046875
-18859.6835938 -18420.3593750 -19348.3378906 -18890.3417969 -18851.8417969 -19123.6816406 -18620.9160156 -18570.4667969
-15830.7363281 -15556.6591797 -16814.6484375 -16216.6572266 -15830.5517578 -16645.0957031 -15656.6279297 -15752.7988281
-17954.1464844 -17305.8515625 -18705.5800781 -18108.9882812 -17984.0351562 -18489.5312500 -17702.7773438 -17724.1953125
-17254.9296875 -16710.1835938 -17791.3867188 -17316.0371094 -17144.5996094 -17750.9980469 -16828.9746094 -16896.6308594
-17597.0000000 -17418.6503906 -18229.6503906 -17785.3125000 -17096.5234375 -18045.4082031 -17173.4472656 -17470.4218750
-18109.0742188 -17623.9511719 -18772.5234375 -18247.9062500 -18043.5078125 -18594.1386719 -17870.8671875 -17928.8789062
-17095.6152344 -16694.6542969 -17857.3027344 -17324.2304688 -16948.9199219 -17586.9746094 -16775.1875000 -16787.0644531
-16549.7695312 -16333.0986328 -17408.2832031 -16802.4609375 -16190.0498047 -17273.5332031 -16125.9589844 -16523.7714844
-17127.9140625 -16607.1503906 -17840.7734375 -17058.4375000 -17167.3515625 -17611.8964844 -16988.6875000 -16878.5781250
-17043.9843750 -16669.7109375 -17719.3437500 -17262.6230469 -17017.3007812 -17695.0625000 -16881.9472656 -16907.9394531
-16862.6035156 -16720.9472656 -17727.9960938 -17287.5117188 -16637.1953125 -17599.7832031 -16521.1953125 -16834.8261719
-16310.7548828 -16586.0820312 -16517.4609375 -15867.7568359 -16881.1796875 -16308.8037109 -16594.1015625 -16346.2353516
-16243.1367188 -16382.4042969 -16685.8769531 -16277.7802734 -16474.5664062 -16554.8105469 -16365.0585938 -16232.2363281
-18252.7109375 -18269.8437500 -18318.4296875 -17932.3496094 -18659.5488281 -18264.4589844 -18329.2187500 -18309.5507812
-18384.3164062 -18818.8125000 -18247.1269531 -18141.6972656 -18914.7968750 -17793.1816406 -18692.0019531 -18578.2910156
-17769.7187500 -17844.0097656 -17813.1875000 -17237.2929688 -18101.9238281 -17652.6464844 -17827.7382812 -17708.3300781
-17706.9804688 -18161.1347656 -17199.7656250 -17256.3359375 -18522.4375000 -17051.8515625 -18172.1855469 -17899.5253906
-17614.1523438 -17995.9687500 -17810.3808594 -17352.0273438 -18169.2734375 -17715.7441406 -17862.1816406 -17801.0390625
-16516.3593750 -16811.2988281 -16875.8671875 -16222.7363281 -17093.3828125 -16846.7832031 -16787.9804688 -16567.9824219
-17890.9179688 -18002.4550781 -17605.2968750 -17382.3437500 -18445.0195312 -17799.8945312 -18128.2871094 -17825.7968750
-17475.3359375 -17774.8339844 -17512.4003906 -17180.2324219 -17838.2617188 -17540.3691406 -17578.8691406 -17499.1718750
-16920.2011719 -17218.5136719 -17293.7890625 -16603.6562500 -17504.1542969 -17098.7089844 -17043.1582031 -17148.1796875
-17238.5332031 -17450.5878906 -17556.1464844 -17165.5253906 -17499.0175781 -17422.2265625 -17290.1113281 -17239.2304688
-17643.8398438 -17913.5273438 -17404.6582031 -17477.6406250 -18468.8105469 -17091.0175781 -17914.7402344 -17872.6816406
-16684.3105469 -16867.3378906 -17170.6367188 -16512.0761719 -17262.3847656 -17060.5097656 -16807.6562500 -16735.0117188
-16630.9960938 -16429.9375000 -17441.9746094 -16942.7226562 -15988.6093750 -17486.5976562 -16012.8613281 -16497.8964844
-17495.4121094 -17438.4003906 -18106.7734375 -17712.0410156 -17164.4667969 -18147.6523438 -17150.9824219 -17249.1054688
-17134.1796875 -17276.7089844 -17400.1875000 -17072.8691406 -17225.4941406 -17111.9960938 -17172.4472656 -17146.0214844
-17852.5820312 -17786.3964844 -18466.4980469 -17980.3066406 -17596.4218750 -18220.3476562 -17482.6308594 -17769.6035156
-17776.7851562 -17595.1113281 -18535.5781250 -17977.1015625 -17251.0996094 -18356.9433594 -17310.1230469 -17625.2832031
-17072.2187500 -16998.0820312 -17959.7187500 -17420.1425781 -16976.0410156 -17690.2109375 -16756.3554688 -16942.1054688
-16843.0273438 -16675.6679688 -17729.8183594 -17249.7636719 -16465.1113281 -17483.7441406 -16485.3769531 -16774.9511719
-16939.5703125 -16863.8359375 -17699.9160156 -17322.5683594 -16528.5039062 -17682.2656250 -16532.8769531 -16744.9589844
-17086.8847656 -16666.5253906 -17820.5039062 -17281.0488281 -16359.3789062 -17616.6855469 -16437.0820312 -16865.2207031
-17009.3867188 -16852.1933594 -17804.7031250 -17305.7011719 -16847.9628906 -17599.2695312 -16683.6386719 -16744.7988281
-16777.1269531 -16587.8183594 -17440.3164062 -17086.4062500 -16354.3583984 -17390.1835938 -16369.2949219 -16687.7441406
-17689.4687500 -18023.3261719 -17492.8125000 -17514.7714844 -18347.9902344 -17071.4648438 -17944.7246094 -17893.9902344
-18058.2265625 -18422.2871094 -17856.7714844 -17801.4550781 -18701.8867188 -17472.9707031 -18366.5507812 -18254.7929688
-17920.5742188 -18189.6972656 -17651.2324219 -17579.0488281 -18490.1386719 -17212.7695312 -18186.7773438 -18041.3476562
-16514.1074219 -16524.0292969 -17397.8457031 -17077.3808594 -16472.6582031 -17545.8359375 -16379.6445312 -16502.0449219
-17838.5273438 -18187.4589844 -17654.8203125 -17736.4980469 -18512.0820312 -17444.9121094 -18157.5214844 -17991.6328125
-16640.5410156 -16311.4873047 -17426.7988281 -16828.2207031 -16029.2744141 -17297.6992188 -16048.7197266 -16408.2207031
-18025.0097656 -18382.3242188 -17711.4003906 -17829.0058594 -18700.0996094 -17683.8203125 -18265.2792969 -18259.5449219
-19177.5644531 -19450.3125000 -18806.6484375 -18998.0742188 -19727.9824219 -18866.0175781 -19429.6367188 -19317.3671875
-17886.4824219 -18170.5468750 -17364.5488281 -17559.0507812 -18478.5000000 -17369.9765625 -18073.8554688 -17881.8378906
-17864.8242188 -18156.2050781 -17337.5000000 -17496.4218750 -18517.1425781 -17389.9667969 -18197.4472656 -17944.6113281
-19075.0781250 -19360.5859375 -18671.5214844 -18769.7402344 -19657.2851562 -18745.8691406 -19342.9472656 -19157.3867188
-18609.4804688 -18700.7421875 -18519.5292969 -18402.2089844 -18977.3554688 -18407.1542969 -18813.5000000 -18663.0761719
-19727.1621094 -19908.3554688 -19356.4238281 -19442.9218750 -20230.4218750 -19375.3515625 -19903.7617188 -19817.3574219
-18587.9042969 -18954.7148438 -18161.0937500 -18330.7851562 -19225.3964844 -18100.0273438 -18914.7773438 -18798.0214844
-18719.9511719 -19037.4843750 -18372.9316406 -18441.7109375 -19276.6308594 -18400.7695312 -18924.1914062 -18743.8808594
-18550.6386719 -18912.6425781 -18222.1562500 -18169.3554688 -19098.3984375 -18031.3867188 -18888.7226562 -18663.7285156
-18524.5605469 -18721.6210938 -18144.9179688 -18113.1484375 -19063.5292969 -18014.4687500 -18742.7617188 -18520.1894531
-18329.4492188 -18712.5820312 -18128.7265625 -18177.4902344 -18973.6503906 -18172.4453125 -18689.0976562 -18462.4648438
-18922.6738281 -19318.4707031 -18600.5332031 -18755.6289062 -19561.0214844 -18774.7460938 -19196.7460938 -19207.4609375
-18977.3808594 -19357.5351562 -18546.3085938 -18616.5078125 -19584.7148438 -18567.4335938 -19206.0839844 -19060.7695312
-19742.7578125 -20034.3300781 -19579.7089844 -19562.3906250 -20256.6757812 -19453.2871094 -19960.4316406 -19920.1718750
-19339.5292969 -19691.5625000 -19269.5195312 -19302.6269531 -20024.1250000 -19282.9257812 -19593.8945312 -19467.9316406
-17809.3164062 -18268.2558594 -17386.4335938 -17512.2148438 -18568.1152344 -17381.3535156 -18276.7480469 -18066.9804688
-18160.5214844 -18635.3750000 -17795.3691406 -17983.2109375 -18871.7597656 -17880.5390625 -18449.2968750 -18394.3964844
-19206.9804688 -19367.8398438 -18905.9765625 -18750.7636719 -19776.9785156 -18966.6933594 -19393.4101562 -19211.7109375
-19082.1757812 -19393.7773438 -18665.3691406 -18729.0957031 -19625.3066406 -18619.1796875 -19281.7070312 -19221.0878906
-16216.5283203 -16160.2431641 -17049.6074219 -16553.5800781 -15876.3300781 -17103.1542969 -15822.5283203 -15994.8085938
-16632.0273438 -16313.9345703 -17407.4003906 -16912.2890625 -16257.5283203 -17219.0664062 -16128.1630859 -16400.1445312
-18866.0546875 -19003.9609375 -19078.7285156 -18978.2246094 -19051.0507812 -18843.6367188 -18883.5000000 -18861.6582031
-18599.3769531 -18527.5917969 -19241.0078125 -18802.9902344 -18200.7578125 -19162.5703125 -18287.5175781 -18555.1542969
-18428.3242188 -18378.6328125 -19023.8203125 -18676.2539062 -17943.0351562 -19058.6757812 -18088.4648438 -18328.0468750
-17696.2656250 -17526.2617188 -18338.2773438 -17954.0214844 -17461.3964844 -18258.4843750 -17259.4375000 -17632.3886719
-17285.7851562 -17186.6542969 -17942.2792969 -17554.9335938 -16887.2617188 -17944.4394531 -16871.0234375 -17206.9863281
-17170.9394531 -16921.2207031 -17815.1171875 -17193.7929688 -16714.3105469 -17643.9277344 -16795.7148438 -16944.8378906
-16795.3027344 -16639.0195312 -17486.5156250 -17055.6269531 -16483.9746094 -17509.3984375 -16245.5947266 -16684.2265625
-17619.4687500 -17515.0976562 -18194.0800781 -17862.6777344 -17374.6875000 -18133.9863281 -17322.0078125 -17434.9863281
-17840.7812500 -17847.1601562 -18490.3164062 -18155.1699219 -17710.2753906 -18422.0273438 -17599.5292969 -17718.7167969
-15074.6572266 -14899.6914062 -16271.2607422 -15589.0751953 -14896.4609375 -16042.4033203 -14574.5175781 -14958.5517578
-16695.5410156 -16448.7734375 -17598.9199219 -17056.9199219 -16278.5585938 -17470.8867188 -16328.9550781 -16575.2578125
-16718.2050781 -16516.6679688 -17711.2421875 -17065.0195312 -16389.1738281 -17473.5449219 -15862.7070312 -16530.8906250
-17071.2675781 -16986.7324219 -17865.1757812 -17365.9023438 -16802.3750000 -17768.4628906 -16709.8046875 -17023.3867188
-15965.4511719 -15934.4355469 -16768.2578125 -16239.6982422 -15548.0029297 -16541.3242188 -15593.1972656 -15799.2255859
-16326.6123047 -16213.0830078 -17317.0097656 -16673.4277344 -15886.8955078 -17148.7832031 -15794.8857422 -16190.3740234
-15609.9150391 -15408.4902344 -16636.8476562 -15840.5986328 -15070.2363281 -16481.5214844 -15117.0498047 -15490.4257812
-15893.6923828 -15816.8828125 -16680.8066406 -16211.1503906 -15450.8476562 -16559.6601562 -15445.9394531 -15739.2900391
-16785.0136719 -16645.2851562 -17519.5644531 -17028.3789062 -16338.3828125 -17365.3613281 -16385.1816406 -16625.7910156
-17624.7890625 -17445.0585938 -18255.0371094 -17797.8671875 -17165.6347656 -18100.8574219 -17161.8125000 -17324.8066406
-16495.1679688 -16497.0410156 -17393.8105469 -16770.8886719 -16052.4589844 -17328.8398438 -16195.4296875 -16462.2402344
-17668.2363281 -17455.8007812 -18389.3789062 -17921.0351562 -17511.6289062 -18350.9511719 -17343.2031250 -17561.6953125
-17105.7402344 -16666.9726562 -17929.1660156 -17219.7792969 -16608.3417969 -17768.8281250 -16467.0761719 -16771.6542969
-17401.3359375 -16976.6484375 -18192.6328125 -17580.8925781 -17171.3730469 -17940.2109375 -17130.7949219 -17180.1601562
-16291.6171875 -15967.5527344 -17185.3359375 -16573.4003906 -16007.0302734 -17016.1210938 -15940.9257812 -16111.9833984
-16669.7890625 -16465.0195312 -17447.9824219 -16820.9667969 -16091.3027344 -17352.0488281 -16219.4941406 -16389.6171875
-16432.1933594 -16195.0048828 -17225.6679688 -16696.6679688 -15419.8710938 -17041.8984375 -15808.5224609 -16189.4716797
-17716.6796875 -17434.5703125 -18398.7382812 -17950.9042969 -17373.4277344 -18262.7539062 -17436.9121094 -17540.4980469
-17185.2128906 -17035.2656250 -17872.7988281 -17422.2050781 -16831.1777344 -17818.9687500 -16790.7109375 -17141.0644531
-17130.3515625 -16978.1660156 -17931.6054688 -17366.2753906 -16762.8945312 -17859.6015625 -16751.3945312 -16974.7851562
-17050.1523438 -17123.0937500 -17247.7578125 -17119.4746094 -16900.5664062 -17100.7187500 -16909.0429688 -17164.1718750
-17257.2675781 -17264.9531250 -17986.5996094 -17386.1484375 -17327.3652344 -17859.4375000 -17207.6777344 -17065.1562500
-15802.1347656 -15802.0859375 -16640.8710938 -16065.5136719 -15808.6162109 -16586.5488281 -15756.6044922 -15494.1562500
-16927.3574219 -16846.9433594 -17704.0000000 -17112.2304688 -17184.6953125 -17473.3925781 -16956.7402344 -16657.6640625
-16270.0605469 -16269.6982422 -17166.9707031 -16628.4179688 -16478.3691406 -17099.2246094 -16218.1611328 -15991.7832031
-15994.8769531 -15773.0859375 -16793.5351562 -16163.7343750 -15967.1015625 -16625.5136719 -15785.1826172 -15748.5097656
-16682.1425781 -16757.5585938 -17465.0878906 -17050.8183594 -16848.5097656 -17401.6582031 -16654.4707031 -16476.2324219
-16045.0693359 -16334.3974609 -16894.8066406 -16421.0546875 -16647.3378906 -16922.0605469 -16126.9218750 -16100.0322266
-16905.9140625 -17032.1210938 -17752.5585938 -17233.8281250 -17167.7675781 -17551.2675781 -17018.7734375 -16653.4218750
-18188.4335938 -18048.8320312 -18768.9628906 -18277.5488281 -18364.6835938 -18638.4296875 -18023.1855469 -17908.0507812
-16893.4375000 -17034.9160156 -17572.4062500 -17111.5683594 -17273.3457031 -17370.0410156 -17004.2363281 -16661.2578125
-17570.7246094 -17648.6347656 -18416.1093750 -17860.4980469 -17933.9140625 -18331.3457031 -17687.4648438 -17483.0390625
-16527.2441406 -16260.9384766 -17372.9062500 -16880.9433594 -15994.8076172 -17229.3203125 -16026.5859375 -16348.2802734
-16711.7519531 -16676.2402344 -17547.6933594 -17083.7070312 -16896.6406250 -17451.5976562 -16662.8457031 -16540.3066406
-16410.4687500 -16435.9238281 -17155.7460938 -16520.2753906 -16749.4628906 -16985.2812500 -16673.0781250 -16169.0722656
-15977.5566406 -15800.0888672 -16760.8945312 -16232.9101562 -16137.5800781 -16710.9785156 -15836.6386719 -15725.0771484
-17279.6171875 -17085.2480469 -17934.2675781 -17303.8300781 -17398.3085938 -17680.9687500 -17156.9140625 -17117.5156250
-17492.0507812 -17598.8769531 -18305.0957031 -17694.4121094 -17766.8496094 -18100.6347656 -17685.7695312 -17371.5800781
-16737.5546875 -16677.3593750 -17511.2246094 -16812.9394531 -16766.8789062 -17407.1503906 -16761.8027344 -16448.5136719
-18664.8671875 -18529.9238281 -19084.9316406 -18496.6757812 -18890.6835938 -18798.3027344 -18707.6250000 -18513.8769531
-17520.4062500 -17690.9960938 -18188.2812500 -17735.9648438 -17747.8437500 -18067.0312500 -17702.1171875 -17347.7500000
-15928.6005859 -15891.0283203 -16740.4824219 -16245.8076172 -16317.2724609 -16665.7890625 -15931.1777344 -15883.2734375
-17374.8691406 -17390.5839844 -18001.1660156 -17689.8164062 -17512.5175781 -18022.3437500 -17290.4765625 -17222.0898438
-16770.4472656 -16755.3984375 -17158.9082031 -16701.0292969 -17070.1601562 -17011.2792969 -16830.4062500 -16683.9355469
-17052.5351562 -17115.5683594 -17766.8964844 -17358.9296875 -16998.8710938 -17683.8730469 -16951.2910156 -16766.8906250
-17433.7089844 -17336.9980469 -18217.9648438 -17709.7304688 -17408.2148438 -18041.4257812 -17363.3066406 -17259.6054688
-17167.3710938 -17108.8222656 -17817.0136719 -17339.8222656 -17345.3730469 -17847.6035156 -17102.9804688 -16982.5390625
-18102.9589844 -18230.2265625 -18726.6503906 -18261.1386719 -18413.7500000 -18679.1132812 -18200.5605469 -18002.7070312
-17634.9140625 -17608.7128906 -18227.8222656 -17824.0859375 -17876.7363281 -18198.0468750 -17664.5605469 -17340.4550781
-16669.3632812 -16223.7539062 -17232.0000000 -16798.5703125 -16587.8652344 -17108.7714844 -16407.1425781 -16386.3027344
-16326.6699219 -15775.3779297 -17237.0976562 -16533.2148438 -16383.4863281 -17044.1093750 -16008.5771484 -16090.1630859
-16377.8320312 -15821.7734375 -17196.1855469 -16574.1757812 -16463.9570312 -16984.8359375 -16205.5078125 -16195.3720703
-17842.6308594 -17553.0273438 -18596.3886719 -18030.6699219 -17834.7890625 -18502.6406250 -17705.3046875 -17802.1835938
-17172.8632812 -16872.9765625 -17878.5605469 -17489.4687500 -16866.8105469 -17822.2949219 -16715.4921875 -17043.9902344
-16123.4150391 -15853.3476562 -17106.9882812 -16614.7500000 -16209.4843750 -16956.1992188 -16072.4394531 -15964.0068359
-16788.6074219 -16793.0722656 -17613.8906250 -17151.6757812 -16412.8378906 -17609.9882812 -16348.4404297 -16771.9746094
-16684.0468750 -16098.1464844 -17413.8750000 -16915.2714844 -16648.2695312 -17379.1328125 -16444.3613281 -16425.4492188
-18772.7832031 -18655.1933594 -19307.8359375 -19003.7089844 -18513.2031250 -19281.8261719 -18426.4453125 -18585.2675781
-16937.6093750 -16789.0605469 -17756.0527344 -17169.1406250 -16999.0078125 -17649.7109375 -16741.9863281 -16935.7402344
-17950.6757812 -17531.0214844 -18567.0722656 -18030.6250000 -17842.5976562 -18423.2089844 -17740.3105469 -17760.2578125
-18117.5507812 -17752.5859375 -18852.8964844 -18355.0546875 -18106.3066406 -18662.8339844 -17918.5468750 -17938.2343750
-18617.3828125 -18223.9531250 -19221.6484375 -18711.7714844 -18578.2929688 -19008.0722656 -18411.6542969 -18362.2753906
-18552.3671875 -18878.3476562 -18537.0429688 -18337.0000000 -19183.7753906 -18185.0781250 -18812.6464844 -18684.9062500
-17883.9394531 -17423.1660156 -18721.0761719 -18122.3886719 -18007.1230469 -18434.7031250 -17776.7714844 -17715.1386719
-18751.0761719 -18648.9160156 -19432.1015625 -19001.6640625 -18524.0175781 -19287.1875000 -18480.5859375 -18673.2402344
-19132.9511719 -19551.8671875 -18840.4238281 -18860.4531250 -19715.0488281 -18703.4960938 -19503.3203125 -19362.2070312
-18928.4550781 -18743.6132812 -19457.0429688 -19034.7265625 -18918.6914062 -19433.8222656 -18817.9609375 -18906.2734375
-19291.0078125 -19044.8984375 -19907.5898438 -19470.6894531 -19469.1406250 -19707.5175781 -19203.4921875 -19170.4667969
-18432.2773438 -18597.5253906 -18426.6542969 -18297.5195312 -18948.1132812 -18178.2421875 -18557.9277344 -18419.2285156
-18461.5781250 -17997.5820312 -19210.9179688 -18584.7246094 -18595.9609375 -19002.5156250 -18321.6464844 -18281.4257812
-18444.8046875 -18137.6152344 -19195.7539062 -18567.0976562 -18001.6347656 -19010.3378906 -17968.1289062 -18306.4062500
-17984.4941406 -18102.2656250 -18602.4218750 -18152.1347656 -18254.7207031 -18502.4746094 -18007.7734375 -17842.4707031
-17876.4843750 -17821.2519531 -18545.3828125 -18093.4238281 -17731.8105469 -18442.8105469 -17588.8398438 -17735.4804688
-18852.3476562 -18562.9863281 -19565.7539062 -19105.7910156 -18973.5039062 -19348.1816406 -18872.6660156 -18864.5078125
-18825.6738281 -19053.0410156 -18597.4707031 -18518.0664062 -19363.1542969 -18245.7148438 -18949.0000000 -19007.8710938
-19241.1777344 -19442.0371094 -18943.3378906 -18928.6875000 -19772.4023438 -18670.2421875 -19536.0390625 -19268.7656250
-18833.8593750 -19044.4453125 -18617.3437500 -18492.6425781 -19287.4433594 -18114.4179688 -18892.2207031 -18918.1191406
-18496.1875000 -18760.7265625 -18848.3632812 -18509.2753906 -18774.6718750 -18566.5644531 -18644.5468750 -18485.8417969
-17428.2363281 -17589.7343750 -17768.0722656 -17265.7871094 -17771.5058594 -17621.7656250 -17590.6464844 -17367.6250000
-17961.3125000 -18371.1718750 -17665.2441406 -17604.1132812 -18597.9609375 -17073.6953125 -18263.7265625 -18115.2929688
-19023.2558594 -19345.0722656 -18748.7421875 -18777.6484375 -19792.1621094 -18494.5878906 -19381.9160156 -19202.6660156
-18878.9433594 -18627.0195312 -19497.7070312 -18953.3515625 -18859.7324219 -19419.5253906 -18727.6699219 -18707.6015625
-18510.8398438 -18143.5410156 -19136.7011719 -18521.8769531 -18676.8027344 -18888.0781250 -18365.7500000 -18390.2285156
-17842.0664062 -17836.0410156 -18393.7480469 -17974.8769531 -17662.5214844 -18293.8066406 -17625.2714844 -17719.3535156
-17013.8984375 -16712.8730469 -17869.3281250 -17353.4335938 -17017.9824219 -17768.8007812 -16842.4824219 -16998.2773438
-18444.5742188 -18238.2304688 -19156.0195312 -18473.0351562 -18364.8886719 -18909.3632812 -18165.4511719 -18189.6074219
-17024.2675781 -16896.9960938 -17752.3261719 -17161.2011719 -16600.0996094 -17620.0000000 -16538.0371094 -16843.7539062
-18703.0292969 -19052.9863281 -18413.8691406 -18313.3105469 -19370.0195312 -18161.8125000 -19059.4257812 -18821.8632812
-17989.7246094 -18278.0917969 -17696.0351562 -17600.9882812 -18729.7578125 -17324.0585938 -18342.6992188 -18137.0664062
-18294.7753906 -18553.1464844 -18111.0351562 -17909.0937500 -18767.4023438 -17557.8632812 -18520.5917969 -18411.6542969
-18285.7734375 -17967.0253906 -19004.2929688 -18465.6113281 -18346.8378906 -18708.0664062 -18111.3515625 -18158.2441406
-19142.1230469 -19164.2578125 -19745.1406250 -19424.3789062 -19019.5312500 -19734.5078125 -18990.4121094 -19162.1738281
-18086.8046875 -18402.8691406 -17722.4531250 -17721.8906250 -18638.5078125 -17488.0214844 -18384.1445312 -18243.9492188
-18042.4804688 -17670.8007812 -18816.2578125 -18229.2148438 -17888.2089844 -18671.2109375 -17849.3671875 -17941.2343750
-18652.9062500 -18988.1406250 -18456.7402344 -18306.6289062 -19207.2304688 -18260.4570312 -18949.4082031 -18720.7343750
-16881.9042969 -16488.4648438 -17767.8281250 -17261.9121094 -16903.7128906 -17532.9531250 -16774.4277344 -16679.5410156
-18736.0156250 -19005.9121094 -18327.9648438 -18365.8710938 -19262.5546875 -18279.3945312 -18970.5742188 -18859.9355469
-18076.2070312 -18371.5527344 -17859.6367188 -17834.5585938 -18719.8613281 -17259.5312500 -18275.7011719 -18287.3300781
-18896.0898438 -19287.6230469 -18696.4433594 -18749.3554688 -19632.9824219 -18333.0136719 -19208.9140625 -19027.5429688
