-16358.1748047 -16626.9082031 -16887.4316406 -16619.6738281 -16903.7167969 -16931.9082031 -16679.9863281 -16386.5527344
-16973.1660156 -16875.3750000 -17633.1152344 -17117.2890625 -17091.8964844 -17544.0390625 -17011.6074219 -16613.2617188
-17331.8105469 -17473.2128906 -18111.3574219 -17553.4042969 -17504.3339844 -17912.0078125 -17459.6132812 -17387.4570312
-17376.4355469 -17468.6640625 -18228.7050781 -17671.8417969 -17540.8164062 -18075.1542969 -17477.8457031 -17210.8847656
-17649.3808594 -17702.8554688 -18270.0468750 -17871.2324219 -17933.6250000 -18177.1171875 -17728.9570312 -17521.6562500
-16708.0292969 -17012.5957031 -17611.1757812 -16939.3125000 -17129.8417969 -17412.7011719 -16948.9335938 -16722.2480469
-17555.0722656 -17726.9882812 -18270.8203125 -17700.9941406 -18016.9414062 -18164.6796875 -17828.9550781 -17585.0644531
-16014.3857422 -16258.4150391 -16899.0175781 -16322.7968750 -16503.9531250 -16805.8320312 -16343.9814453 -16124.6201172
-16525.6367188 -16784.9238281 -17065.1523438 -16688.6777344 -16913.6347656 -16976.7519531 -16766.6718750 -16680.4394531
-16654.9179688 -16879.7167969 -17296.2500000 -16794.2968750 -17134.7460938 -17110.6445312 -16809.4257812 -16699.4238281
-16249.5917969 -16462.8085938 -17155.9804688 -16609.4648438 -16872.8144531 -16965.1464844 -16491.5664062 -16292.3886719
-16658.5468750 -16513.3710938 -17363.6191406 -16714.6503906 -16777.5664062 -17175.5898438 -16512.2539062 -16278.0283203
-16548.1484375 -16806.3886719 -17575.2695312 -16943.8281250 -17097.1035156 -17390.0156250 -16849.0312500 -16548.9238281
-16290.3837891 -16447.6835938 -17252.4960938 -16580.6289062 -16755.7753906 -16978.0527344 -16585.9023438 -16239.5957031
-16573.3398438 -16655.5859375 -17624.8613281 -16755.4628906 -16928.0351562 -17228.7734375 -16585.5566406 -16430.9804688
-16232.9111328 -16447.4824219 -17015.6894531 -16378.7275391 -16716.6015625 -16796.3281250 -16557.9941406 -16211.3007812
-17636.9394531 -17873.8535156 -18256.5703125 -17772.5000000 -18063.8847656 -18038.1152344 -17953.9785156 -17703.3281250
-16641.4707031 -16757.4941406 -17393.4472656 -16807.1660156 -16973.0976562 -17237.9121094 -16789.5781250 -16511.0527344
-16418.6992188 -16650.9121094 -17249.3906250 -16671.6054688 -16877.0253906 -17121.1699219 -16630.9960938 -16202.5312500
-16916.6406250 -17115.3359375 -17484.7070312 -16963.8203125 -17370.6152344 -17287.6152344 -17145.6894531 -16890.3750000
-16786.7929688 -17018.1914062 -17598.0859375 -17019.2441406 -17171.9042969 -17350.3593750 -16972.0546875 -16700.5429688
-16623.1777344 -16734.1425781 -17558.0000000 -16887.7226562 -16962.2031250 -17337.0078125 -16701.1679688 -16599.8281250
-16588.3007812 -16603.1425781 -17322.3144531 -16846.8906250 -16899.0175781 -17211.2578125 -16692.3027344 -16435.4277344
-17016.0976562 -17042.3632812 -17858.5605469 -17119.1542969 -17405.8574219 -17532.2949219 -17124.1484375 -16810.5156250
-16462.6250000 -16670.3945312 -17181.3730469 -16611.1386719 -16728.7343750 -16978.2773438 -16555.3046875 -16353.9501953
-16381.1181641 -16604.9570312 -17117.5488281 -16678.4941406 -16799.4804688 -17136.0644531 -16611.3222656 -16323.6640625
-16600.1464844 -16748.4648438 -17499.1191406 -16818.0878906 -16892.9863281 -17247.6289062 -16719.0488281 -16283.9970703
-16807.9960938 -17003.5664062 -17508.8906250 -16969.9355469 -17166.3496094 -17352.5722656 -17005.9843750 -16728.3476562
-15382.1474609 -15385.3447266 -16216.7089844 -15646.6396484 -15702.3046875 -16064.5654297 -15362.7607422 -15103.6259766
-15357.7158203 -15837.9716797 -16358.9892578 -15863.9169922 -16142.1484375 -16030.7529297 -15849.4941406 -15518.3789062
-16192.5644531 -16501.4648438 -17084.0703125 -16336.8798828 -16773.1757812 -16873.1113281 -16567.3066406 -16169.6474609
-16509.5742188 -16636.5781250 -17476.7851562 -16801.9101562 -16872.3808594 -17274.0097656 -16676.2812500 -16430.6992188
-16697.1542969 -16838.7011719 -17305.0214844 -16774.2421875 -17042.1503906 -17262.5097656 -16711.1484375 -16434.6445312
-16462.3593750 -16612.4394531 -17308.6835938 -16537.3398438 -16762.1425781 -17080.4492188 -16696.9824219 -16434.8378906
-16793.0722656 -16923.4921875 -17720.2070312 -17035.7070312 -17156.3574219 -17588.5839844 -16978.9082031 -16739.5917969
-16948.8593750 -17569.7734375 -18053.2246094 -17457.2050781 -17892.9257812 -17850.3007812 -17668.2714844 -17283.0156250
-17065.4257812 -17226.8320312 -17880.7695312 -17262.9296875 -17420.9746094 -17706.5136719 -17226.2187500 -16906.3222656
-17049.6035156 -17230.9472656 -17749.1308594 -17246.4101562 -17331.1464844 -17524.3398438 -17097.7011719 -16980.0468750
-16905.7109375 -17025.0917969 -17670.6601562 -17131.9414062 -17343.3828125 -17467.8261719 -16999.8144531 -16753.3886719
-17234.8476562 -17435.7910156 -18077.3222656 -17461.5332031 -17566.5800781 -17750.7109375 -17362.3671875 -17262.3222656
-17170.6601562 -17416.9433594 -17813.8476562 -17213.8671875 -17648.5292969 -17561.4062500 -17317.5019531 -17322.4726562
-17593.6992188 -17711.9179688 -18156.4257812 -17656.2500000 -17751.5175781 -17969.3925781 -17587.5742188 -17382.0273438
-17046.8867188 -17310.1875000 -17794.4941406 -17189.2753906 -17618.0898438 -17549.7421875 -17286.3808594 -17135.2617188
-16700.1601562 -16749.7949219 -17468.3535156 -16959.9238281 -17029.3476562 -17295.0996094 -16849.5449219 -16501.8710938
-16511.5878906 -16944.8222656 -17347.9726562 -16715.5449219 -16925.8066406 -17131.0839844 -16650.1972656 -16615.3886719
-17048.0156250 -17624.0898438 -17476.9511719 -17084.6347656 -17673.8671875 -17163.2519531 -17480.1054688 -17276.2226562
-17042.8437500 -17240.5078125 -17688.6875000 -17160.1875000 -17280.2089844 -17448.3007812 -17277.0703125 -16920.4101562
-16911.4882812 -17393.1464844 -17812.1699219 -17235.4511719 -17619.1933594 -17616.5390625 -17347.6582031 -17156.2011719
-16558.6777344 -16964.2109375 -17325.3632812 -16814.8437500 -16893.2578125 -17161.4667969 -16720.6953125 -16498.3671875
-16655.6933594 -16704.0742188 -17550.5546875 -16852.5781250 -17140.3671875 -17374.5488281 -16814.8007812 -16682.7324219
-16884.0859375 -17038.2128906 -17727.7929688 -17110.7539062 -17293.6621094 -17539.4453125 -17066.4667969 -16703.2460938
-17733.0976562 -17860.0898438 -18238.1093750 -17860.7773438 -18089.9472656 -18186.1230469 -17873.5292969 -17724.4902344
-17722.4980469 -17905.0039062 -18374.1093750 -17983.0703125 -18030.5117188 -18417.8710938 -17899.1445312 -17696.6328125
-18343.4785156 -18469.5898438 -19042.3046875 -18572.6699219 -18465.5800781 -18918.5371094 -18352.2304688 -18156.6406250
-18114.7324219 -17988.2617188 -18746.9667969 -18234.0449219 -18150.5527344 -18610.7792969 -18074.0839844 -17900.1445312
-17290.0234375 -17342.2929688 -18162.9550781 -17566.8632812 -17668.2363281 -17916.5976562 -17340.7636719 -17203.9589844
-16705.1406250 -16890.1796875 -17532.6113281 -16891.5722656 -17369.6972656 -17211.2988281 -16974.6191406 -16830.0292969
-17506.8691406 -17707.3906250 -18254.6406250 -17687.0722656 -17945.6992188 -18034.2519531 -17753.0664062 -17532.7773438
-17241.4648438 -17428.1152344 -18025.6679688 -17420.2597656 -17585.4726562 -17854.9394531 -17432.0781250 -17152.3828125
-17188.3945312 -17498.7207031 -17487.4140625 -17183.8359375 -17690.6015625 -17281.1933594 -17524.2636719 -17065.2539062
-17129.3945312 -17368.5507812 -17750.3945312 -17224.0996094 -17436.8984375 -17493.5097656 -17298.4355469 -17096.1699219
-17016.0468750 -17200.0898438 -17727.9804688 -17189.0976562 -17215.6816406 -17622.9902344 -17109.5917969 -16958.6679688
-17001.2929688 -17233.4960938 -17651.2226562 -17172.7460938 -17445.3652344 -17414.9570312 -17172.6523438 -16929.6875000
-17468.4335938 -17560.9707031 -17895.9179688 -17398.6621094 -17679.5332031 -17744.3632812 -17420.9902344 -17136.4199219
-17310.8671875 -17679.1660156 -18181.7031250 -17772.1171875 -17917.8183594 -17914.5742188 -17689.3750000 -17448.6875000
-17371.2949219 -17568.4375000 -17951.4257812 -17489.4238281 -17826.6796875 -17928.9179688 -17518.4531250 -17461.0859375
-17975.3867188 -18474.3984375 -18271.3886719 -17875.6855469 -18496.0449219 -17982.2324219 -18377.2734375 -18267.3964844
-17131.3613281 -17308.6914062 -17814.3496094 -17248.1796875 -17475.4609375 -17774.8984375 -17166.9824219 -16966.6328125
-17511.6933594 -17712.4707031 -18300.6035156 -17754.7148438 -18111.6816406 -18002.3789062 -17870.3945312 -17545.1562500
-17972.4218750 -18212.8632812 -18602.8398438 -18203.5195312 -18290.6972656 -18539.9140625 -18161.3222656 -18064.0800781
-17653.0527344 -18002.5234375 -18284.2578125 -17806.5000000 -18070.6601562 -18160.2558594 -17881.4199219 -17671.6835938
-16912.0351562 -17025.2656250 -17434.9550781 -17065.1093750 -17381.7128906 -17372.5351562 -17035.8398438 -16793.9511719
-17113.3476562 -17408.5703125 -17812.6171875 -17266.5761719 -17595.8046875 -17679.8437500 -17324.3125000 -17102.3242188
-16821.3378906 -16837.2773438 -17593.4843750 -16959.5312500 -17151.8457031 -17445.0312500 -17063.0332031 -16727.1406250
-16380.5341797 -16711.7890625 -17195.6035156 -16713.6835938 -16908.0605469 -17098.7304688 -16721.7558594 -16407.9296875
-16873.2617188 -16966.4121094 -17669.7714844 -17139.7207031 -17248.4121094 -17459.3007812 -17045.0664062 -16749.0566406
-17270.7226562 -17513.3515625 -17927.7695312 -17321.2031250 -17716.3984375 -17744.0332031 -17498.6562500 -17186.1074219
-17545.4062500 -17541.2148438 -18318.8496094 -17765.9531250 -17780.8183594 -18203.5351562 -17627.1816406 -17465.2109375
-16963.3144531 -17127.4238281 -17629.8007812 -17169.0039062 -17269.3671875 -17502.5292969 -17107.6113281 -16945.1816406
-17000.0644531 -17092.0566406 -17841.8671875 -17221.1972656 -17365.3925781 -17631.2070312 -17111.9121094 -16859.5273438
-17265.2890625 -17437.8457031 -17605.4941406 -17089.6953125 -17771.1699219 -17515.8203125 -17452.2363281 -17260.4257812
-17151.1718750 -17568.3496094 -17344.3359375 -16633.8632812 -17787.9238281 -17086.5351562 -17433.5957031 -17330.4648438
-16596.5781250 -16887.9824219 -16657.4980469 -16236.1035156 -17145.1289062 -16778.0625000 -16880.7226562 -16722.8593750
-19031.7441406 -19213.0273438 -18966.9394531 -18500.1718750 -19419.4824219 -18867.0957031 -19277.6015625 -19150.4179688
-17323.3808594 -17460.3105469 -17430.2578125 -16933.5136719 -17773.8066406 -17269.9218750 -17449.3105469 -17310.9960938
-17197.3144531 -17364.4707031 -17273.3535156 -16876.7578125 -17683.9062500 -17162.4394531 -17454.9941406 -17209.1015625
-17893.4101562 -18123.5644531 -17874.6914062 -17462.7285156 -18357.5078125 -17815.9375000 -18053.5566406 -17880.9921875
-17265.2597656 -17472.9296875 -17561.2304688 -16903.8886719 -17797.6445312 -17401.4453125 -17446.3691406 -17320.7050781
-16750.2714844 -17040.9980469 -17004.8515625 -16409.4433594 -17420.9589844 -16756.6660156 -17058.7265625 -16861.4140625
-16480.3808594 -16497.4609375 -16667.4160156 -16036.2285156 -17021.6992188 -16445.5175781 -16676.3378906 -16473.8183594
-17225.5917969 -17468.5683594 -17194.5214844 -16795.0078125 -18024.7089844 -16977.5664062 -17643.3281250 -17243.6191406
-17183.0429688 -17519.4785156 -17251.2675781 -16735.3964844 -17757.7675781 -17105.2519531 -17439.1757812 -17143.1679688
-16131.7265625 -16177.4492188 -16672.0449219 -16143.7792969 -16572.1328125 -16389.1425781 -16429.2363281 -16012.0615234
-17882.1171875 -18148.1660156 -18158.2558594 -17637.6582031 -18445.7148438 -17854.1582031 -18216.7890625 -18028.1406250
-16999.2011719 -17347.0898438 -17310.0410156 -16767.5253906 -17465.5585938 -17274.7343750 -17363.0781250 -17212.4316406
-17831.1855469 -18057.8496094 -17929.9511719 -17499.3652344 -18385.8515625 -17944.8203125 -18128.0449219 -17916.0117188
-17984.0058594 -18140.2050781 -17900.5078125 -17446.9628906 -18408.1113281 -17855.2812500 -18163.1250000 -18040.2792969
-16915.7812500 -17090.0292969 -17274.2148438 -16656.2617188 -17335.2597656 -17206.9062500 -17154.9101562 -16976.8417969
-16548.5585938 -16793.4316406 -16946.3925781 -16226.8095703 -17004.4296875 -16714.8242188 -16642.6992188 -16587.8847656
-17042.6582031 -17313.5488281 -17242.6953125 -16588.6093750 -17659.8300781 -17039.4296875 -17354.8750000 -17263.7441406
-18328.9296875 -18619.1367188 -17151.3164062 -17926.0390625 -18966.0976562 -17885.7851562 -18663.3515625 -18479.2890625
-17610.4765625 -18009.2050781 -16681.8613281 -17278.1484375 -18219.8125000 -17281.6289062 -17924.5917969 -17786.6406250
-18386.7597656 -18694.0351562 -17420.4921875 -18081.3925781 -19094.7636719 -18073.3183594 -18810.4433594 -18518.8515625
-19684.2109375 -19910.5585938 -18885.7265625 -19433.0234375 -20121.4414062 -19317.7246094 -19872.6621094 -19748.3066406
-17949.4414062 -18355.0058594 -17480.8144531 -17523.3359375 -18619.1621094 -17424.9042969 -18259.2324219 -18016.0800781
-18858.8906250 -19198.3828125 -18016.0859375 -18675.2539062 -19433.6542969 -18585.0761719 -19134.9218750 -19075.3691406
-19215.0976562 -19469.0214844 -18354.2988281 -18960.9804688 -19623.1914062 -18778.8554688 -19438.2695312 -19255.6953125
-18667.4843750 -18872.8632812 -18155.3046875 -18360.9218750 -19173.2148438 -18323.5371094 -18942.9238281 -18844.0351562
-19200.4082031 -19503.3203125 -18750.7011719 -19059.9687500 -19673.0937500 -18922.2734375 -19411.7109375 -19390.9316406
-19001.7207031 -19289.7343750 -18170.3945312 -18669.8535156 -19582.6386719 -18750.0507812 -19265.3046875 -19172.6484375
-17950.6113281 -18279.4531250 -16856.6464844 -17615.9492188 -18587.2246094 -17611.8574219 -18400.1054688 -18176.4570312
-17138.3593750 -16641.5996094 -17911.5585938 -17226.8710938 -16611.9531250 -17805.8007812 -16715.0820312 -16868.4257812
-17329.0625000 -16812.4707031 -18111.1250000 -17365.2695312 -17098.1171875 -17988.3066406 -16883.4570312 -17070.6621094
-18391.3515625 -18150.1484375 -19197.3925781 -18600.8281250 -17928.4394531 -19058.6660156 -18078.0273438 -18197.4257812
-18534.0371094 -18099.4902344 -19333.6972656 -18798.5097656 -18614.4199219 -19182.0214844 -18395.6074219 -18465.8066406
-17912.8300781 -17464.5585938 -18645.6679688 -18089.6582031 -17629.0468750 -18535.5117188 -17493.7695312 -17729.3847656
-17411.3457031 -17023.4707031 -18277.1738281 -17652.3105469 -17228.5136719 -18135.4453125 -17142.3496094 -17263.0664062
-16819.5839844 -16167.2978516 -17413.8886719 -16871.8476562 -16589.3710938 -17565.3320312 -16483.5234375 -16409.3613281
-18173.2636719 -17818.8183594 -18847.6269531 -18396.8964844 -18047.6601562 -18775.7714844 -17951.5605469 -18064.0742188
-16797.4667969 -16298.7050781 -17667.4492188 -16877.2246094 -16570.9980469 -17498.3867188 -16367.4287109 -16467.4863281
-17019.4082031 -16517.1855469 -17875.7011719 -17283.1015625 -16927.8105469 -17737.5605469 -16790.4824219 -16770.6601562
-17443.7421875 -17213.7402344 -18351.8554688 -17587.2148438 -17088.2402344 -18139.5351562 -17049.5781250 -17260.5957031
-16864.8183594 -16654.6269531 -17687.5214844 -17119.9238281 -16889.7031250 -17518.8320312 -16764.8476562 -16677.0566406
-17165.4218750 -16496.2988281 -18021.5273438 -17335.2656250 -16992.1015625 -17954.9941406 -16881.2031250 -16925.1503906
-16868.6640625 -16473.1152344 -17963.8925781 -17238.4121094 -16783.7207031 -17756.7128906 -16633.3085938 -16648.3417969
-16807.1113281 -16308.3300781 -17632.2929688 -17024.3144531 -16719.8652344 -17549.0390625 -16532.5664062 -16655.3281250
-15998.9628906 -15610.7011719 -16904.3925781 -16077.5927734 -15991.8232422 -16801.3789062 -15729.5048828 -15769.7812500
-16579.2070312 -16084.2783203 -17414.4355469 -16802.1972656 -16421.6972656 -17362.4648438 -16352.7656250 -16380.9853516
-16504.6093750 -16301.7402344 -17229.0449219 -16675.9335938 -16123.2041016 -17143.0625000 -16030.2275391 -16256.9296875
-16972.7089844 -16593.1035156 -17692.4394531 -17101.6210938 -16462.2402344 -17539.0546875 -16427.3886719 -16679.2812500
-17633.4531250 -17222.7148438 -18460.1679688 -17909.5722656 -17557.9492188 -18327.7656250 -17379.7558594 -17428.9843750
-16796.2597656 -16321.2460938 -17704.1269531 -16925.6992188 -16670.1992188 -17494.2070312 -16481.8339844 -16506.9960938
-17878.8847656 -17670.3144531 -18549.8691406 -17967.9687500 -17492.1210938 -18383.0253906 -17494.6054688 -17744.0546875
-17110.9414062 -16623.7441406 -17898.5507812 -17249.5292969 -17026.2011719 -17777.9394531 -16879.0039062 -16911.2343750
-16721.0859375 -16297.1025391 -17583.3750000 -16805.9902344 -16576.0566406 -17495.8613281 -16452.6464844 -16501.7597656
-17105.9882812 -16748.2343750 -18039.8593750 -17303.5722656 -16596.7187500 -17812.0878906 -16517.4023438 -16843.0117188
-15678.3613281 -15092.7207031 -16616.5214844 -15904.7597656 -15592.9423828 -16564.7226562 -15358.4707031 -15523.3105469
-15938.6328125 -15260.9716797 -16950.3437500 -16105.3320312 -15742.1015625 -16700.3164062 -15564.5478516 -15538.6298828
-15546.7382812 -15062.7636719 -16479.5449219 -15652.9853516 -15489.5703125 -16305.8056641 -15216.1162109 -15228.5234375
-16319.3007812 -16071.5810547 -17273.1875000 -16438.9570312 -15857.2431641 -17116.4863281 -15688.4970703 -16144.1582031
-18282.7695312 -17993.2675781 -18936.8300781 -18426.4746094 -17780.1640625 -18765.0488281 -17708.2675781 -18110.0390625
-17306.1816406 -17090.2597656 -18063.1132812 -17357.0390625 -16860.2460938 -17922.0312500 -16905.6367188 -16931.2636719
-17884.3496094 -17614.9843750 -18621.6582031 -18143.5214844 -17739.7636719 -18495.3671875 -17651.1953125 -17830.8710938
-16913.6250000 -16634.0800781 -17889.1367188 -17160.8222656 -16891.1464844 -17624.0761719 -16748.0117188 -16757.9511719
-16646.6484375 -16086.2490234 -17690.0332031 -16941.2011719 -16464.2285156 -17408.7617188 -16315.2490234 -16380.3916016
-17243.7011719 -16774.9257812 -18027.1386719 -17512.3222656 -17101.5781250 -17902.7714844 -16902.4550781 -17000.5175781
-16658.1835938 -16311.8095703 -17604.7285156 -16861.0273438 -16448.5742188 -17406.7773438 -16323.2753906 -16404.7148438
-16491.1250000 -16326.0839844 -17486.9804688 -16686.3222656 -16044.2587891 -17284.3339844 -16084.8652344 -16413.6464844
-16605.7617188 -16275.7031250 -17472.0312500 -16843.0800781 -16668.5019531 -17280.6250000 -16477.6347656 -16345.9160156
-16291.7626953 -15811.1074219 -17334.2734375 -16540.9980469 -16217.1806641 -17130.4785156 -15998.3789062 -15989.3554688
-16098.5419922 -15523.7353516 -16952.8222656 -16288.8496094 -16100.2988281 -16877.8300781 -15888.8388672 -15756.9736328
-16937.8593750 -16534.5800781 -17944.8925781 -17239.4453125 -16637.2597656 -17817.9667969 -16616.7421875 -16782.3574219
-16926.6367188 -16718.5332031 -17936.3632812 -17241.5761719 -16703.5273438 -17786.6992188 -16617.1269531 -16868.5605469
-15994.3798828 -15399.5058594 -17096.5898438 -16216.9423828 -15969.4912109 -16913.4179688 -15725.8427734 -15685.0615234
-16386.6445312 -15992.6953125 -17447.0527344 -16622.7656250 -16359.8720703 -17291.8750000 -16249.0498047 -16212.4257812
-16141.1220703 -15799.6250000 -17153.0234375 -16329.0712891 -15697.9062500 -16961.0761719 -15765.0732422 -15918.4414062
-16020.2802734 -15718.8281250 -17171.5585938 -16247.0107422 -15420.2822266 -16905.9199219 -15402.8193359 -15862.0224609
-15849.4199219 -15578.0332031 -17007.9238281 -16164.0966797 -15587.1103516 -16728.0761719 -15564.2773438 -15771.2753906
-17843.0742188 -17463.4218750 -18624.4199219 -18058.0410156 -17712.6035156 -18475.9472656 -17718.5546875 -17727.4531250
-15475.5410156 -14761.1074219 -16539.4902344 -15667.9687500 -15275.7343750 -16307.5585938 -15129.0644531 -15163.9257812
-18094.0527344 -17796.0371094 -18943.6308594 -18334.9472656 -18025.2109375 -18775.2910156 -17921.2128906 -17947.0058594
-18157.9257812 -18013.2226562 -18811.1660156 -18300.5605469 -17698.3046875 -18654.9882812 -17728.6406250 -18023.4003906
-17286.3066406 -17088.6347656 -18025.3613281 -17504.3789062 -16845.8554688 -18005.3984375 -16823.7949219 -17069.0527344
-17951.6328125 -17475.7871094 -18671.5781250 -18046.2773438 -17815.2949219 -18613.7792969 -17629.9785156 -17671.6875000
-16504.0800781 -15826.5400391 -17513.4960938 -16654.5820312 -16473.9785156 -17290.0410156 -16245.9921875 -16354.5742188
-16884.1816406 -16499.9121094 -17722.0898438 -17029.6269531 -16856.9609375 -17540.0820312 -16728.7011719 -16699.4199219
-16227.6064453 -15750.8896484 -17308.3886719 -16572.5839844 -16229.9580078 -17060.5546875 -16108.6669922 -16095.7861328
-17311.1230469 -17158.6093750 -18142.9707031 -17521.1093750 -16952.4277344 -18020.8300781 -16952.6582031 -17114.0097656
-17209.3632812 -16903.5625000 -17988.0136719 -17325.7382812 -16650.2714844 -17871.6718750 -16618.9609375 -17015.5058594
-19073.5234375 -18701.3242188 -19806.1738281 -19219.8066406 -18972.0195312 -19636.9335938 -18894.6171875 -18946.2265625
-17266.7617188 -16779.1679688 -17969.2988281 -17432.0898438 -17160.3945312 -17965.1269531 -16985.3222656 -17085.6328125
-17361.8613281 -17024.5996094 -18110.6621094 -17430.3652344 -16887.0761719 -17959.3906250 -16934.2558594 -17129.9960938
-16385.4804688 -15985.3671875 -17392.2617188 -16582.0937500 -16489.4218750 -17204.9179688 -16280.4453125 -16313.0292969
-16473.5644531 -15883.8691406 -17488.1406250 -16867.0371094 -16322.2636719 -17289.5371094 -16043.3203125 -16173.6035156
-18905.6718750 -18498.1914062 -19540.2070312 -19058.3281250 -18764.7656250 -19478.0566406 -18649.0605469 -18791.0390625
-16972.1542969 -16544.5175781 -17878.8300781 -17188.3574219 -16833.7910156 -17785.1660156 -16696.5917969 -16760.5351562
-16878.2265625 -16641.0878906 -17889.8066406 -17151.4335938 -16411.8183594 -17762.5449219 -16400.1601562 -16709.1093750
-16444.5507812 -16192.1269531 -17312.3027344 -16590.1953125 -15791.0351562 -17119.1171875 -15852.4218750 -16192.0234375
-17208.2500000 -16780.1953125 -18066.7539062 -17454.0507812 -17096.0097656 -17910.9746094 -17028.0839844 -17066.6718750
-17330.4648438 -17052.5878906 -18121.8515625 -17489.4042969 -16905.9257812 -18031.5546875 -16876.9941406 -17202.4101562
-16985.9394531 -16713.1308594 -17710.4140625 -17134.5410156 -16339.4550781 -17617.8300781 -16444.0742188 -16842.0351562
-16863.4218750 -16638.8593750 -17575.7500000 -17111.9687500 -16472.5644531 -17465.7578125 -16546.4472656 -16783.1796875
-17171.3730469 -16695.4101562 -17948.4394531 -17329.8203125 -16976.2128906 -17730.8457031 -16830.6464844 -16889.2988281
-17924.0683594 -17744.4335938 -18572.2656250 -17966.5644531 -17504.6679688 -18568.0585938 -17624.0976562 -17847.6992188
-17144.0585938 -16723.5468750 -18012.9785156 -17381.9199219 -17021.3964844 -17826.8203125 -16957.6093750 -17047.8574219
-17008.8378906 -16481.5410156 -17883.9609375 -17207.3437500 -16929.1855469 -17813.1640625 -16911.7851562 -16844.4375000
-18706.0156250 -18351.4667969 -19402.4648438 -18852.0332031 -18626.6601562 -19331.2792969 -18534.8027344 -18609.4433594
-15862.5458984 -15213.7802734 -17101.1523438 -16228.7246094 -15703.5888672 -16762.5332031 -15495.2070312 -15591.7568359
-17851.9199219 -17394.3945312 -18692.0937500 -18059.5234375 -17791.4765625 -18620.0312500 -17564.6015625 -17653.1289062
-17351.3496094 -16758.3574219 -18143.9082031 -17548.5976562 -17242.3769531 -18024.3515625 -17174.2968750 -17104.2070312
-17671.6718750 -17284.9414062 -18455.5019531 -17827.6523438 -17024.7753906 -18398.5820312 -17119.4121094 -17350.9355469
-17791.2773438 -17407.7441406 -18529.6855469 -18059.9316406 -17591.2089844 -18473.9726562 -17543.1621094 -17532.3554688
-17185.0625000 -16825.5722656 -17928.2148438 -17393.7832031 -17242.3886719 -17907.6113281 -17063.9257812 -17113.2597656
-16485.6308594 -16188.6347656 -17487.9726562 -16699.6269531 -15955.4560547 -17361.3593750 -15918.4599609 -16354.3242188
-17106.1660156 -16750.7656250 -17935.3183594 -17287.4238281 -17316.9121094 -17746.4375000 -17087.1113281 -16934.8886719
-17543.3203125 -17043.7949219 -18329.8789062 -17677.7929688 -17325.6601562 -18134.0566406 -17214.0332031 -17320.5078125
-16939.5058594 -16801.5234375 -17828.8300781 -17115.7617188 -16454.8750000 -17666.0859375 -16476.8359375 -16819.5195312
-16590.2539062 -16886.8105469 -16904.0019531 -16245.7402344 -17212.0351562 -16593.9628906 -16928.7890625 -16682.2089844
-16406.9160156 -16675.0937500 -17149.3027344 -16229.2031250 -17032.4042969 -16712.6699219 -16749.2753906 -16609.0097656
-18644.1699219 -18832.6113281 -18747.5761719 -18318.3339844 -19067.1640625 -18594.2460938 -18870.3242188 -18688.4355469
-18584.2148438 -18943.3593750 -18338.0214844 -18260.9746094 -19163.2285156 -17876.2226562 -18870.6796875 -18617.8769531
-17758.1328125 -17949.4023438 -17920.0898438 -17385.1777344 -18245.8867188 -17678.2324219 -17975.7675781 -17866.7851562
-17774.2539062 -18189.4941406 -17458.4589844 -17376.4921875 -18469.6621094 -17073.1523438 -18113.6191406 -17954.3339844
-17741.5390625 -18000.2207031 -17804.9121094 -17334.7910156 -18278.4277344 -17754.3339844 -17998.2988281 -17850.3437500
-17043.7656250 -17240.6855469 -16989.4726562 -16443.0175781 -17565.6718750 -16837.0351562 -17299.8105469 -17133.6250000
-17834.9824219 -18152.8730469 -18058.8964844 -17574.2246094 -18423.4628906 -17925.2578125 -18100.2929688 -17978.5937500
-17525.9121094 -17689.4980469 -17783.9687500 -17202.0722656 -18021.0957031 -17664.7929688 -17734.0136719 -17697.6718750
-17237.5507812 -17531.4746094 -17543.6113281 -16946.9765625 -17598.3027344 -17255.6308594 -17377.6445312 -17325.0097656
-17501.5468750 -17682.1191406 -17551.6113281 -17189.5976562 -17880.7226562 -17453.6308594 -17587.8085938 -17593.7089844
-18032.9863281 -18380.1835938 -17622.2890625 -17707.4746094 -18688.0683594 -17107.7421875 -18415.4335938 -18203.5039062
-17104.1289062 -17390.7578125 -17441.7187500 -16796.6503906 -17692.5058594 -17241.6660156 -17358.8359375 -17082.9980469
-16943.7187500 -16695.2207031 -17697.6562500 -17129.0898438 -16326.6044922 -17601.8281250 -16369.9179688 -16785.2636719
-17699.2363281 -17513.0156250 -18286.4824219 -17874.8867188 -17131.5742188 -18257.3496094 -17125.7343750 -17578.3593750
-17341.9843750 -17350.7714844 -17717.6992188 -17302.1621094 -17510.4003906 -17337.6660156 -17246.3105469 -17313.2910156
-17760.5195312 -17582.3300781 -18495.4785156 -17937.5234375 -17302.3398438 -18368.5078125 -17369.5468750 -17627.5957031
-17854.0097656 -17640.7812500 -18670.5722656 -17981.4687500 -17341.8828125 -18435.4082031 -17334.1484375 -17622.0214844
-16848.1347656 -16440.1777344 -17538.4863281 -16959.7734375 -16328.8144531 -17512.4335938 -16328.0605469 -16685.2343750
-16960.0664062 -16705.0507812 -17752.0585938 -17140.7089844 -16336.4628906 -17505.1054688 -16376.9677734 -16678.9101562
-17016.7812500 -16846.1953125 -17977.9980469 -17316.9882812 -16549.9804688 -17713.6445312 -16638.0410156 -16838.5566406
-16875.3066406 -16588.6816406 -17838.0332031 -17155.7832031 -16200.4980469 -17660.4121094 -16291.8115234 -16767.4355469
-16849.9160156 -16574.0156250 -17803.2890625 -17091.5937500 -16378.1269531 -17724.0312500 -16327.2988281 -16687.8632812
-16914.5390625 -16734.8164062 -17896.7695312 -17171.6171875 -16372.5605469 -17707.6269531 -16348.9072266 -16875.1894531
-17799.9218750 -18155.1933594 -17815.1660156 -17499.9609375 -18488.5546875 -17289.7402344 -18212.0292969 -17984.5839844
-18173.0605469 -18336.4257812 -18171.5097656 -17909.6660156 -18719.8593750 -17625.2421875 -18442.2558594 -18355.0703125
-17911.0273438 -18205.6171875 -17593.8164062 -17548.9511719 -18600.8925781 -17263.6464844 -18294.8535156 -18042.6601562
-16774.1621094 -16353.0439453 -17804.4980469 -16937.1718750 -16392.6894531 -17545.0234375 -16279.0957031 -16505.1289062
-18223.7636719 -18439.3867188 -18116.1816406 -17988.0644531 -18830.1093750 -17662.7968750 -18523.0097656 -18322.3281250
-16576.4375000 -16251.1611328 -17399.4140625 -16525.5898438 -16041.9482422 -17064.6503906 -16092.3798828 -16340.8095703
-18359.6933594 -18684.3808594 -17814.7792969 -17871.6445312 -19120.9785156 -17732.0312500 -18714.1972656 -18507.1269531
-19123.1386719 -19462.2187500 -18905.9042969 -18978.0957031 -19642.8203125 -18862.3945312 -19355.2285156 -19315.3105469
-17938.4550781 -18362.1386719 -17685.2792969 -17679.8437500 -18667.1464844 -17577.9550781 -18363.1289062 -18204.3144531
-17868.5800781 -18192.5507812 -17429.8906250 -17557.0878906 -18507.5136719 -17433.7128906 -18252.6015625 -17935.4316406
-19335.0253906 -19569.8769531 -19064.6660156 -19008.0390625 -19830.3886719 -19006.7167969 -19597.4355469 -19424.8437500
-19168.0878906 -19315.3437500 -18798.7265625 -18847.6386719 -19632.9941406 -18779.7773438 -19366.3007812 -19172.7441406
-19711.0859375 -19855.9277344 -19480.0214844 -19521.9609375 -20183.0292969 -19479.7656250 -19929.8300781 -19740.2363281
-18751.4042969 -19068.1484375 -18447.0703125 -18344.5449219 -19438.6328125 -18195.4003906 -19034.0664062 -18926.2441406
-18814.0449219 -19037.3242188 -18497.2324219 -18383.3652344 -19258.6152344 -18432.2285156 -19023.2109375 -18944.2460938
-18754.0937500 -18932.2207031 -18340.1796875 -18373.9414062 -19405.1464844 -18209.4199219 -19091.3183594 -18880.6875000
-18367.5546875 -18764.0175781 -17945.6933594 -18005.5605469 -19033.0664062 -17855.7089844 -18743.3066406 -18490.2578125
-19066.9531250 -19251.5527344 -18593.7578125 -18597.8750000 -19496.6953125 -18413.4042969 -19261.4472656 -19030.8964844
-18984.0781250 -19197.4121094 -18703.7656250 -18589.2363281 -19465.5468750 -18706.6406250 -19311.5449219 -19064.9121094
-19323.6113281 -19608.3496094 -19049.7675781 -19061.1445312 -19917.7304688 -18983.1953125 -19667.6875000 -19409.9101562
-20110.9355469 -20355.1875000 -19760.9335938 -19833.6679688 -20723.3457031 -19665.5683594 -20398.4179688 -20278.2128906
-19587.1621094 -19741.1015625 -19269.3886719 -19361.9785156 -20027.5722656 -19224.2500000 -19721.6894531 -19701.0117188
-18458.9902344 -18736.6406250 -17876.0175781 -17914.0488281 -19050.2656250 -17898.6777344 -18724.5996094 -18439.9785156
-18505.1308594 -18898.8085938 -18304.2988281 -18248.4003906 -19172.0722656 -18200.9609375 -18851.5390625 -18689.1132812
-19351.2558594 -19686.4550781 -19149.2539062 -19155.4003906 -19880.2734375 -19067.1386719 -19673.7304688 -19555.3632812
-19350.9648438 -19624.3496094 -19079.6562500 -18994.6542969 -19885.7343750 -18970.6035156 -19648.1250000 -19501.3847656
-16457.7128906 -16148.0214844 -17258.6894531 -16560.3261719 -15639.6845703 -17102.9531250 -15730.8554688 -16193.1220703
-16720.9667969 -16509.6542969 -17595.4003906 -16951.0234375 -16079.8300781 -17448.2187500 -16143.1435547 -16427.3046875
-18849.4726562 -18936.7597656 -19193.3125000 -18854.7128906 -18940.6347656 -18957.6894531 -18803.1191406 -18807.9394531
-18913.1855469 -18733.2500000 -19428.7812500 -19049.9296875 -18469.7812500 -19396.8203125 -18529.5410156 -18824.9589844
-18370.9199219 -18153.7792969 -19045.1250000 -18620.5605469 -17951.1542969 -18960.0683594 -17985.2656250 -18283.0742188
-17799.3417969 -17688.1171875 -18610.0078125 -17962.0371094 -17499.8769531 -18446.2343750 -17469.0429688 -17702.7285156
-17397.3632812 -17141.1835938 -18206.6621094 -17627.9238281 -16794.2851562 -18095.0195312 -16761.7246094 -17198.8632812
-17314.4335938 -17229.1054688 -18056.8183594 -17490.0195312 -16984.8964844 -17907.4414062 -16946.3808594 -17244.6640625
-17016.7578125 -16659.3789062 -17857.1445312 -17097.3007812 -16385.0898438 -17736.1269531 -16327.9267578 -16677.7402344
-17708.4394531 -17549.6894531 -18580.7890625 -17869.8593750 -17314.5449219 -18283.3457031 -17327.4882812 -17608.6074219
-17984.8417969 -17776.3828125 -18724.1054688 -18024.5839844 -17626.2343750 -18577.9589844 -17507.4570312 -17743.1679688
-15471.0371094 -15159.7060547 -16611.0195312 -15699.7119141 -14861.3935547 -16327.7109375 -14821.4199219 -15158.3398438
-16954.9882812 -16722.1367188 -17857.0468750 -17130.0292969 -16365.3437500 -17606.9296875 -16427.1171875 -16676.3613281
-16652.8750000 -16523.1269531 -17572.4082031 -16876.1406250 -16233.7812500 -17464.7558594 -15806.7675781 -16474.9296875
-17356.7871094 -17236.3066406 -18147.2597656 -17519.7148438 -17105.6406250 -17929.2128906 -16924.5136719 -17242.4882812
-15945.6855469 -15533.2167969 -16918.0136719 -16029.7802734 -15403.3398438 -16637.1953125 -15266.1552734 -15754.9394531
-16288.2529297 -16070.2041016 -17267.7734375 -16571.3750000 -15740.9736328 -17016.4023438 -15742.4511719 -16174.4521484
-16183.0527344 -16000.4580078 -17125.2382812 -16364.8281250 -15525.4404297 -16975.5039062 -15533.5527344 -15857.9433594
-15948.2539062 -15744.1855469 -16745.9062500 -16081.6445312 -15402.0468750 -16654.1562500 -15364.9345703 -15787.1416016
-16934.3515625 -16606.2031250 -17808.0312500 -17062.6914062 -16366.9023438 -17710.8085938 -16284.6035156 -16648.9902344
-17501.7382812 -17276.0097656 -18233.4609375 -17722.7050781 -17025.0312500 -18107.9687500 -16990.4375000 -17404.4765625
-16845.9648438 -16626.5468750 -17709.3613281 -17053.5917969 -16401.0156250 -17382.3085938 -16405.5976562 -16678.0859375
-17793.6406250 -17632.9199219 -18725.3222656 -18097.3359375 -17425.5136719 -18486.2460938 -17440.8046875 -17832.7187500
-16914.2500000 -16632.4980469 -17848.0468750 -17142.2304688 -16549.9375000 -17664.2968750 -16531.0839844 -16677.1289062
-17518.0136719 -17100.7226562 -18152.5937500 -17590.9726562 -17022.6289062 -18104.5683594 -16991.1367188 -17221.2031250
-16122.8574219 -15886.4814453 -17082.0957031 -16288.2832031 -15818.8955078 -16933.5410156 -15630.8759766 -15892.7480469
-16572.3457031 -16320.6025391 -17520.6289062 -16709.6347656 -16038.9804688 -17376.6855469 -16083.2812500 -16449.8066406
-16600.2207031 -16370.4970703 -17444.6132812 -16745.0429688 -15524.2714844 -17374.5488281 -15825.0449219 -16350.9306641
-17649.0703125 -17434.4257812 -18406.6621094 -17732.1074219 -17222.4648438 -18280.7988281 -17265.2343750 -17544.9003906
-17629.0175781 -17328.7402344 -18428.7792969 -17762.8203125 -17042.2265625 -18307.3496094 -17103.7656250 -17319.3261719
-17237.8691406 -16841.8281250 -18035.1953125 -17350.3769531 -16679.2988281 -17834.2714844 -16674.1621094 -16944.4082031
-17165.9707031 -17039.5800781 -17593.2812500 -17060.9570312 -16923.5996094 -17161.2226562 -16906.4375000 -17069.5957031
-17615.6171875 -17595.3046875 -18354.5273438 -17739.9492188 -17641.1621094 -18255.2558594 -17608.3750000 -17350.8789062
-15721.5244141 -15810.3183594 -16608.4199219 -15878.8378906 -15931.5185547 -16434.2031250 -15759.5224609 -15470.5371094
-16679.4804688 -16534.1894531 -17581.3066406 -16860.0195312 -16806.2753906 -17423.5195312 -16803.0234375 -16627.1816406
-16324.2597656 -16265.2890625 -17140.9101562 -16542.0917969 -16295.2441406 -17151.7285156 -16139.9257812 -16051.7539062
-16363.8339844 -16234.8750000 -17294.9082031 -16591.1777344 -16524.2128906 -17082.4746094 -16280.4843750 -16308.8955078
-17004.8925781 -16970.5214844 -17760.4042969 -17255.4746094 -17246.6250000 -17678.8847656 -16936.5449219 -16927.4628906
-16311.8916016 -16285.2910156 -17132.8105469 -16524.5800781 -16422.7500000 -16927.4023438 -16294.9257812 -16036.5244141
-16987.7109375 -16887.3046875 -17853.9160156 -17076.1269531 -17064.9882812 -17551.7441406 -16855.4863281 -16708.6816406
-17868.9609375 -17880.2890625 -18539.9570312 -18061.6152344 -18042.0742188 -18433.1132812 -17936.9960938 -17717.5195312
-17068.2460938 -17057.2382812 -17874.5078125 -17278.6738281 -17126.8105469 -17571.9003906 -17007.1777344 -16859.7148438
-17925.8339844 -17850.4394531 -18538.6035156 -18094.6738281 -18024.7656250 -18464.4785156 -17832.6230469 -17663.5898438
-16668.3613281 -16397.1152344 -17499.6718750 -16780.3632812 -16191.2373047 -17437.8105469 -16185.8271484 -16356.9375000
-16521.8769531 -16475.8339844 -17351.5371094 -16751.8203125 -16647.4277344 -17327.8574219 -16463.0742188 -16213.7373047
-16264.2031250 -16231.5917969 -17141.6406250 -16504.6250000 -16483.2890625 -16972.9570312 -16300.7832031 -16012.1542969
-16409.6347656 -16216.1601562 -17301.3632812 -16562.7812500 -16471.2675781 -17163.4355469 -16322.3476562 -16127.3750000
-17158.2187500 -17051.6484375 -18198.8828125 -17398.1484375 -17320.1679688 -17958.9531250 -17117.9667969 -16906.4687500
-17908.8867188 -18030.6054688 -18513.6640625 -18022.5000000 -18212.6386719 -18395.6855469 -18013.0585938 -17820.0156250
-16793.5449219 -16621.8750000 -17564.6660156 -16967.8281250 -16937.9296875 -17330.3398438 -16772.0976562 -16478.7148438
-18554.3750000 -18472.3671875 -19150.8300781 -18634.4023438 -18599.7558594 -19103.4101562 -18540.7421875 -18504.5019531
-17648.3183594 -17586.9589844 -18215.4941406 -17668.3652344 -17604.8828125 -18143.6875000 -17501.3378906 -17286.7617188
-16181.5957031 -16147.4091797 -16970.7460938 -16327.2783203 -16297.5996094 -16848.8828125 -16079.4638672 -16049.1376953
-17139.9316406 -17120.6191406 -17979.2656250 -17351.4414062 -17345.1269531 -17968.6601562 -17145.0234375 -16826.9433594
-16684.4296875 -16627.1250000 -17194.4843750 -16783.8964844 -16909.0703125 -17053.1972656 -16704.0800781 -16559.6464844
-17352.2714844 -17210.3476562 -17889.3574219 -17367.8476562 -17268.7734375 -17750.9550781 -17144.9492188 -17041.9296875
-17712.4804688 -17618.7246094 -18339.4160156 -17769.9218750 -17850.9414062 -18226.5703125 -17684.0507812 -17359.9414062
-16900.7128906 -16732.6132812 -17779.6230469 -17144.9335938 -16902.7363281 -17593.2988281 -16671.6542969 -16648.5332031
-18349.5527344 -18435.4980469 -18923.8066406 -18457.6093750 -18531.2304688 -18763.6191406 -18334.4824219 -18073.4589844
-17611.5703125 -17528.0625000 -18355.2519531 -17687.7402344 -17681.6367188 -18091.2363281 -17592.8203125 -17349.4218750
-16432.3261719 -15942.8710938 -17332.4023438 -16671.0078125 -16545.4726562 -17169.1503906 -16248.6230469 -16163.0908203
-16378.0615234 -15867.5039062 -17331.0820312 -16693.1914062 -16244.7548828 -17287.0078125 -16019.7871094 -16254.6259766
-16166.8476562 -15579.3369141 -17020.4492188 -16297.9033203 -16155.1835938 -16789.7871094 -15931.6679688 -15935.5937500
-17782.7753906 -17317.5273438 -18491.7597656 -17961.5468750 -17547.1953125 -18326.7304688 -17477.9804688 -17588.4199219
-17480.7734375 -17223.2812500 -18225.7500000 -17561.2636719 -16980.1484375 -18037.5390625 -16942.9589844 -17206.9316406
-16383.7382812 -15803.9199219 -17253.9355469 -16592.6113281 -16333.2324219 -17115.5722656 -16011.9130859 -16178.6484375
-16835.6406250 -16730.3066406 -17593.5117188 -17037.3457031 -16285.5664062 -17574.4550781 -16403.9609375 -16714.1542969
-17055.2031250 -16749.8417969 -18005.5781250 -17305.4062500 -17127.3281250 -17690.2167969 -16920.6523438 -16844.6816406
-18987.0292969 -18772.3886719 -19769.2851562 -19179.3281250 -18761.5292969 -19594.5195312 -18637.0976562 -18916.3203125
-16987.7128906 -16668.6738281 -17832.6796875 -17150.3242188 -16789.9570312 -17627.0195312 -16671.5820312 -16779.5117188
-17844.6542969 -17427.6191406 -18465.2226562 -17954.0585938 -17619.8046875 -18436.5175781 -17443.6308594 -17509.6582031
-17937.2695312 -17576.8925781 -18756.5234375 -18111.1269531 -17703.6503906 -18563.7656250 -17619.2460938 -17742.8515625
-18370.5664062 -18048.8652344 -19199.0703125 -18593.7675781 -18217.1484375 -19030.3281250 -18199.9707031 -18190.3515625
-18736.9531250 -19164.3066406 -18617.0878906 -18593.5507812 -19357.8144531 -18272.5058594 -19097.2968750 -19014.3164062
-18114.6816406 -17678.2539062 -19050.0156250 -18304.1132812 -17974.2617188 -18799.0214844 -17917.8261719 -17956.7851562
-19143.5078125 -19041.9218750 -19809.9804688 -19246.7363281 -18720.7324219 -19618.4863281 -18784.9218750 -19037.3339844
-19573.0097656 -19905.1386719 -19551.5214844 -19385.4179688 -20052.2519531 -19214.7167969 -19886.0292969 -19818.6210938
-18854.6738281 -18560.7382812 -19584.1035156 -18971.2226562 -18818.3730469 -19307.0410156 -18701.6601562 -18761.6757812
-19266.8085938 -18887.0234375 -19894.8398438 -19422.6953125 -19191.4121094 -19726.8632812 -19058.1132812 -19045.2226562
-18718.3437500 -18993.7851562 -18909.6718750 -18622.7011719 -19197.5351562 -18534.1035156 -18955.9394531 -18799.0507812
-18353.5312500 -18057.2324219 -19030.8125000 -18555.0390625 -18134.1777344 -18927.6152344 -18073.7714844 -18162.6074219
-18236.8554688 -17907.7050781 -18915.7792969 -18365.4238281 -17720.0292969 -18789.8769531 -17722.4628906 -17964.8144531
-18020.0976562 -18096.5957031 -18568.6308594 -18181.3710938 -18331.8261719 -18385.0937500 -18195.0566406 -17891.8496094
-18005.6386719 -17857.7402344 -18759.6484375 -18180.8925781 -17626.6308594 -18688.1054688 -17655.3593750 -17937.2578125
-18978.0273438 -18705.4726562 -19632.2207031 -19099.1796875 -19064.6093750 -19459.3046875 -18854.0585938 -18945.1992188
-19170.3437500 -19299.2070312 -19017.0058594 -18878.7343750 -19672.2714844 -18566.0078125 -19406.8710938 -19172.4531250
-19437.9980469 -19789.3066406 -19264.9335938 -19226.3906250 -20016.1660156 -18918.4941406 -19747.7460938 -19614.8613281
-19067.0742188 -19301.2714844 -18801.8027344 -18774.0566406 -19650.2910156 -18351.8222656 -19306.1914062 -19228.0332031
-18809.2167969 -18928.2246094 -19005.8320312 -18780.5957031 -19234.9921875 -18632.5761719 -18955.9394531 -18777.7089844
-17326.7167969 -17512.8789062 -17685.9824219 -17364.3417969 -17753.2500000 -17645.4550781 -17464.9218750 -17282.8378906
-18049.2988281 -18381.6210938 -17910.4453125 -17763.0820312 -18776.5761719 -17157.1210938 -18437.7187500 -18239.6660156
-19038.0878906 -19374.5000000 -18860.7519531 -18892.2343750 -19558.6484375 -18679.3750000 -19453.4589844 -19229.2519531
-18787.3046875 -18443.2500000 -19581.1660156 -19062.4453125 -18886.2636719 -19357.3945312 -18680.2871094 -18671.3593750
-18528.0488281 -18280.7187500 -19352.9140625 -18754.7304688 -18590.2929688 -19215.0644531 -18505.9160156 -18414.8242188
-18071.5742188 -17834.1699219 -18905.0507812 -18224.1953125 -17638.4882812 -18720.0546875 -17596.2636719 -17892.7480469
-17111.8925781 -16764.8984375 -17990.2753906 -17199.2441406 -17083.4335938 -17821.2812500 -16963.8046875 -16886.4687500
-18714.7285156 -18420.9785156 -19460.0195312 -18746.5332031 -18542.9199219 -19238.1289062 -18515.6582031 -18504.4375000
-17396.5585938 -17243.0585938 -18285.9648438 -17585.3847656 -17005.3789062 -18079.0996094 -16908.2402344 -17228.1230469
-18723.2714844 -19070.7402344 -18564.3066406 -18449.0761719 -19339.4628906 -18069.6621094 -19037.9199219 -18803.8730469
-18138.5273438 -18345.9218750 -17736.0410156 -17744.0917969 -18626.7890625 -17417.9746094 -18415.2167969 -18211.6132812
-18323.2890625 -18784.0781250 -18294.9023438 -18013.3046875 -18952.5917969 -17547.0488281 -18673.8886719 -18551.2246094
-18193.0371094 -17884.1953125 -18848.9824219 -18324.1328125 -18104.7460938 -18602.0332031 -17995.1582031 -18034.3847656
-19248.7519531 -19024.4726562 -19783.4589844 -19380.9882812 -18877.7929688 -19646.5957031 -18897.0878906 -19076.0683594
-18389.5742188 -18821.2578125 -18200.6347656 -18102.0195312 -19192.6542969 -17659.2753906 -18781.4296875 -18726.7519531
-17856.8066406 -17522.1269531 -18750.5371094 -18111.8144531 -17840.6953125 -18540.9316406 -17656.9101562 -17705.4160156
-18988.5117188 -19261.9218750 -18629.9746094 -18685.7832031 -19473.8125000 -18320.1054688 -19323.0703125 -19107.5917969
-17529.8554688 -17134.8144531 -18405.2031250 -17682.3828125 -17538.7050781 -18238.1796875 -17351.2285156 -17286.0390625
-18775.5722656 -19160.5585938 -18698.1582031 -18521.0820312 -19522.1972656 -18352.5976562 -19180.0058594 -19031.3710938
-18349.7812500 -18763.8378906 -18104.5761719 -18096.1894531 -19027.4003906 -17535.0878906 -18659.5273438 -18533.8554688
-18903.9843750 -19256.0039062 -18578.7949219 -18638.8339844 -19437.9257812 -18281.7207031 -19237.5917969 -19051.3203125
