-16656.3906250 -16736.3125000 -17228.0683594 -16767.3164062 -17100.8066406 -17070.7890625 -16773.4628906 -16556.6269531
-16937.0527344 -16957.1738281 -17826.0312500 -17192.3808594 -17128.1738281 -17604.1992188 -16954.8730469 -16697.4570312
-17388.2148438 -17634.9218750 -17916.7402344 -17642.4355469 -17657.5585938 -17907.5644531 -17601.9648438 -17351.1621094
-17646.9941406 -17783.2539062 -18345.9453125 -17877.3945312 -17872.7324219 -18336.7011719 -17693.8164062 -17392.4355469
-17967.7402344 -17997.7246094 -18579.7871094 -18059.4628906 -18120.1660156 -18401.9414062 -18039.3789062 -17809.0429688
-16913.6289062 -17043.6835938 -17644.9531250 -17211.3710938 -17333.1425781 -17524.9101562 -17158.0546875 -16889.2382812
-17551.0781250 -17777.9335938 -18208.5468750 -17809.2128906 -17870.1601562 -18118.4941406 -17726.5312500 -17500.9023438
-16435.6953125 -16876.5917969 -17132.4277344 -16700.8535156 -17071.0117188 -17046.2812500 -16826.3691406 -16702.7089844
-16590.7031250 -16994.8300781 -17535.7890625 -16981.5996094 -17252.2910156 -17256.5664062 -16874.1542969 -16728.6289062
-16716.3398438 -17064.8203125 -17485.2343750 -16952.1777344 -17254.9765625 -17435.6660156 -17049.7734375 -16720.7675781
-16359.5449219 -16667.9785156 -17207.2792969 -16606.7128906 -16656.8906250 -16907.5078125 -16526.6113281 -16311.2939453
-16647.4550781 -16690.7246094 -17379.6582031 -16901.8105469 -16932.7402344 -17341.9199219 -16665.7539062 -16364.0419922
-16657.3574219 -16984.0859375 -17583.2109375 -17024.3281250 -17134.4570312 -17344.2851562 -16966.7011719 -16690.9375000
-16494.8437500 -16796.4082031 -17307.1738281 -16783.3730469 -17008.2949219 -17208.1250000 -16922.6894531 -16538.6210938
-16338.8789062 -16570.5761719 -17223.4667969 -16565.6093750 -16750.0390625 -16948.5820312 -16529.3496094 -16202.2128906
-16657.9980469 -16890.6289062 -17316.4765625 -16865.6621094 -16970.1875000 -17178.8710938 -16851.9667969 -16602.3867188
-18083.4843750 -18225.4316406 -18777.9414062 -18163.4570312 -18386.2734375 -18512.9218750 -18188.8750000 -17910.8066406
-16751.1093750 -16880.0644531 -17491.9316406 -17007.1152344 -17162.3710938 -17328.0976562 -16855.3437500 -16718.3906250
-16598.5136719 -16889.7656250 -17457.2773438 -16848.5664062 -17026.6230469 -17297.2636719 -16849.0292969 -16567.7832031
-16757.5136719 -17035.4414062 -17334.0175781 -17018.4042969 -17237.8222656 -17304.0781250 -17023.4277344 -16763.7636719
-16498.0996094 -16762.3476562 -17364.2363281 -16900.1015625 -16944.7324219 -17318.9980469 -16823.7578125 -16547.0898438
-16815.8593750 -17125.5625000 -17548.8320312 -17065.4453125 -17322.8945312 -17482.4785156 -16979.6210938 -16808.8828125
-16604.7070312 -16889.7617188 -17349.6230469 -16771.9296875 -17006.1093750 -17126.2031250 -16760.0156250 -16444.0820312
-16999.3750000 -17170.0175781 -17737.5351562 -17160.3593750 -17233.2968750 -17576.8417969 -17140.8417969 -16980.0312500
-16932.5214844 -17208.7695312 -17587.5410156 -17139.8378906 -17366.8867188 -17451.5273438 -17110.9921875 -16932.8593750
-16403.5527344 -16733.7343750 -17455.9335938 -16865.4492188 -17068.5566406 -17366.8125000 -16886.9746094 -16580.0039062
-16738.4296875 -16724.2402344 -17307.5000000 -16854.0039062 -16919.4609375 -17199.0937500 -16650.7187500 -16502.5019531
-16959.6054688 -17241.0410156 -17728.3906250 -17256.5351562 -17376.5429688 -17572.3789062 -17159.2734375 -17081.1093750
-15804.2275391 -16252.9130859 -16754.0781250 -16194.2695312 -16357.7470703 -16599.7832031 -16142.0244141 -15710.1513672
-15685.2236328 -16020.9228516 -16716.5390625 -16049.0244141 -16267.6416016 -16496.4902344 -15990.3994141 -15734.3496094
-16390.2050781 -16995.3281250 -17341.6875000 -16755.9492188 -17128.8574219 -17062.8046875 -16942.2675781 -16605.2968750
-16702.9218750 -16982.2441406 -17376.5175781 -16954.6484375 -17158.7695312 -17164.0742188 -16929.7031250 -16801.8730469
-16874.8007812 -17144.2480469 -17317.7441406 -17006.5566406 -17319.7441406 -17361.4687500 -17157.4218750 -16730.9375000
-16446.1777344 -16893.5429688 -17314.8554688 -16864.9082031 -16972.1230469 -17290.5664062 -16781.7285156 -16503.7617188
-16591.9121094 -16788.8339844 -17544.9472656 -16778.1484375 -16878.3750000 -17226.6328125 -16782.5117188 -16489.6210938
-17028.8886719 -17538.6640625 -17956.8398438 -17520.0644531 -17735.6875000 -17931.4218750 -17449.6914062 -17323.2558594
-17229.7382812 -17562.0625000 -18109.2324219 -17457.3789062 -17749.7968750 -17863.9257812 -17506.1171875 -17275.0937500
-17356.2890625 -17511.3769531 -17922.5878906 -17436.5214844 -17720.4394531 -17817.8925781 -17519.4062500 -17241.8417969
-16978.5527344 -17219.2968750 -17758.9980469 -17198.9785156 -17519.4492188 -17491.7031250 -17233.0761719 -16986.4765625
-17176.9804688 -17429.3066406 -17748.1386719 -17321.7929688 -17526.2382812 -17712.1738281 -17379.5820312 -17101.2578125
-17022.8691406 -17218.9414062 -17610.9062500 -17265.9257812 -17373.3710938 -17599.8339844 -17200.3593750 -17111.6269531
-17692.0527344 -17806.9082031 -18329.8222656 -17914.4023438 -17999.1562500 -18135.9082031 -17770.9843750 -17563.2460938
-16761.1113281 -17079.2304688 -17418.8027344 -16955.8261719 -17099.8671875 -17320.6289062 -16872.7871094 -16703.6328125
-16838.9628906 -16802.2597656 -17787.0019531 -17049.1699219 -17016.4765625 -17554.9960938 -16796.5917969 -16583.3515625
-16104.1455078 -16292.6279297 -16921.1699219 -16256.5029297 -16378.6181641 -16758.2050781 -16178.8085938 -15946.1074219
-17194.0878906 -17738.2851562 -17728.7617188 -17211.1484375 -17906.0703125 -17488.1250000 -17707.4765625 -17437.0683594
-16938.2617188 -16975.5253906 -17481.6289062 -16982.1464844 -17085.9023438 -17254.6171875 -16865.7480469 -16706.1093750
-16790.4140625 -17151.1621094 -17596.7597656 -17127.9863281 -17372.7050781 -17467.0644531 -17175.0664062 -16761.5429688
-17134.8359375 -17334.1835938 -17722.7558594 -17135.8125000 -17603.4257812 -17579.3027344 -17291.9238281 -17138.6308594
-16478.9355469 -16609.0058594 -17184.7792969 -16498.4179688 -16896.5820312 -16942.3261719 -16660.7695312 -16421.9570312
-16925.2695312 -16989.8417969 -17663.9726562 -17142.0507812 -17113.0117188 -17511.1386719 -16929.3476562 -16724.6738281
-17976.3437500 -18076.5703125 -18401.5761719 -18101.8515625 -18249.6425781 -18377.6855469 -18019.0214844 -17802.4687500
-17745.8750000 -17801.0429688 -18335.4902344 -17749.7851562 -18024.2656250 -18185.7187500 -17873.9355469 -17579.0722656
-18420.6894531 -18385.9375000 -19025.7578125 -18485.0429688 -18606.1738281 -18841.2246094 -18343.5351562 -18209.7539062
-18119.4492188 -17976.5371094 -18703.5195312 -18223.2363281 -18186.5332031 -18539.6621094 -18039.3867188 -17867.8105469
-17263.3515625 -17518.3085938 -18024.3515625 -17455.1074219 -17605.4687500 -17961.2070312 -17538.5917969 -17185.5117188
-16936.3964844 -17110.5468750 -17792.8535156 -17199.7207031 -17368.8984375 -17368.3593750 -17102.6308594 -16939.9042969
-17749.1699219 -17940.2773438 -18386.6054688 -18007.0722656 -18154.8359375 -18320.3691406 -17866.1464844 -17666.6562500
-17661.4472656 -17719.7402344 -18319.3925781 -17764.2851562 -18116.3535156 -18196.1523438 -17807.2714844 -17635.1933594
-17435.7734375 -17822.1289062 -17806.0664062 -17380.6289062 -17977.5371094 -17515.0898438 -17777.5917969 -17407.5800781
-17369.7011719 -17680.9902344 -17944.6367188 -17611.8808594 -17699.1328125 -17856.2929688 -17499.2675781 -17280.5136719
-17110.8437500 -17442.5761719 -17918.3222656 -17465.0410156 -17513.3066406 -17784.3847656 -17315.5761719 -17172.5234375
-16870.0820312 -17175.1582031 -17483.5664062 -17196.3847656 -17194.9492188 -17526.9492188 -17153.0957031 -16807.9628906
-17428.2441406 -17409.7402344 -18297.1425781 -17659.7656250 -17658.8496094 -18063.3535156 -17384.3554688 -17222.4199219
-17359.8925781 -17622.2851562 -17976.4609375 -17518.6718750 -17708.4804688 -17805.6269531 -17542.7128906 -17307.4375000
-17542.1992188 -17652.9003906 -18078.5527344 -17658.7968750 -17901.0625000 -17950.2304688 -17645.3281250 -17646.5625000
-18195.0273438 -18585.4394531 -18607.3046875 -18231.8417969 -18812.6738281 -18496.4628906 -18638.5019531 -18449.2265625
-17567.5664062 -17614.1796875 -18054.1796875 -17692.0566406 -17818.8613281 -17965.5878906 -17648.0625000 -17478.5449219
-17373.6386719 -17418.5410156 -17916.5917969 -17422.8593750 -17552.5332031 -17646.4707031 -17334.1171875 -17174.6855469
-18100.7441406 -18505.1875000 -18711.7578125 -18274.0253906 -18671.2265625 -18538.6171875 -18485.1503906 -18212.3046875
-18037.5761719 -18005.7753906 -18686.6308594 -18230.3632812 -18306.5703125 -18400.2265625 -18088.3339844 -17965.7226562
-17038.1152344 -17166.0351562 -17896.0156250 -17280.2226562 -17355.7246094 -17699.5488281 -17224.4765625 -16947.8789062
-17053.9394531 -17406.6152344 -17729.2265625 -17207.9160156 -17479.3164062 -17628.8437500 -17319.2597656 -17056.0683594
-16590.4316406 -16870.9941406 -17509.6855469 -16948.5000000 -16860.2695312 -17281.9902344 -16824.5449219 -16514.7910156
-16748.7812500 -16979.6464844 -17702.7656250 -17068.1191406 -17312.0078125 -17394.0996094 -17082.9277344 -16725.6406250
-16875.3261719 -16895.3886719 -17584.6640625 -17124.1660156 -17071.7578125 -17556.3164062 -17017.0605469 -16866.7695312
-17268.1738281 -17423.7773438 -17772.4785156 -17439.6679688 -17628.2070312 -17754.2148438 -17346.5957031 -17161.5546875
-17283.8515625 -17405.5390625 -18002.7851562 -17450.8398438 -17502.6406250 -17821.8574219 -17369.8769531 -17174.3828125
-17305.8710938 -17534.0917969 -17979.3730469 -17489.8769531 -17749.3906250 -17809.1152344 -17535.5859375 -17337.6250000
-17256.1386719 -17458.1093750 -17877.3046875 -17392.2578125 -17575.2421875 -17728.1406250 -17368.1074219 -17353.1308594
-17262.6542969 -17673.0058594 -17628.0000000 -17085.1289062 -17793.8339844 -17490.0703125 -17675.5507812 -17457.3769531
-17069.9101562 -17402.7871094 -17369.3730469 -16726.3378906 -17510.9042969 -17164.0488281 -17257.8671875 -17224.4277344
-17249.0976562 -17414.9941406 -17293.0742188 -16920.0058594 -17708.9082031 -17230.8437500 -17534.3398438 -17260.4238281
-18813.7382812 -19009.1269531 -18883.9531250 -18489.0605469 -19223.2519531 -18754.0859375 -18946.3242188 -18836.5625000
-17391.4238281 -17741.0878906 -17520.3574219 -16993.7988281 -17921.8945312 -17506.3554688 -17772.4316406 -17582.4921875
-17373.6425781 -17828.3281250 -17540.8222656 -17142.9199219 -18033.7812500 -17356.2285156 -17790.9726562 -17496.5214844
-17901.3886719 -18038.3789062 -17876.9648438 -17364.7011719 -18203.8417969 -17891.2558594 -17975.6093750 -17840.2304688
-17291.7421875 -17669.7675781 -17339.8125000 -16969.0039062 -17814.4687500 -17264.3945312 -17550.9687500 -17402.1347656
-16765.5371094 -17101.8750000 -16772.1972656 -16367.2421875 -17377.2324219 -16715.4921875 -17044.5683594 -16773.3203125
-16660.7636719 -16928.7460938 -16783.9257812 -16261.0058594 -17378.4648438 -16658.3886719 -17005.3164062 -16740.8359375
-17323.3300781 -17676.6855469 -17143.7167969 -16758.1406250 -17960.1777344 -17089.8964844 -17678.9492188 -17333.3437500
-17016.6582031 -17493.2500000 -17170.2617188 -16680.4531250 -17705.0546875 -16896.8164062 -17331.8242188 -17185.2031250
-15680.9550781 -15899.8974609 -16231.6044922 -15606.9414062 -16260.8125000 -15837.3652344 -15953.5000000 -15765.1152344
-17805.3847656 -17994.4472656 -17844.8925781 -17451.3183594 -18304.9609375 -17709.1230469 -18044.0722656 -17829.3750000
-17245.3515625 -17629.4687500 -17407.5000000 -16964.5390625 -17821.1875000 -17444.2851562 -17556.3750000 -17428.4160156
-18003.9941406 -18183.9023438 -18112.4492188 -17741.7773438 -18299.6074219 -18106.9511719 -18117.1933594 -18090.3730469
-17915.5859375 -18108.7304688 -18036.8984375 -17597.5371094 -18424.6679688 -17946.6074219 -18117.4394531 -17881.6738281
-17170.3515625 -17358.8906250 -17207.4746094 -16675.9199219 -17524.8984375 -17302.4667969 -17208.3066406 -17100.5937500
-17217.6835938 -17306.8808594 -17165.5996094 -17038.4472656 -17721.8730469 -17136.3398438 -17432.2636719 -17196.3789062
-17330.1269531 -17528.0937500 -17364.2792969 -16973.7890625 -17786.7929688 -17143.2011719 -17505.7597656 -17307.2109375
-18197.4062500 -18568.9394531 -17409.7324219 -17805.6328125 -18728.5761719 -17899.4531250 -18444.9570312 -18403.5781250
-17928.9082031 -18408.5019531 -17104.2753906 -17643.9726562 -18670.1933594 -17685.2929688 -18431.6542969 -18143.7070312
-18475.0937500 -18766.9609375 -17673.9531250 -18114.7460938 -18978.3847656 -18140.3593750 -18735.9062500 -18575.6484375
-19963.8398438 -20209.6699219 -19139.9550781 -19630.0214844 -20423.1738281 -19674.9218750 -20108.0039062 -19979.3417969
-17732.7910156 -18090.0449219 -17365.9375000 -17317.6269531 -18365.1914062 -17223.4648438 -18077.4941406 -17923.9687500
-18953.4765625 -19275.8261719 -18153.6796875 -18785.8203125 -19667.9804688 -18794.6054688 -19387.6699219 -19123.2070312
-19313.8496094 -19614.5898438 -18364.8164062 -19017.4921875 -19948.2636719 -18930.7382812 -19688.3222656 -19402.5683594
-18711.7382812 -19108.2363281 -18287.4433594 -18589.4257812 -19322.5273438 -18299.2324219 -19056.4355469 -18836.1953125
-19241.2148438 -19634.9257812 -18843.8710938 -19094.7617188 -19834.5468750 -18992.4355469 -19542.4042969 -19368.8261719
-18693.2441406 -19070.7070312 -17853.3652344 -18399.5683594 -19259.4062500 -18474.3066406 -19037.7792969 -18814.7031250
-18172.3203125 -18742.4218750 -17183.3164062 -17949.9570312 -19046.8183594 -17855.1386719 -18713.9492188 -18506.7207031
-17190.8125000 -17061.3652344 -17857.5839844 -17375.9882812 -16798.8886719 -17756.8007812 -16732.6445312 -17210.9121094
-17436.7636719 -16842.2031250 -18167.8710938 -17705.8984375 -17383.7167969 -18163.9316406 -17244.6992188 -17203.2480469
-18197.4570312 -18019.5097656 -18771.7402344 -18329.8613281 -17691.7636719 -18702.4375000 -17804.4667969 -18080.3535156
-18613.9023438 -18183.0136719 -19138.0195312 -18738.7324219 -18531.8867188 -18990.3066406 -18424.3632812 -18430.9433594
-17894.9609375 -17471.1386719 -18609.1347656 -18014.3847656 -17741.9843750 -18493.5957031 -17677.5761719 -17721.2324219
-17450.1191406 -17039.0839844 -18274.3398438 -17603.7773438 -17482.1074219 -18037.1582031 -17292.2128906 -17315.3007812
-16637.2460938 -16174.9111328 -17460.0332031 -16833.1875000 -16540.3046875 -17258.6132812 -16486.2695312 -16367.7958984
-18441.8203125 -18003.6152344 -18988.1718750 -18598.8046875 -18427.5878906 -18867.3242188 -18242.9199219 -18343.2968750
-16773.6152344 -16175.4951172 -17663.5156250 -16886.9667969 -16631.6093750 -17403.6796875 -16547.0898438 -16549.6796875
-17294.3671875 -16753.4589844 -18103.4765625 -17489.5742188 -17238.4121094 -17960.6699219 -17209.0488281 -17133.8085938
-17663.0722656 -17485.1093750 -18359.9199219 -17774.7675781 -17415.1015625 -18270.2949219 -17372.4726562 -17574.3437500
-16855.3593750 -16614.3496094 -17590.3710938 -17014.1289062 -16964.7011719 -17537.2304688 -16740.0039062 -16651.4863281
-17247.4160156 -16604.7695312 -17940.2207031 -17394.4492188 -17084.1152344 -17830.7128906 -17058.6132812 -17026.8027344
-16996.5234375 -16528.6054688 -17791.7207031 -17193.6289062 -16770.7988281 -17662.9316406 -16739.7597656 -16841.8242188
-17048.5253906 -16421.9140625 -17816.1503906 -17238.5722656 -16957.9335938 -17662.5683594 -16815.2597656 -16903.1601562
-16543.7363281 -16040.5761719 -17488.5058594 -16726.3398438 -16550.4199219 -17416.1621094 -16400.5878906 -16296.5263672
-16697.8613281 -16204.6738281 -17507.0449219 -16853.6132812 -16553.1679688 -17392.8515625 -16456.4335938 -16377.1796875
-16429.8945312 -16033.0537109 -17266.0273438 -16662.1503906 -15765.3144531 -17232.9921875 -15905.9863281 -16253.8300781
-16728.0136719 -16596.3554688 -17553.7128906 -17034.8730469 -16354.1015625 -17391.6425781 -16376.4042969 -16596.6953125
-17663.6093750 -17378.6035156 -18435.3105469 -17868.7890625 -17602.0605469 -18283.2128906 -17527.5625000 -17623.8281250
-16703.2089844 -16119.2451172 -17528.2343750 -16949.5957031 -16676.7460938 -17301.2890625 -16504.8339844 -16432.4023438
-17973.5605469 -17863.0683594 -18728.2558594 -18163.2246094 -17554.1406250 -18553.9707031 -17520.6582031 -17839.0644531
-16967.6542969 -16442.8632812 -17724.9980469 -17247.2109375 -16950.5800781 -17571.2871094 -16742.3847656 -16688.6894531
-16822.9355469 -16136.9111328 -17588.0234375 -16922.9687500 -16749.8281250 -17386.9882812 -16593.9511719 -16688.5917969
-17109.6328125 -16906.8593750 -18015.5449219 -17357.4003906 -16790.3750000 -17847.5175781 -16733.0625000 -16905.7792969
-15509.8759766 -15032.0283203 -16476.0351562 -15835.9941406 -15477.6943359 -16292.8486328 -15229.8779297 -15336.7900391
-15749.2636719 -15073.8750000 -16942.3105469 -16043.3154297 -15537.6113281 -16625.9765625 -15422.2548828 -15532.7402344
-15646.2060547 -15178.7187500 -16534.8808594 -15731.8564453 -15650.5830078 -16480.7871094 -15557.5644531 -15442.1503906
-16328.6962891 -16015.0488281 -17152.6015625 -16339.0234375 -15769.9453125 -16996.3906250 -15707.7343750 -16177.0996094
-18504.1796875 -18283.6250000 -19122.4960938 -18531.8261719 -18138.2539062 -18929.7265625 -18066.1171875 -18329.4570312
-17222.5234375 -17120.0566406 -18046.8691406 -17615.8203125 -16837.9628906 -17970.6289062 -16877.4511719 -17177.7207031
-18112.8105469 -17491.0976562 -18828.1386719 -18264.7304688 -17951.6777344 -18723.8066406 -17905.7324219 -17969.6699219
-16921.6152344 -16281.4169922 -17813.9199219 -17204.9472656 -16776.0761719 -17581.9921875 -16666.5468750 -16621.4199219
-17028.6777344 -16690.1640625 -17831.1718750 -17291.8632812 -17096.7187500 -17694.1972656 -16951.8242188 -16968.8652344
-17434.4023438 -17009.8828125 -18052.0722656 -17688.8339844 -17293.9121094 -18053.1972656 -17250.3769531 -17257.5937500
-16770.8378906 -16194.3847656 -17690.9335938 -16909.0800781 -16616.3085938 -17445.9550781 -16477.6542969 -16459.0742188
-16718.5078125 -16474.9414062 -17537.0957031 -16933.5039062 -16211.1777344 -17342.0898438 -16094.4863281 -16593.4746094
-16320.8496094 -15860.6298828 -17209.5605469 -16575.6855469 -16237.0791016 -17206.7109375 -16174.1503906 -16163.2695312
-16533.1230469 -15928.9736328 -17424.8222656 -16616.4453125 -16348.3056641 -17140.3945312 -16261.6582031 -16364.4843750
-16153.3906250 -15625.4541016 -17218.8789062 -16460.9023438 -16025.5917969 -16995.5390625 -15941.1708984 -15907.8369141
-17383.9472656 -17057.4082031 -18014.9160156 -17546.8847656 -17187.9980469 -17918.2070312 -17068.7753906 -17186.6933594
-16944.4863281 -16605.3437500 -17564.5996094 -17145.4433594 -16583.4765625 -17476.9707031 -16601.9023438 -16826.7031250
-16028.8007812 -15596.4257812 -16923.5996094 -16290.3779297 -16013.3212891 -16890.2968750 -15776.5322266 -15675.6533203
-16471.3574219 -16009.2626953 -17256.6953125 -16761.6171875 -16600.7363281 -17098.3378906 -16316.9326172 -16307.1142578
-16380.4228516 -16104.3291016 -17253.4335938 -16637.2968750 -15797.6826172 -17182.7265625 -15859.4121094 -16159.7890625
-16149.7412109 -15792.0224609 -16977.9296875 -16256.7890625 -15657.1777344 -16903.3574219 -15593.9902344 -15857.4179688
-15835.2128906 -15639.5410156 -16709.9257812 -16173.7539062 -15240.9013672 -16781.0957031 -15327.6113281 -15788.4589844
-17802.8906250 -17370.1035156 -18579.5839844 -18083.1757812 -17845.5878906 -18343.2148438 -17667.8339844 -17646.3476562
-15599.7714844 -14882.2500000 -16697.9277344 -15797.2685547 -15497.2236328 -16429.6621094 -15338.8632812 -15222.8251953
-18168.3671875 -17831.6230469 -18844.6855469 -18240.9628906 -18080.9707031 -18724.3007812 -17933.2167969 -17898.1093750
-18136.2421875 -17829.7500000 -18724.1523438 -18292.1425781 -17799.4785156 -18655.9824219 -17708.6992188 -17986.9062500
-17696.6074219 -17511.1347656 -18375.5664062 -17914.8535156 -17420.5878906 -18187.4003906 -17266.7343750 -17523.4101562
-17980.3222656 -17619.3710938 -18691.5449219 -18212.4433594 -18089.8984375 -18498.7226562 -17915.7070312 -17877.9570312
-16316.1552734 -15776.4833984 -17402.6191406 -16531.0117188 -16183.4013672 -17128.8066406 -16172.0791016 -16179.9453125
-17118.7109375 -16478.6191406 -17924.2421875 -17311.2207031 -17126.9414062 -17766.2968750 -16925.0957031 -16912.1425781
-16820.1601562 -16175.8955078 -17515.6582031 -16864.8671875 -16832.5175781 -17380.2207031 -16494.4433594 -16572.3261719
-17296.1054688 -17093.9765625 -18094.7382812 -17494.8632812 -16997.1269531 -17849.6582031 -16852.5664062 -17192.8964844
-17106.6757812 -16877.0566406 -17961.9550781 -17207.8828125 -16688.8691406 -17752.9863281 -16714.8222656 -16927.5371094
-18940.7539062 -18550.9863281 -19517.0292969 -19080.6894531 -18910.1679688 -19343.7441406 -18883.1796875 -18825.2988281
-17699.7500000 -17090.6816406 -18312.8574219 -17772.6738281 -17437.8281250 -17935.9628906 -17425.0000000 -17462.4316406
-17382.7207031 -17142.6933594 -18280.2070312 -17530.8242188 -17063.3242188 -17916.4765625 -17063.4062500 -17243.7871094
-16445.1035156 -15841.0732422 -17280.8183594 -16682.9296875 -16433.4707031 -17147.4199219 -16284.8095703 -16285.7451172
-16611.5312500 -16098.7861328 -17609.4218750 -16822.9589844 -16543.1484375 -17307.8691406 -16352.9902344 -16308.7939453
-18754.3164062 -18393.0410156 -19333.1777344 -18872.5332031 -18611.6660156 -19218.8457031 -18596.4492188 -18557.2812500
-17166.5019531 -16573.7480469 -17870.3222656 -17220.5605469 -17075.0644531 -17747.7773438 -16903.1035156 -16839.4902344
-17047.7851562 -16775.1484375 -17722.8007812 -17228.0136719 -16494.0976562 -17488.4160156 -16574.0644531 -16951.6191406
-16394.6191406 -16278.5224609 -17261.9843750 -16619.9785156 -16004.5351562 -17187.3183594 -16023.4775391 -16232.7724609
-17390.0468750 -16815.5136719 -18062.9863281 -17509.0859375 -17220.0000000 -17949.2812500 -17108.4238281 -17146.7402344
-17451.5097656 -17259.4648438 -18391.9433594 -17770.2890625 -17098.3574219 -18267.3320312 -17129.3554688 -17377.2265625
-17097.3339844 -16833.5898438 -17972.1718750 -17336.6328125 -16659.0585938 -17789.9824219 -16604.6679688 -17048.1894531
-16932.9609375 -16600.2578125 -17803.8144531 -17168.7792969 -16636.0410156 -17681.9941406 -16627.8613281 -16768.1015625
-17125.4589844 -16582.3027344 -17946.1210938 -17418.6035156 -17057.8652344 -17775.7812500 -16921.7382812 -16962.6445312
-18095.2089844 -17827.6640625 -18639.7890625 -18158.5683594 -17799.5546875 -18544.7265625 -17689.9765625 -17835.1152344
-16940.6718750 -16485.4199219 -17845.6699219 -17144.5234375 -16783.1113281 -17598.3789062 -16724.8417969 -16738.2070312
-17145.2871094 -16674.3476562 -17885.1113281 -17325.4628906 -17174.7812500 -17917.1093750 -17023.9316406 -16874.7636719
-18828.2187500 -18372.8750000 -19273.7968750 -18868.2460938 -18687.3750000 -19304.7031250 -18604.3730469 -18623.3281250
-15924.1611328 -15197.8886719 -16818.4785156 -16191.6816406 -15855.9111328 -16725.2402344 -15737.9492188 -15668.5312500
-17577.0644531 -17371.8593750 -18362.3535156 -17865.7070312 -17559.0195312 -18261.9609375 -17425.2246094 -17575.4746094
-17117.5683594 -16696.8613281 -17849.4316406 -17369.5722656 -17190.5312500 -17714.6972656 -16945.1679688 -16943.2792969
-17823.1250000 -17506.2167969 -18464.6132812 -17920.9746094 -17315.8691406 -18238.8808594 -17384.9316406 -17599.2773438
-17870.2792969 -17291.0351562 -18689.1132812 -18064.4199219 -17781.5859375 -18490.0976562 -17640.3613281 -17803.4511719
-17144.9980469 -16768.4160156 -17917.0976562 -17411.3515625 -17060.1914062 -17768.4394531 -16830.4707031 -17035.8144531
-16635.1406250 -16429.5390625 -17515.1269531 -16875.5937500 -16293.3330078 -17262.5859375 -16320.3652344 -16597.2519531
-17305.2773438 -16690.2382812 -17989.4121094 -17462.1035156 -17060.5312500 -17775.5332031 -17009.4707031 -16974.5781250
-17469.6035156 -16962.3730469 -18056.4609375 -17577.6152344 -17322.0371094 -18055.9550781 -17336.4902344 -17179.1308594
-17187.1718750 -17037.6191406 -18052.6093750 -17324.2031250 -16877.3242188 -17781.5566406 -16817.5703125 -17071.1191406
-16817.8339844 -17147.0957031 -16787.3339844 -16509.3144531 -17323.7929688 -16792.7832031 -16986.6445312 -16870.6523438
-16627.4531250 -16829.3593750 -17216.3671875 -16612.5117188 -17134.2519531 -16899.9218750 -16849.2578125 -16670.8964844
-18341.6171875 -18580.6718750 -18495.6875000 -18208.2968750 -18793.1289062 -18404.9882812 -18593.1308594 -18447.5937500
-19044.3574219 -19338.1875000 -18635.9609375 -18643.4101562 -19644.4316406 -18190.8945312 -19279.7968750 -19141.3847656
-17817.9882812 -18167.9589844 -17851.8535156 -17339.6484375 -18340.6445312 -17844.0332031 -18069.0214844 -17838.5195312
-17758.9628906 -18253.1933594 -17561.5800781 -17499.9179688 -18554.9492188 -17245.0507812 -18134.0332031 -17978.6679688
-17813.1406250 -18085.1347656 -17902.2187500 -17568.1425781 -18086.4746094 -17892.3281250 -17999.4746094 -17818.7011719
-16762.1054688 -16984.7011719 -17188.1992188 -16537.7539062 -17208.5058594 -16989.9804688 -17006.9511719 -16818.8515625
-17890.1308594 -18163.1054688 -18120.5117188 -17754.4414062 -18464.1250000 -18014.4316406 -18119.4746094 -17887.5332031
-17618.8750000 -17805.2500000 -17719.5722656 -17312.6621094 -18229.4785156 -17596.2949219 -17872.2148438 -17761.8398438
-17248.6582031 -17518.1445312 -17379.6992188 -17026.1523438 -17685.1250000 -17371.8671875 -17442.4335938 -17423.2402344
-17931.9160156 -18089.1406250 -18127.2011719 -17827.3359375 -18487.7500000 -18162.9179688 -18137.0683594 -18043.1171875
-17975.6855469 -18408.7656250 -17541.5625000 -17637.0253906 -18787.7851562 -17186.1152344 -18391.5527344 -18238.1562500
-16904.6093750 -17318.9570312 -17213.0917969 -16613.9062500 -17596.5332031 -17134.0371094 -17335.0468750 -17071.5332031
-16905.0058594 -16642.6796875 -17826.8632812 -17086.2343750 -16454.9824219 -17674.1875000 -16484.5117188 -16827.0175781
-17756.9335938 -17511.1953125 -18201.0332031 -17763.1132812 -17352.2753906 -18113.0429688 -17266.8339844 -17558.0410156
-17511.9785156 -17444.3261719 -17853.2753906 -17424.2968750 -17520.4375000 -17572.6230469 -17313.5839844 -17429.6582031
-17915.8027344 -17703.6777344 -18830.1035156 -18105.5957031 -17418.7011719 -18686.1796875 -17530.8222656 -17785.5468750
-17804.9492188 -17617.3125000 -18538.2929688 -18044.7089844 -17362.5156250 -18408.6093750 -17438.1972656 -17608.1054688
-17130.0332031 -17017.6171875 -17972.2753906 -17345.1367188 -16737.3847656 -17836.7207031 -16669.2519531 -16964.6523438
-16955.0273438 -16645.9433594 -17778.2656250 -17178.4453125 -16315.3535156 -17651.6796875 -16414.2714844 -16728.7714844
-17208.2421875 -16976.5175781 -17967.4160156 -17365.8593750 -16830.7558594 -17820.1035156 -16868.2207031 -16926.5351562
-17111.3476562 -16767.0332031 -17827.0957031 -17259.8828125 -16279.7753906 -17716.9277344 -16415.4472656 -16833.0917969
-17060.1308594 -16767.0195312 -17785.6992188 -17165.2890625 -16557.6816406 -17607.6640625 -16464.8437500 -16893.7011719
-16742.4765625 -16469.9433594 -17403.1132812 -16854.2871094 -16244.4912109 -17463.9648438 -16313.1777344 -16593.2851562
-17985.9570312 -18242.0136719 -17839.0351562 -17739.6679688 -18584.9414062 -17416.9785156 -18262.6503906 -18107.0175781
-18476.1035156 -18603.1484375 -18310.6855469 -18217.8515625 -18935.7167969 -17932.8906250 -18602.2246094 -18586.0058594
-18090.9687500 -18547.7031250 -18088.0664062 -17998.3808594 -18779.6152344 -17646.4863281 -18480.8750000 -18429.8320312
-16817.8984375 -16612.6152344 -17777.6152344 -17066.4003906 -16612.6132812 -17462.5117188 -16489.0937500 -16700.3945312
-18542.0488281 -18796.6523438 -18406.3007812 -18234.5703125 -19098.9570312 -17900.0683594 -18746.3730469 -18634.1992188
-16694.8046875 -16456.9863281 -17605.1328125 -16891.8300781 -16271.5771484 -17433.9453125 -16297.5332031 -16564.1367188
-18367.5976562 -18732.5800781 -17909.5937500 -18120.2304688 -18986.3046875 -17914.5351562 -18685.0253906 -18490.7500000
-19361.0996094 -19657.9628906 -18926.5488281 -19004.6660156 -19782.7324219 -18942.9921875 -19567.3945312 -19481.0937500
-18155.4628906 -18469.8652344 -17755.7207031 -17819.1386719 -18721.8046875 -17800.2089844 -18354.5898438 -18314.2167969
-18125.7148438 -18482.5722656 -17614.2519531 -17669.3359375 -18873.0546875 -17602.1250000 -18452.4101562 -18117.6562500
-19396.9589844 -19588.9726562 -18976.1425781 -19148.8847656 -19863.6230469 -19078.2031250 -19598.2929688 -19397.1835938
-18943.8125000 -19374.6464844 -19026.9785156 -18854.7011719 -19522.7617188 -18900.8710938 -19301.0820312 -19090.4062500
-19854.5800781 -20033.9980469 -19577.6660156 -19642.8906250 -20218.5742188 -19595.7421875 -20012.3808594 -19951.7910156
-18530.2539062 -18852.0332031 -18160.0878906 -18185.3808594 -19128.2070312 -18123.8808594 -18823.8046875 -18692.8437500
-18956.2128906 -19177.2832031 -18565.8847656 -18632.4160156 -19472.6054688 -18697.8007812 -19201.5742188 -18942.7421875
-18495.0039062 -18663.6230469 -18047.0585938 -18133.8281250 -18931.8183594 -18100.0507812 -18707.9140625 -18517.5507812
-18599.7402344 -18948.3867188 -18139.8183594 -18343.4843750 -19228.8339844 -18095.1914062 -18876.2343750 -18681.6132812
-18933.1230469 -19208.2734375 -18623.8085938 -18609.0800781 -19461.7500000 -18433.8847656 -19168.2519531 -19081.4160156
-19049.1640625 -19362.4121094 -18771.4492188 -18874.8476562 -19492.4023438 -18715.5351562 -19274.6152344 -19083.9492188
-18922.8378906 -19215.6367188 -18640.4960938 -18673.4687500 -19448.5488281 -18621.2832031 -19205.4179688 -19163.1894531
-20105.1523438 -20359.4121094 -19835.6699219 -19909.9316406 -20590.3339844 -19715.4589844 -20422.7812500 -20217.6699219
-19617.1054688 -19825.2871094 -19254.9394531 -19415.4960938 -20085.1523438 -19230.5195312 -19857.4003906 -19675.5761719
-18404.8574219 -18763.0957031 -17843.6718750 -18152.2421875 -18995.0898438 -17827.8984375 -18770.5742188 -18424.7988281
-18563.3007812 -18999.7207031 -18147.7070312 -18290.7949219 -19267.3242188 -18289.9980469 -18953.4257812 -18740.9101562
-19192.8378906 -19515.9667969 -18911.0507812 -18926.7070312 -19718.9804688 -18945.9335938 -19503.0761719 -19309.3046875
-19229.6054688 -19516.6582031 -18936.3867188 -19121.7070312 -19694.3164062 -19018.9003906 -19509.8339844 -19332.9843750
-16606.6347656 -16454.0566406 -17325.4316406 -16857.0605469 -16040.6455078 -17196.1347656 -16154.3564453 -16368.4121094
-16911.2851562 -16853.9121094 -17668.4414062 -17182.9667969 -16462.1738281 -17550.1328125 -16438.7343750 -16769.0488281
-19060.1152344 -19006.9082031 -19266.5351562 -18923.9472656 -19007.4414062 -19073.6191406 -18849.4003906 -18995.1992188
-18960.4687500 -18785.6250000 -19603.0781250 -19063.0039062 -18512.0410156 -19513.2285156 -18561.9511719 -18841.7187500
-18553.5527344 -18411.4257812 -19285.7460938 -18750.1621094 -18225.5585938 -19099.1484375 -18246.7734375 -18436.2246094
-17753.3535156 -17600.2187500 -18410.4648438 -17992.9511719 -17293.9472656 -18351.5898438 -17372.8632812 -17636.2148438
-17398.6523438 -17313.4257812 -18115.5605469 -17623.2734375 -17044.9746094 -18044.2578125 -17012.8789062 -17321.5957031
-17182.3027344 -16991.6054688 -17815.4648438 -17301.9296875 -16798.6503906 -17725.6875000 -16714.5136719 -17033.6113281
-17099.1640625 -16831.8144531 -17943.3828125 -17221.5410156 -16634.7304688 -17789.5703125 -16705.4960938 -16941.2246094
-17662.2050781 -17488.9609375 -18350.4824219 -17905.2578125 -17334.6523438 -18249.3359375 -17272.5000000 -17467.0878906
-18134.8593750 -18134.6445312 -18842.0273438 -18472.0722656 -17766.3242188 -18700.0800781 -17771.5039062 -18022.4589844
-15324.9365234 -15017.2724609 -16348.3427734 -15692.7402344 -14814.2685547 -16124.4951172 -14761.5878906 -15087.5527344
-16926.0136719 -16722.5625000 -17742.1523438 -17156.7343750 -16330.8027344 -17528.2207031 -16296.7031250 -16805.3027344
-16979.3281250 -16717.1503906 -17803.5156250 -17200.8261719 -16460.1386719 -17612.0234375 -16111.0136719 -16811.9550781
-17427.0605469 -17323.3437500 -18227.5644531 -17596.6015625 -17042.5546875 -17941.1542969 -17014.8261719 -17350.3144531
-15786.6845703 -15497.4062500 -16791.3359375 -16061.4638672 -15414.2558594 -16476.8125000 -15209.2119141 -15595.3173828
-16541.4628906 -16239.2353516 -17540.7597656 -16720.7656250 -15937.5048828 -17285.8652344 -16021.2177734 -16397.4296875
-15838.3525391 -15504.9375000 -16763.0175781 -16127.4658203 -15317.7890625 -16572.3007812 -15344.8173828 -15574.7412109
-16180.0087891 -15948.9179688 -16991.5156250 -16408.7890625 -15715.7011719 -16785.7773438 -15696.1250000 -16087.0400391
-16953.5820312 -16888.1445312 -17927.0000000 -17263.5839844 -16591.3613281 -17653.4667969 -16437.7011719 -16919.3554688
-17492.8300781 -17438.6230469 -18307.3671875 -17653.4648438 -17164.0781250 -18014.0488281 -17274.6484375 -17374.4667969
-16542.1250000 -16346.9052734 -17486.1015625 -16818.9316406 -16030.5996094 -17290.8710938 -16151.3935547 -16478.7363281
-17963.3593750 -17901.3769531 -18791.4902344 -18173.8789062 -17662.1699219 -18662.8632812 -17653.2421875 -18036.6269531
-17109.8828125 -17019.3105469 -18021.9785156 -17398.9980469 -16876.1367188 -17826.6347656 -16950.6230469 -17218.2734375
-17614.9023438 -17360.7675781 -18343.0664062 -17787.8964844 -17407.9218750 -18130.5996094 -17376.5117188 -17427.1914062
-16600.4433594 -16340.8505859 -17650.0234375 -16910.4472656 -16110.1894531 -17367.2460938 -16095.8574219 -16458.4511719
-16705.9082031 -16604.8886719 -17546.3710938 -17032.3574219 -16223.2871094 -17498.0117188 -16283.5566406 -16573.8398438
-16564.4589844 -16391.8691406 -17435.3847656 -16719.7500000 -15691.5097656 -17363.4023438 -15997.7421875 -16445.8007812
-17940.2597656 -17531.2656250 -18477.5976562 -18009.6210938 -17485.7968750 -18382.3242188 -17464.2480469 -17682.0410156
-17720.5058594 -17513.3652344 -18387.5976562 -17878.6816406 -17230.0195312 -18245.2792969 -17247.4335938 -17525.4082031
-17467.1132812 -17271.6777344 -18154.5878906 -17523.7539062 -16990.1816406 -17963.7558594 -16945.1875000 -17330.0566406
-17241.7734375 -17300.9160156 -17769.0546875 -17301.7734375 -16892.6855469 -17503.5253906 -16936.1074219 -17137.4687500
-17479.9277344 -17564.9941406 -18165.8359375 -17633.9570312 -17771.6230469 -18042.1230469 -17599.6718750 -17204.5253906
-15684.7031250 -15630.7666016 -16608.1386719 -16044.8691406 -16112.4091797 -16417.6113281 -15870.1416016 -15460.2216797
-16974.1914062 -16847.6992188 -17771.7695312 -17120.7988281 -17247.0957031 -17576.1035156 -17048.0039062 -16730.0449219
-16507.6210938 -16484.5742188 -17436.8613281 -16854.5820312 -16660.0527344 -17271.7968750 -16547.4863281 -16188.9531250
-16628.0000000 -16138.2324219 -17406.7832031 -16774.5937500 -16547.3535156 -17192.3085938 -16420.8769531 -16335.2226562
-16886.8300781 -16939.6796875 -17516.6445312 -16906.1601562 -17174.2050781 -17225.2207031 -17004.6015625 -16804.0507812
-16361.3398438 -16149.8300781 -17111.8105469 -16425.3085938 -16624.7714844 -16978.2714844 -16373.1757812 -16170.9189453
-17011.7187500 -17018.6855469 -17770.6835938 -17183.1679688 -17242.6386719 -17527.7597656 -17152.6406250 -16805.7187500
-18213.7773438 -18111.8417969 -18801.9687500 -18330.6484375 -18430.7558594 -18624.8183594 -18286.7871094 -17977.0039062
-17002.7109375 -16997.5625000 -17807.3203125 -17272.8125000 -17192.5351562 -17660.6718750 -16948.8671875 -16590.5898438
-17850.2910156 -17913.4023438 -18693.1816406 -18109.2851562 -18083.6835938 -18400.7441406 -17977.6289062 -17644.9570312
-16841.9023438 -16511.7187500 -17671.2441406 -16973.8125000 -16346.7753906 -17383.0703125 -16246.8193359 -16548.4550781
-16729.4804688 -16526.8515625 -17480.4414062 -17013.1113281 -16952.2714844 -17339.2851562 -16695.8710938 -16622.3320312
-16491.5332031 -16467.4179688 -17366.9042969 -16583.6835938 -16815.8554688 -17107.6132812 -16590.6328125 -16168.9316406
-16435.4179688 -16132.5078125 -17307.9667969 -16631.9941406 -16330.2246094 -16888.8515625 -16118.9345703 -16147.4570312
-17324.3085938 -17099.4062500 -17956.5605469 -17329.7773438 -17439.2812500 -17759.3906250 -17231.5332031 -17035.3574219
-18047.8574219 -18116.3828125 -18621.4746094 -18152.5742188 -18198.4726562 -18355.8144531 -18054.8457031 -17850.0214844
-16934.8437500 -16880.0136719 -17737.0957031 -17083.6035156 -17139.1718750 -17664.2070312 -16961.8886719 -16660.8476562
-18644.7011719 -18669.0507812 -19181.5507812 -18683.4492188 -18893.8164062 -18894.7773438 -18716.6777344 -18612.2695312
-18031.8476562 -18000.2929688 -18701.7441406 -18254.9433594 -18182.2109375 -18568.3496094 -17968.9765625 -17653.6250000
-16273.8583984 -15877.4218750 -16988.5664062 -16365.0068359 -16293.1601562 -16801.3652344 -16056.8300781 -15967.9326172
-17052.2578125 -16936.1445312 -17871.3027344 -17218.1972656 -17310.3203125 -17702.0878906 -16974.5000000 -16892.3183594
-16609.7617188 -16448.1621094 -17530.7832031 -16873.8164062 -16788.6035156 -17197.6660156 -16544.7617188 -16584.0898438
-17424.6367188 -17277.9648438 -18035.9746094 -17561.4179688 -17478.2714844 -17976.3554688 -17428.1347656 -17239.5585938
-17813.9472656 -17619.5527344 -18675.2675781 -18048.1464844 -17893.6562500 -18494.2695312 -17807.9335938 -17639.7402344
-17154.8281250 -16925.8242188 -17726.1269531 -17258.2265625 -17297.2929688 -17616.9101562 -17208.6347656 -16973.6542969
-18224.9511719 -18115.7011719 -18805.5019531 -18426.1484375 -18263.3710938 -18802.8457031 -18121.8085938 -17934.3867188
-17752.9003906 -17696.7050781 -18378.6562500 -17787.6015625 -17888.0820312 -18175.6367188 -17650.9746094 -17523.1660156
-16484.1132812 -15964.5927734 -17344.4628906 -16799.9257812 -16392.6152344 -17238.1015625 -16234.9941406 -16315.5009766
-16185.1943359 -15728.2646484 -17173.6601562 -16601.5625000 -16196.9033203 -17204.4882812 -16010.6142578 -16077.9277344
-16299.0810547 -15769.6445312 -17193.8125000 -16538.6093750 -16224.0068359 -17077.8554688 -16075.3574219 -16051.2187500
-18003.3242188 -17494.2519531 -18647.9003906 -18177.2714844 -17935.0839844 -18544.1660156 -17816.4648438 -17853.5117188
-17574.8828125 -17196.9355469 -18250.5683594 -17692.1953125 -17070.4570312 -18181.6992188 -17109.2890625 -17358.7773438
-16489.2128906 -16048.4150391 -17404.7753906 -16723.5917969 -16561.5722656 -17201.4921875 -16325.8242188 -16322.2353516
-16897.2363281 -16878.7890625 -17738.6640625 -17128.8984375 -16566.3339844 -17624.6582031 -16618.7929688 -16823.6269531
-17140.1210938 -16746.6542969 -17758.3027344 -17234.2421875 -17125.5585938 -17692.7441406 -17019.6582031 -16978.3691406
-18925.4316406 -18814.1464844 -19390.0566406 -19067.3125000 -18603.4746094 -19410.1484375 -18672.0039062 -18849.1406250
-17125.2558594 -16830.8164062 -17959.4160156 -17424.1210938 -17174.9765625 -17705.5000000 -17051.8867188 -17144.4882812
-18063.4082031 -17353.5625000 -18669.9433594 -18258.3847656 -18064.2480469 -18653.4394531 -17884.1855469 -17912.8085938
-18051.0527344 -17673.8046875 -18763.0468750 -18328.2167969 -18175.0117188 -18634.9570312 -17937.8632812 -17941.9238281
-18585.6347656 -18201.9843750 -19221.0683594 -18698.7343750 -18693.6679688 -19007.2988281 -18583.8906250 -18517.5332031
-19118.1171875 -19453.5410156 -19009.2636719 -18873.8027344 -19679.2968750 -18599.7656250 -19313.2675781 -19267.3671875
-18036.6328125 -17590.4882812 -18779.4882812 -18162.6074219 -17973.0625000 -18671.4023438 -17886.5000000 -17785.6582031
-18972.5664062 -18959.4218750 -19617.2480469 -19210.0292969 -18677.8183594 -19385.3515625 -18749.6699219 -18885.1796875
-19316.0273438 -19603.0625000 -19064.9511719 -19059.3964844 -19809.7968750 -18898.2910156 -19587.4511719 -19402.3867188
-18815.7246094 -18464.0429688 -19367.6132812 -18919.9199219 -18817.4902344 -19310.0195312 -18710.8593750 -18707.0097656
-19416.5390625 -19085.4726562 -20078.2031250 -19561.2167969 -19379.1054688 -19876.7460938 -19304.9609375 -19325.6152344
-18530.8378906 -18751.6796875 -18589.1601562 -18455.2011719 -18917.3886719 -18395.8320312 -18660.1757812 -18623.2792969
-18638.9023438 -18244.0488281 -19266.5136719 -18749.6132812 -18546.6015625 -19025.7441406 -18436.2011719 -18459.4824219
-18312.4433594 -18103.4589844 -19093.0527344 -18456.5742188 -17912.7949219 -18866.9980469 -18007.3007812 -18248.7070312
-18198.5039062 -18501.7539062 -18757.0722656 -18291.2128906 -18518.8906250 -18697.9335938 -18353.0605469 -18250.6269531
-18410.3671875 -18136.5957031 -19049.1191406 -18521.4687500 -17918.5937500 -18893.0292969 -17944.0136719 -18205.3750000
-19208.2324219 -18860.1328125 -19756.2812500 -19355.9238281 -19257.0175781 -19668.7109375 -19097.8593750 -19154.9023438
-18987.0546875 -19323.0253906 -19001.8632812 -18900.7500000 -19573.9550781 -18501.8828125 -19309.6152344 -19247.5000000
-19690.4296875 -19927.8476562 -19341.3359375 -19363.9648438 -20153.3359375 -19143.2734375 -19866.1308594 -19814.8613281
-18921.3789062 -19248.2402344 -18766.8183594 -18706.4375000 -19516.5527344 -18358.3964844 -19243.2890625 -19027.1855469
-18800.7753906 -19120.7871094 -19009.1562500 -18696.1582031 -19269.6777344 -18728.4433594 -19010.9628906 -18921.3027344
-17336.8007812 -17527.9472656 -17714.0820312 -17348.2675781 -17756.6308594 -17644.7402344 -17567.2109375 -17417.4960938
-18200.7207031 -18665.6386719 -17925.3417969 -18047.6855469 -18935.5351562 -17390.6582031 -18640.3886719 -18374.9746094
-18910.8164062 -19277.9492188 -18798.3808594 -18783.5664062 -19532.1933594 -18571.8222656 -19334.7949219 -19071.1660156
-18701.1035156 -18129.2539062 -19354.5117188 -18682.1855469 -18602.7734375 -19153.4101562 -18436.5761719 -18466.1972656
-18677.7187500 -18476.5761719 -19385.2363281 -18865.5390625 -18678.7246094 -19249.3125000 -18566.5097656 -18694.1914062
-18252.1464844 -18136.6132812 -18954.0429688 -18433.7871094 -17933.5507812 -18692.6835938 -17953.8730469 -18123.6679688
-17413.8593750 -16821.6250000 -18186.8593750 -17478.6503906 -17336.5058594 -17937.2285156 -17108.8378906 -17191.1582031
-18563.9062500 -18370.9238281 -19246.3476562 -18687.2382812 -18212.1835938 -19000.1191406 -18240.0390625 -18394.8203125
-17394.4003906 -17281.6718750 -18176.9687500 -17582.2949219 -17112.6171875 -17969.5625000 -17042.5468750 -17360.6250000
-18804.8496094 -19040.2089844 -18566.2773438 -18644.1953125 -19244.6132812 -18356.3535156 -19050.6875000 -18873.8222656
-18080.7675781 -18455.5664062 -17806.5371094 -17836.5625000 -18754.1015625 -17452.5996094 -18407.7265625 -18363.1230469
-18517.4609375 -18811.4667969 -18332.6269531 -18175.7988281 -19102.3359375 -17806.0917969 -18822.2500000 -18600.0449219
-18287.0097656 -17930.8125000 -18933.7968750 -18528.0019531 -18391.6152344 -18875.1210938 -18238.9667969 -18236.9824219
-19296.8789062 -19191.1738281 -19869.5078125 -19490.3320312 -18982.6445312 -19655.6914062 -18985.0332031 -19183.4628906
-18754.3359375 -19228.2441406 -18513.1738281 -18493.8320312 -19649.3750000 -18051.3496094 -19247.4238281 -19011.5332031
-18271.2031250 -17841.8925781 -19004.7539062 -18516.0332031 -18175.6679688 -18747.1699219 -18058.3359375 -18120.0839844
-19054.7207031 -19327.7949219 -18989.1250000 -18868.3828125 -19634.2519531 -18622.1035156 -19455.8457031 -19281.3730469
-17854.7851562 -17259.6992188 -18483.4609375 -17885.3203125 -17853.4062500 -18287.5292969 -17737.5585938 -17659.1953125
-19150.4296875 -19519.2539062 -18713.0585938 -18856.8554688 -19736.9472656 -18635.5000000 -19515.9843750 -19336.4628906
-18406.7578125 -18796.5468750 -18182.4628906 -18147.0722656 -19057.6972656 -17671.6386719 -18760.1582031 -18603.1035156
-19385.8417969 -19785.8105469 -19124.1816406 -19046.2265625 -20032.0898438 -18733.7812500 -19687.9531250 -19570.7695312
