-16503.4335938 -16825.7714844 -17258.0722656 -16716.0273438 -16979.6347656 -17173.4921875 -16757.2675781 -16494.1816406
-16974.5683594 -17086.4863281 -17658.3203125 -17231.4863281 -17327.2792969 -17634.5507812 -17064.1171875 -16825.0371094
-17409.9531250 -17882.0546875 -17960.8515625 -17581.9140625 -18065.7734375 -18003.9648438 -17820.4062500 -17559.6113281
-17279.1757812 -17416.2031250 -17882.0800781 -17422.7636719 -17638.3925781 -17861.8164062 -17400.1464844 -17059.3378906
-17936.2617188 -18062.8652344 -18498.7792969 -18076.3007812 -18289.0859375 -18425.7734375 -18091.7226562 -17934.3710938
-16716.5742188 -16878.5566406 -17582.9765625 -16876.9101562 -17174.3925781 -17523.5839844 -16803.9394531 -16627.4414062
-17816.0878906 -17993.6289062 -18344.2910156 -17891.6367188 -18278.0332031 -18184.2128906 -18084.1796875 -17811.3417969
-16047.0341797 -16351.6660156 -16913.2675781 -16412.2871094 -16581.1777344 -16705.2675781 -16386.1171875 -16232.0136719
-16305.3574219 -16895.1425781 -17145.5761719 -16585.4121094 -16932.9042969 -16845.2285156 -16754.0488281 -16417.1542969
-16568.0078125 -16953.2148438 -17212.6230469 -16773.2910156 -17173.2441406 -17115.3359375 -16910.5312500 -16560.5937500
-16092.0957031 -16383.2089844 -16994.6406250 -16519.1250000 -16735.7089844 -16785.6621094 -16429.1640625 -16141.4433594
-16447.6582031 -16458.9804688 -17129.7675781 -16610.6152344 -16802.4140625 -16949.8515625 -16596.1816406 -16225.0966797
-16438.2324219 -16498.8867188 -17286.5761719 -16593.1699219 -16703.2050781 -17094.7519531 -16568.8593750 -16256.7548828
-16312.1318359 -16438.2910156 -16970.6406250 -16419.2207031 -16769.6132812 -16937.2207031 -16465.8574219 -16388.4882812
-16710.5253906 -16763.6015625 -17538.0175781 -16901.8769531 -17111.2968750 -17425.7402344 -16723.2187500 -16543.5078125
-16369.0019531 -16487.2246094 -17092.3261719 -16567.7617188 -16808.3085938 -17044.0839844 -16542.6386719 -16480.9082031
-17891.7890625 -18038.6953125 -18488.8808594 -18043.9042969 -18273.6132812 -18322.0722656 -18075.6640625 -17871.1386719
-16797.9960938 -17087.7324219 -17373.0273438 -17003.0000000 -17263.1777344 -17381.1953125 -17158.1406250 -16773.1152344
-16521.4042969 -16846.9804688 -17305.3339844 -16755.6757812 -17010.6601562 -17210.5644531 -16822.4726562 -16563.0976562
-16781.6289062 -17031.0273438 -17372.4726562 -16938.1953125 -17354.8671875 -17467.0898438 -16945.9492188 -16667.3750000
-16874.1738281 -17093.6464844 -17465.2226562 -17005.0097656 -17443.1562500 -17347.9335938 -17183.5546875 -17044.3515625
-16740.1035156 -16880.8613281 -17472.6464844 -16882.7460938 -16951.2187500 -17317.3300781 -16763.0000000 -16606.2441406
-16435.2753906 -16548.5957031 -17444.9531250 -16643.3574219 -16703.0214844 -17280.7792969 -16682.3984375 -16256.4355469
-16860.0683594 -16956.4843750 -17700.7773438 -16980.7031250 -17243.7578125 -17433.8027344 -16978.1464844 -16843.6191406
-16552.3320312 -16728.0976562 -17342.8593750 -16687.5937500 -16875.8496094 -17178.4238281 -16735.6328125 -16504.9296875
-16161.0761719 -16695.5898438 -17153.5488281 -16746.6328125 -17024.0214844 -17113.8691406 -16731.1796875 -16413.2031250
-16641.5664062 -16811.7128906 -17491.7812500 -16848.6093750 -17043.8593750 -17268.6582031 -16882.0917969 -16515.9609375
-16698.0781250 -17083.4824219 -17390.5781250 -16954.0898438 -17354.3164062 -17391.6054688 -17016.8925781 -16756.0273438
-15827.0449219 -16077.2333984 -16628.1152344 -16029.5859375 -16367.1894531 -16373.2695312 -16062.8623047 -15716.6855469
-16016.6054688 -16128.1787109 -16777.5136719 -16172.3349609 -16392.1093750 -16630.2050781 -16227.0537109 -15913.1484375
-16273.3398438 -16641.5292969 -17148.6484375 -16535.6601562 -16860.0742188 -16936.7011719 -16622.4707031 -16485.6113281
-16533.9453125 -16707.4335938 -17366.7382812 -16697.2343750 -17116.5546875 -17187.7148438 -16774.2949219 -16453.7324219
-16806.2070312 -16975.3945312 -17518.2890625 -16947.2089844 -17264.5703125 -17390.7265625 -17148.8398438 -16701.4062500
-16559.7949219 -16953.7871094 -17305.1933594 -16731.1582031 -17036.0664062 -17222.3046875 -16893.5507812 -16526.8378906
-16902.7070312 -17102.0878906 -17476.2382812 -17046.8574219 -17443.0175781 -17410.3437500 -17101.9824219 -16854.1406250
-16986.1152344 -17482.7617188 -17990.6718750 -17424.4375000 -17677.1406250 -17742.8750000 -17598.8652344 -17280.2011719
-17014.5156250 -17253.9062500 -17961.5546875 -17315.7753906 -17543.9257812 -17732.4218750 -17343.7011719 -17003.7578125
-17251.7304688 -17641.9746094 -17885.3164062 -17360.9980469 -17946.6953125 -17818.1210938 -17593.1953125 -17377.4042969
-16738.3144531 -17086.6250000 -17447.8867188 -16965.4570312 -17422.1738281 -17432.7285156 -17155.8574219 -16944.0859375
-17352.2480469 -17491.0507812 -18050.1582031 -17546.1406250 -17600.6953125 -17933.8789062 -17538.9726562 -17329.6601562
-17371.4355469 -17481.8750000 -17870.4941406 -17500.3769531 -17827.1386719 -17785.9003906 -17573.4492188 -17302.5937500
-17590.9941406 -17495.5585938 -18099.5039062 -17737.6308594 -17853.0507812 -17997.1093750 -17619.2656250 -17387.5351562
-16875.7578125 -16983.4355469 -17646.8691406 -16954.8535156 -17263.8105469 -17449.4316406 -17049.1308594 -16875.5839844
-16848.5957031 -16905.3144531 -17424.3046875 -16844.7285156 -16984.5468750 -17326.9257812 -16875.7734375 -16460.8906250
-16478.9863281 -16642.9082031 -17266.1679688 -16804.6210938 -16953.0019531 -17182.5878906 -16723.4414062 -16597.4199219
-17095.9433594 -17694.3476562 -17418.0625000 -17228.7832031 -17981.4824219 -17323.4433594 -17728.3027344 -17519.1113281
-16740.2656250 -16824.3046875 -17557.7070312 -16964.4453125 -17155.8007812 -17354.3359375 -16950.9843750 -16706.1171875
-17045.2402344 -17389.1035156 -17796.8808594 -17284.3183594 -17525.9101562 -17818.6914062 -17362.1054688 -17207.7812500
-16947.4726562 -17142.8144531 -17558.9316406 -17073.9277344 -17453.3984375 -17435.7167969 -17195.2109375 -17020.6347656
-16621.7812500 -16742.5859375 -17375.0078125 -16808.2519531 -17218.2500000 -17180.9667969 -16948.8242188 -16639.2109375
-16984.5371094 -17078.1035156 -17659.1171875 -17165.6855469 -17284.3710938 -17517.5605469 -17136.7460938 -16858.6113281
-18010.8417969 -18167.1152344 -18472.2460938 -18083.5214844 -18490.6386719 -18458.5058594 -18183.2070312 -17978.7382812
-17880.8593750 -17964.8496094 -18538.7636719 -18108.3417969 -18142.0097656 -18376.0878906 -18008.2871094 -17678.8886719
-18336.7187500 -18627.8632812 -18839.9843750 -18507.1660156 -18821.0527344 -18769.6191406 -18573.5117188 -18275.6132812
-18195.5234375 -18164.3066406 -18798.8867188 -18399.7050781 -18456.7226562 -18740.4785156 -18323.9394531 -18050.2656250
-17076.7285156 -17128.2402344 -17652.1074219 -17119.5996094 -17313.6445312 -17637.6875000 -17207.8105469 -16923.1308594
-16740.8691406 -16971.6777344 -17523.2988281 -16934.5976562 -17252.6621094 -17288.2539062 -17031.6152344 -16755.9746094
-17767.3574219 -18028.8945312 -18417.0546875 -17903.6582031 -18209.8027344 -18259.5371094 -18018.7949219 -17796.6171875
-17533.9199219 -17611.6328125 -18375.1347656 -17761.6640625 -17881.0585938 -18145.1308594 -17643.5156250 -17588.8691406
-17348.2753906 -17532.0957031 -17755.2949219 -17297.6835938 -17757.7500000 -17431.3222656 -17548.8789062 -17257.6464844
-17252.8437500 -17473.9296875 -17850.7812500 -17403.6738281 -17653.9062500 -17778.4394531 -17443.9023438 -17193.6601562
-17052.6054688 -17103.7109375 -17604.4531250 -17153.1875000 -17375.0820312 -17612.2089844 -17208.2968750 -16912.8710938
-17021.6289062 -17340.5546875 -17769.6953125 -17290.9960938 -17530.4804688 -17628.5820312 -17341.0839844 -17171.3281250
-17403.4609375 -17411.9667969 -18154.6484375 -17673.8105469 -17613.0722656 -18016.8730469 -17418.7070312 -17110.6347656
-17313.4101562 -17498.9941406 -18084.8203125 -17612.3046875 -17765.6074219 -17888.8417969 -17554.6250000 -17193.9218750
-17251.5136719 -17329.1933594 -17876.9316406 -17413.4023438 -17530.7539062 -17800.5917969 -17344.9355469 -17153.5781250
-17844.7011719 -18194.3945312 -18207.9003906 -17835.4199219 -18599.7519531 -18127.1796875 -18336.5429688 -18075.1367188
-17520.8808594 -17952.1425781 -18212.3535156 -17769.3574219 -18208.6542969 -18050.1757812 -17893.3437500 -17566.9667969
-17327.1875000 -17387.0234375 -18028.1425781 -17507.6308594 -17555.0136719 -17978.8945312 -17439.7617188 -17276.8593750
-17971.3671875 -18028.1972656 -18618.3417969 -18042.0898438 -18261.9316406 -18379.6796875 -18151.0898438 -17860.9589844
-17548.8730469 -17644.5195312 -18252.9335938 -17716.2617188 -17912.2500000 -18132.3242188 -17676.2773438 -17530.0273438
-17187.5156250 -17410.0429688 -17900.1894531 -17328.3359375 -17605.1601562 -17717.4941406 -17347.8789062 -17074.5527344
-17148.8339844 -17415.7265625 -17784.3593750 -17278.0468750 -17678.2265625 -17585.9199219 -17442.9882812 -17297.9785156
-16874.3867188 -16922.3320312 -17629.2910156 -17133.4394531 -17221.3046875 -17568.7812500 -17103.2382812 -16649.1035156
-16543.0175781 -16808.7382812 -17316.1054688 -16615.0468750 -16974.8066406 -17071.2753906 -16840.1718750 -16480.7500000
-16869.0449219 -16929.7792969 -17547.3671875 -16940.1230469 -17160.9628906 -17369.5312500 -16806.0449219 -16568.6738281
-17419.2636719 -17422.6835938 -18134.3398438 -17520.8164062 -17706.3007812 -17952.8281250 -17441.9296875 -17336.5273438
-17350.2851562 -17458.7070312 -18114.3554688 -17519.8593750 -17521.9941406 -17954.4218750 -17444.0761719 -17046.3417969
-17274.3398438 -17430.9628906 -17901.5859375 -17362.9863281 -17725.3847656 -17948.1679688 -17489.8886719 -17290.1718750
-17116.1347656 -17208.2558594 -17729.8398438 -17284.1875000 -17476.7968750 -17646.9511719 -17095.0117188 -17083.1972656
-17227.1347656 -17386.2402344 -17167.4589844 -16759.1523438 -17613.8476562 -17266.8593750 -17438.1191406 -17222.8437500
-17045.5253906 -17374.8730469 -17367.7617188 -16850.7558594 -17766.0312500 -17145.8320312 -17324.5820312 -17219.1660156
-17025.7207031 -17185.8066406 -17293.2597656 -16683.9902344 -17558.2285156 -17139.4414062 -17236.1386719 -17198.6093750
-18500.4628906 -18831.0761719 -18751.8789062 -18292.6191406 -19095.7851562 -18653.8105469 -18851.8007812 -18692.8906250
-17431.4257812 -17857.7363281 -17705.4453125 -17200.5332031 -18244.7011719 -17658.0585938 -17937.6113281 -17643.4453125
-17482.5097656 -17752.4941406 -17434.8906250 -17102.5000000 -18112.7050781 -17492.4687500 -17833.0605469 -17680.8339844
-17703.8554688 -17853.8183594 -17688.1113281 -17136.8144531 -18082.7207031 -17624.9980469 -17847.5859375 -17709.8417969
-16977.7734375 -17350.8574219 -17110.3398438 -16537.1210938 -17642.7558594 -16917.7421875 -17357.9570312 -17056.0683594
-16817.8085938 -17045.5507812 -17032.4003906 -16385.9785156 -17352.0566406 -16783.7226562 -17131.7421875 -16752.7402344
-16425.2011719 -16678.5234375 -16645.1484375 -15956.1787109 -16968.5117188 -16552.0976562 -16665.6562500 -16514.6835938
-17225.1582031 -17543.4667969 -17189.0468750 -16624.4707031 -17928.3515625 -17103.1191406 -17577.1582031 -17274.9492188
-17351.6523438 -17745.4296875 -17370.6972656 -16967.7558594 -18191.7207031 -17523.5957031 -17847.3906250 -17376.5742188
-15955.8066406 -16083.3681641 -16366.3193359 -15914.4931641 -16384.5488281 -16231.7851562 -16147.0292969 -15995.0312500
-18038.2070312 -18459.8320312 -18470.3085938 -17862.9277344 -18658.4492188 -18243.5156250 -18468.8222656 -18211.3105469
-17244.9726562 -17520.0390625 -17220.7246094 -16948.7636719 -17768.1621094 -17238.6367188 -17522.0878906 -17281.8867188
-17941.7519531 -18284.7050781 -18064.4980469 -17723.4335938 -18655.2343750 -18050.5839844 -18287.3593750 -18084.9941406
-17837.3144531 -18139.4257812 -17959.7910156 -17434.3300781 -18450.4531250 -17824.2070312 -18140.2226562 -17882.3730469
-16991.0839844 -17218.1171875 -17148.5019531 -16644.6718750 -17561.7441406 -17110.4863281 -17367.8925781 -17111.9765625
-16805.0039062 -17089.4707031 -17077.9531250 -16515.1855469 -17276.5175781 -17000.3339844 -16974.3867188 -16811.6152344
-17292.3457031 -17609.1328125 -17466.4882812 -16805.7343750 -17865.8144531 -17271.2949219 -17561.4121094 -17399.4765625
-18357.6640625 -18720.9609375 -17485.9238281 -18076.8652344 -18963.6835938 -18115.4746094 -18750.5878906 -18499.9628906
-18029.5312500 -18440.3593750 -17213.8144531 -17662.3437500 -18814.2363281 -17733.2480469 -18441.2441406 -18176.1445312
-18268.5429688 -18672.4355469 -17337.9531250 -18107.9667969 -18961.8457031 -18022.6386719 -18659.9335938 -18478.2167969
-19591.7011719 -19925.0390625 -18985.9375000 -19334.2246094 -20123.0214844 -19432.6777344 -19876.5390625 -19754.6972656
-17785.6054688 -18191.5000000 -17250.5117188 -17519.8691406 -18593.3476562 -17282.3281250 -18162.7363281 -18020.8378906
-18818.9570312 -19192.2441406 -18059.9199219 -18614.1757812 -19456.5664062 -18737.5722656 -19187.8183594 -19038.5722656
-19017.8125000 -19390.7558594 -18080.4121094 -18782.2070312 -19710.3593750 -18717.0664062 -19402.9843750 -19177.7929688
-18561.0488281 -18945.1425781 -18125.5644531 -18371.2675781 -19334.3691406 -18256.7050781 -18925.3925781 -18772.9121094
-19118.7128906 -19552.6679688 -18680.8320312 -18812.6914062 -19746.9824219 -18879.9824219 -19492.3320312 -19343.1542969
-18756.1015625 -19237.2871094 -18222.1972656 -18548.5605469 -19553.0722656 -18639.2734375 -19205.6660156 -19023.7734375
-17716.7070312 -18273.1972656 -16782.2734375 -17467.5917969 -18529.0371094 -17676.9902344 -18191.4609375 -17978.2988281
-17050.4042969 -16839.9082031 -17868.4433594 -17272.1855469 -16431.8144531 -17796.8027344 -16536.9179688 -16859.2460938
-17536.4042969 -17065.1035156 -18309.2597656 -17693.7695312 -17560.6171875 -18275.6757812 -17363.3417969 -17319.5136719
-18258.6054688 -17933.4882812 -18852.2167969 -18384.0996094 -17845.5488281 -18857.4687500 -17791.1582031 -18018.5527344
-18306.9003906 -18013.1738281 -18966.4238281 -18406.5195312 -18188.8828125 -18898.5410156 -18115.5292969 -18160.9101562
-18018.5976562 -17569.0605469 -18569.7089844 -18155.4121094 -17926.0039062 -18420.6640625 -17813.4980469 -17864.9785156
-17711.4726562 -17151.8964844 -18402.3183594 -17907.6386719 -17613.6132812 -18206.9121094 -17438.9726562 -17585.8457031
-16624.9667969 -16218.9228516 -17576.2812500 -16824.6816406 -16726.6894531 -17489.4414062 -16490.8593750 -16464.2109375
-18445.4980469 -18036.4179688 -19008.2773438 -18546.0976562 -18184.8222656 -18918.7109375 -18140.0742188 -18237.2167969
-16778.1093750 -16315.3398438 -17675.3476562 -17079.2324219 -16698.8496094 -17508.1796875 -16575.2929688 -16584.3222656
-17280.3437500 -16840.2851562 -17985.4296875 -17461.7343750 -17060.3476562 -17854.5937500 -17001.9941406 -17052.7460938
-17341.0175781 -16953.6347656 -18244.8750000 -17591.2910156 -17084.8105469 -17995.8027344 -17101.1835938 -17160.2871094
-16808.8945312 -16466.5117188 -17577.9589844 -16889.4296875 -16773.9804688 -17551.9433594 -16650.0468750 -16501.6210938
-17373.9550781 -17003.6152344 -18219.7636719 -17653.8183594 -17422.5937500 -18162.0058594 -17156.7851562 -17227.1445312
-17227.4394531 -16781.0371094 -18028.1601562 -17473.0332031 -16941.5585938 -17928.7070312 -16922.7812500 -17073.2890625
-16909.0429688 -16472.2656250 -17525.8515625 -17030.3046875 -16805.2265625 -17611.6132812 -16713.3593750 -16695.8339844
-16485.2050781 -16089.3300781 -17404.1386719 -16763.0566406 -16533.3906250 -17346.4296875 -16348.6660156 -16335.6875000
-16975.8808594 -16466.1347656 -17744.8515625 -17170.8769531 -16801.9492188 -17655.4726562 -16635.5722656 -16719.2734375
-16717.1191406 -16187.5166016 -17487.9492188 -16829.2441406 -16035.4746094 -17374.9941406 -15960.1494141 -16367.4931641
-17100.0019531 -16795.7226562 -17809.5390625 -17340.4238281 -16623.5546875 -17796.9550781 -16461.2324219 -16812.8320312
-17909.8066406 -17476.5292969 -18665.5683594 -18092.5800781 -17955.5039062 -18597.7148438 -17749.3515625 -17784.3945312
-16706.2890625 -16159.8740234 -17582.4082031 -16902.6796875 -16614.8105469 -17387.4511719 -16426.3300781 -16512.5976562
-17914.0527344 -17712.3574219 -18653.0937500 -18189.5371094 -17602.7187500 -18561.0683594 -17654.7968750 -17804.8945312
-17067.7539062 -16590.2636719 -17721.4160156 -17319.5703125 -16898.0781250 -17750.6796875 -16767.1054688 -16833.4941406
-16899.1406250 -16327.9375000 -17711.3437500 -17164.6054688 -16669.3125000 -17677.7675781 -16592.7773438 -16615.4570312
-17068.6406250 -16930.4667969 -17851.3632812 -17353.2636719 -16655.5078125 -17686.0937500 -16563.5566406 -16931.3515625
-15908.0507812 -15388.4882812 -16752.1445312 -16188.3486328 -15820.1523438 -16737.6289062 -15667.2763672 -15712.3750000
-15817.1835938 -15269.2158203 -16731.8691406 -16014.5410156 -15521.7539062 -16729.6308594 -15564.2109375 -15569.3339844
-15779.5166016 -15098.1279297 -16818.2656250 -16086.0410156 -15694.0546875 -16672.8437500 -15402.2148438 -15529.8095703
-16300.5175781 -15890.9482422 -17040.3867188 -16413.6269531 -15763.5214844 -17133.7636719 -15761.2763672 -15965.7675781
-18298.8925781 -18042.0800781 -18956.2441406 -18450.1445312 -17844.4218750 -18890.9863281 -17816.9453125 -18096.2792969
-17243.8203125 -17021.2519531 -17930.4941406 -17431.1718750 -16732.4218750 -17969.2070312 -16775.4355469 -17136.5683594
-18294.2167969 -17773.4882812 -18982.9824219 -18498.7109375 -18225.0742188 -18871.1132812 -18113.2890625 -18070.1562500
-16947.8398438 -16422.6679688 -17772.9453125 -17100.2031250 -16878.5585938 -17642.0175781 -16676.7812500 -16728.0605469
-16954.1972656 -16517.0273438 -17993.3007812 -17266.5292969 -16912.1035156 -17835.0000000 -16730.8417969 -16824.3789062
-17516.6015625 -17112.7011719 -18263.5058594 -17726.5468750 -17489.6972656 -18204.1796875 -17328.6894531 -17283.8007812
-16666.9042969 -16108.6259766 -17452.3750000 -16850.0703125 -16423.7441406 -17322.4062500 -16243.6865234 -16286.1748047
-16900.7441406 -16624.0664062 -17727.0585938 -17062.8261719 -16525.9960938 -17561.0390625 -16471.7480469 -16663.7617188
-16294.4052734 -15738.7441406 -16979.3437500 -16427.1347656 -16120.0390625 -16953.7617188 -16026.7304688 -15985.0537109
-16269.1816406 -15737.4296875 -17147.8242188 -16496.2421875 -16198.6611328 -17162.7363281 -15977.3544922 -15951.3056641
-16350.9257812 -15751.2480469 -17183.3691406 -16579.3144531 -16222.2822266 -17084.0117188 -15989.2392578 -15948.7958984
-17204.2597656 -16943.5390625 -18150.1484375 -17503.2851562 -17107.8671875 -18026.0703125 -16887.6621094 -17028.7851562
-17299.0683594 -16895.8769531 -18100.0781250 -17429.8339844 -16808.7382812 -17889.2050781 -16772.1289062 -17041.7851562
-16083.8535156 -15460.3437500 -16941.8632812 -16220.5488281 -15926.6572266 -16723.0507812 -15856.6689453 -15836.7236328
-16680.8535156 -16185.8046875 -17331.5000000 -16800.6816406 -16551.3652344 -17461.9003906 -16383.0468750 -16389.5234375
-16372.6015625 -15978.8125000 -17352.5683594 -16492.8320312 -15854.5712891 -17154.5898438 -15796.0107422 -16043.5117188
-15865.7412109 -15562.6035156 -16868.3437500 -16117.4355469 -15451.2060547 -16778.0039062 -15524.1718750 -15616.0185547
-16061.2548828 -15671.1513672 -16856.8359375 -16251.0244141 -15627.1669922 -16669.7441406 -15421.6142578 -15743.7705078
-17963.7539062 -17523.8964844 -18590.5507812 -18141.3007812 -17790.1093750 -18456.7949219 -17748.5644531 -17719.3652344
-15815.7451172 -15206.9208984 -16782.5292969 -16045.4716797 -15525.4619141 -16562.2851562 -15340.8291016 -15366.9941406
-18218.3183594 -17856.7539062 -18749.4218750 -18336.9355469 -18017.8847656 -18642.4101562 -17904.6503906 -17899.4394531
-18104.9277344 -17839.1972656 -18860.8046875 -18196.7285156 -17703.0703125 -18735.7890625 -17690.6699219 -18023.3164062
-17555.3183594 -17326.8417969 -18071.0507812 -17701.0976562 -17041.7656250 -18060.6386719 -17005.4062500 -17388.8085938
-17980.0976562 -17745.1582031 -18827.0410156 -18277.5878906 -17945.4042969 -18717.8203125 -17817.6914062 -17849.9179688
-16510.5781250 -15704.1201172 -17305.0332031 -16690.3730469 -16264.2744141 -17268.3945312 -16180.3144531 -16249.4892578
-16899.3066406 -16592.1054688 -17553.7500000 -17195.0488281 -16849.4199219 -17623.4453125 -16910.4980469 -16820.3847656
-16675.2363281 -16117.0214844 -17430.9296875 -16913.4746094 -16578.8417969 -17332.6640625 -16334.9882812 -16336.3369141
-17125.8476562 -16907.8613281 -17926.9257812 -17416.6210938 -16719.7500000 -17951.9101562 -16741.7070312 -16930.8359375
-17214.2578125 -16996.2187500 -18042.6406250 -17479.6523438 -16780.2968750 -17911.2949219 -16731.1035156 -17005.3183594
-19233.8417969 -18968.8476562 -19755.8320312 -19341.1562500 -19189.9511719 -19747.4140625 -19064.2148438 -19063.0175781
-17469.6152344 -17015.9277344 -18163.5898438 -17651.7128906 -17402.2910156 -18091.2714844 -17335.9082031 -17229.1425781
-17634.6367188 -17380.3398438 -18544.8378906 -17905.4375000 -17328.3144531 -18507.1484375 -17340.3964844 -17489.2656250
-16502.0097656 -16129.1308594 -17368.8671875 -16763.3847656 -16480.2832031 -17372.5234375 -16245.7646484 -16238.2246094
-16286.3437500 -15683.0429688 -17077.9785156 -16435.5996094 -16038.4267578 -17021.1035156 -15979.9472656 -16061.1035156
-18984.9238281 -18482.9824219 -19492.2207031 -19038.0742188 -18841.4648438 -19453.0742188 -18818.3984375 -18822.9472656
-17382.5136719 -16847.9375000 -18041.3144531 -17446.0996094 -17212.6816406 -17922.0390625 -17064.5839844 -17095.3125000
-17051.6406250 -16771.0644531 -17795.6660156 -17183.9726562 -16509.1660156 -17835.9042969 -16507.7812500 -16838.4667969
-16860.1425781 -16625.4511719 -17736.4121094 -17151.8203125 -16295.0146484 -17574.9003906 -16366.0976562 -16590.8652344
-17348.8769531 -16804.2207031 -18125.1191406 -17477.9980469 -17239.8828125 -18065.1191406 -17140.4648438 -17142.2539062
-17460.0527344 -17136.3496094 -18253.3300781 -17592.9511719 -17085.5898438 -18187.3750000 -17027.2597656 -17363.3906250
-16914.8574219 -16635.4433594 -17665.7714844 -17088.2421875 -16336.4716797 -17456.5234375 -16384.0410156 -16851.7734375
-17171.9902344 -16862.7578125 -18030.1582031 -17406.0078125 -16848.2480469 -17865.5332031 -16729.2382812 -16991.1054688
-16989.4667969 -16374.8037109 -17670.9511719 -17084.3886719 -16811.2851562 -17582.1660156 -16754.9101562 -16687.9121094
-17927.0332031 -17583.5156250 -18584.0781250 -18112.9414062 -17586.6855469 -18506.2109375 -17547.1308594 -17674.9746094
-17225.3222656 -16759.7832031 -18128.9687500 -17536.2011719 -17170.7871094 -18030.7871094 -17036.5234375 -16978.7871094
-17144.2753906 -16845.8203125 -17880.3671875 -17403.1699219 -17127.1914062 -17827.4843750 -17054.9492188 -17013.2089844
-18934.3906250 -18536.1894531 -19513.2265625 -19045.8046875 -18768.7695312 -19553.3281250 -18731.7832031 -18775.3183594
-15999.7177734 -15596.3066406 -17043.5156250 -16338.6689453 -15886.1640625 -16885.2890625 -15741.5380859 -15865.8115234
-17918.0351562 -17547.4453125 -18614.7246094 -18103.4121094 -17828.9335938 -18675.9667969 -17801.3847656 -17795.1152344
-17213.1093750 -16755.2343750 -17949.4453125 -17468.5468750 -17122.9257812 -17937.7304688 -17048.6328125 -16998.8046875
-17763.9941406 -17494.7226562 -18527.0703125 -17898.9062500 -17331.2265625 -18429.9394531 -17300.6777344 -17482.2714844
-18111.5039062 -17749.6386719 -18851.0566406 -18320.9296875 -18143.9218750 -18636.4765625 -18042.8359375 -17988.5585938
-17509.5449219 -16913.8632812 -18264.6992188 -17608.2695312 -17372.6679688 -18121.2070312 -17174.0585938 -17233.8476562
-16713.3320312 -16315.7197266 -17485.9179688 -16913.3750000 -16411.2597656 -17407.7832031 -16305.7792969 -16477.7988281
-17305.3828125 -16953.7246094 -17938.7304688 -17474.4511719 -17198.2890625 -17891.0546875 -17081.0371094 -17135.5273438
-17502.9062500 -17006.6933594 -18079.9140625 -17608.2109375 -17418.6464844 -17987.7949219 -17230.2109375 -17123.9199219
-17201.2109375 -16908.3242188 -17962.6406250 -17340.7421875 -16776.8828125 -17857.0878906 -16736.8242188 -16990.6777344
-16935.9414062 -17258.3183594 -16930.9199219 -16387.1835938 -17661.7968750 -16854.3476562 -17298.3027344 -17141.4785156
-16623.0839844 -16846.3261719 -17065.6230469 -16464.6894531 -17244.7109375 -16906.2617188 -16908.5292969 -16579.8867188
-18302.3867188 -18630.4785156 -18678.9707031 -18290.8945312 -18864.1210938 -18554.3515625 -18730.1328125 -18437.9863281
-18831.2695312 -19167.9082031 -18524.0644531 -18460.7675781 -19540.2929688 -18105.2128906 -19125.9257812 -18949.2207031
-17755.5156250 -17968.9355469 -17708.2734375 -17265.8300781 -18237.5937500 -17819.3593750 -18079.4277344 -17873.3027344
-17643.4980469 -18138.3007812 -17485.9628906 -17291.1191406 -18423.5156250 -17055.4179688 -18189.4472656 -17831.7714844
-17608.4628906 -17813.3457031 -17978.3339844 -17407.1445312 -18195.5488281 -17749.4785156 -17939.9003906 -17721.5722656
-16843.3828125 -17122.0156250 -16903.3007812 -16648.6835938 -17494.3398438 -16928.0546875 -17280.4804688 -16904.3242188
-18079.9140625 -18283.3671875 -18239.8828125 -17762.3828125 -18697.8828125 -18192.4785156 -18315.5917969 -18188.5859375
-17399.5957031 -17801.4453125 -17450.1113281 -17124.6621094 -18120.3457031 -17370.5292969 -17716.2871094 -17607.1054688
-17173.2265625 -17447.6953125 -17446.1816406 -16878.8398438 -17620.9843750 -17316.2324219 -17415.5058594 -17133.3671875
-17325.7285156 -17540.5195312 -17693.5996094 -17176.1250000 -17747.8613281 -17640.3671875 -17486.9589844 -17332.8222656
-17947.9062500 -18324.9511719 -17670.8828125 -17742.0136719 -18780.2558594 -17278.9902344 -18318.4980469 -18095.5957031
-16985.2382812 -17362.2832031 -17334.2480469 -16700.6562500 -17573.2070312 -17088.5175781 -17258.8105469 -17115.7402344
-17193.2714844 -16944.5156250 -18128.4804688 -17307.6875000 -16741.2968750 -17908.5898438 -16600.8164062 -16925.0136719
-17709.3007812 -17613.8085938 -18633.2421875 -18029.5820312 -17392.8183594 -18455.3730469 -17434.5566406 -17684.0800781
-17527.1445312 -17390.7734375 -17770.5683594 -17515.5703125 -17567.6425781 -17405.0683594 -17345.1484375 -17414.3007812
-17921.0625000 -17800.8906250 -18452.7792969 -18001.6992188 -17613.8437500 -18420.5312500 -17552.5136719 -17811.4648438
-18031.4062500 -17802.9101562 -18503.1367188 -18172.6699219 -17612.7187500 -18544.9355469 -17573.7500000 -17867.9765625
-17138.7109375 -16803.0351562 -17824.7636719 -17329.2792969 -16576.8085938 -17819.3828125 -16536.0742188 -16888.6152344
-16918.9414062 -16558.0351562 -17584.2031250 -17042.5800781 -16085.2070312 -17465.9902344 -16277.5966797 -16655.9355469
-17035.9316406 -16775.7324219 -17867.8632812 -17310.8789062 -16539.5351562 -17809.1425781 -16575.3457031 -16921.4257812
-16792.4589844 -16482.7304688 -17607.9824219 -17132.3945312 -16108.1835938 -17602.0214844 -16236.7050781 -16571.8652344
-16933.6796875 -16678.7031250 -17788.0195312 -17274.8300781 -16538.2167969 -17649.0273438 -16514.1953125 -16923.5761719
-16923.9023438 -16580.3183594 -17581.7871094 -17032.0117188 -16365.5585938 -17515.9472656 -16402.8359375 -16586.0468750
-17899.3789062 -18307.8613281 -17792.8710938 -17697.9101562 -18518.5937500 -17396.6503906 -18161.6230469 -18012.9960938
-18163.3320312 -18480.7167969 -18057.0761719 -18050.5527344 -18744.9296875 -17666.1601562 -18547.3203125 -18216.6503906
-18092.3496094 -18246.2207031 -17991.2539062 -17868.0742188 -18559.3554688 -17506.1289062 -18211.1191406 -18111.8789062
-16874.0996094 -16699.4902344 -17629.8476562 -17086.6738281 -16574.4394531 -17601.8339844 -16506.8105469 -16659.2773438
-18314.5625000 -18715.6250000 -18289.9179688 -18300.4843750 -18944.6855469 -17982.3632812 -18672.4746094 -18552.1601562
-16864.4472656 -16796.8750000 -17611.0312500 -17093.5898438 -16374.8740234 -17504.4941406 -16415.2011719 -16845.9726562
-18066.1054688 -18454.8261719 -17644.4609375 -17762.8691406 -18842.0175781 -17670.5117188 -18476.3593750 -18159.6679688
-18956.3300781 -19269.4570312 -18624.8339844 -18678.8359375 -19540.3554688 -18686.6328125 -19268.3222656 -19093.0566406
-18226.7656250 -18450.4687500 -17794.7070312 -17782.8964844 -18946.9570312 -17765.1894531 -18516.6035156 -18263.0390625
-17859.3496094 -18327.3222656 -17339.8750000 -17526.1953125 -18588.8378906 -17446.1093750 -18225.6445312 -18066.4531250
-19436.7460938 -19650.5703125 -18955.9882812 -19135.2714844 -20064.7675781 -19047.6074219 -19736.5800781 -19492.1425781
-18694.8515625 -19102.5058594 -18518.4882812 -18560.2636719 -19383.2382812 -18612.8652344 -19129.1152344 -18849.1289062
-19640.6992188 -19835.0507812 -19506.8535156 -19460.6308594 -20046.9277344 -19444.4492188 -19798.9296875 -19705.1542969
-18662.1250000 -19017.8300781 -18298.6503906 -18510.0507812 -19344.0078125 -18445.3886719 -19093.7343750 -18854.4707031
-19028.9277344 -19376.4726562 -18594.6152344 -18696.9707031 -19611.4609375 -18617.6289062 -19327.2617188 -19126.9863281
-18394.7519531 -18712.4531250 -18250.7812500 -18161.9179688 -19014.4667969 -18108.4179688 -18797.9199219 -18545.9687500
-18430.9257812 -18739.7421875 -17942.1464844 -18223.7597656 -19048.2773438 -18021.0742188 -18734.7617188 -18523.2929688
-18729.5742188 -19023.6933594 -18392.6660156 -18473.9082031 -19435.1835938 -18341.3593750 -19003.9609375 -18787.4335938
-19099.9082031 -19455.4628906 -18830.0644531 -18927.2949219 -19700.1953125 -18766.4980469 -19446.6484375 -19228.9531250
-19015.3339844 -19311.3984375 -18704.9707031 -18749.5546875 -19578.3574219 -18576.3613281 -19301.3867188 -19172.8945312
-20066.8574219 -20371.7441406 -19689.2636719 -19899.1835938 -20615.8300781 -19697.0976562 -20327.0664062 -20133.0585938
-19355.9101562 -19819.7128906 -19187.0957031 -19307.9765625 -19964.3867188 -19286.8300781 -19732.6289062 -19575.4746094
-17900.8281250 -18431.0136719 -17683.9121094 -17739.0410156 -18725.2070312 -17529.1855469 -18309.2578125 -18097.6894531
-18473.0214844 -18869.8886719 -18246.1015625 -18229.5507812 -19143.2812500 -18117.7265625 -18844.4433594 -18667.8281250
-19096.2578125 -19354.0839844 -18798.4804688 -18903.8378906 -19651.7011719 -18962.9453125 -19371.8125000 -19271.6152344
-19343.1250000 -19528.9316406 -19064.1328125 -18994.6542969 -19840.9511719 -19025.6054688 -19540.7246094 -19381.3847656
-16459.3554688 -16179.5722656 -17277.3046875 -16750.1347656 -16002.2177734 -17148.1152344 -16022.6757812 -16225.6201172
-16941.5195312 -16537.1699219 -17781.5605469 -17047.6093750 -16293.7402344 -17588.5175781 -16244.3457031 -16696.4296875
-19063.8515625 -19055.3945312 -19143.1503906 -18992.3632812 -19048.3593750 -19173.8964844 -18903.2500000 -18951.9179688
-18807.9023438 -18612.0976562 -19344.1289062 -18949.4160156 -18604.4687500 -19212.7695312 -18494.1933594 -18756.0625000
-18457.1093750 -18327.7324219 -19095.9179688 -18700.0917969 -18101.6250000 -19077.3867188 -18154.8242188 -18367.9550781
-17811.0546875 -17632.0839844 -18465.4785156 -17977.4648438 -17482.3750000 -18315.4746094 -17390.5019531 -17620.6191406
-17359.9531250 -17109.6875000 -17995.2949219 -17545.0722656 -16746.3437500 -17921.7890625 -16937.3476562 -17119.3652344
-17199.6601562 -17060.4824219 -17967.5000000 -17450.4199219 -16890.3925781 -17837.5214844 -16787.0175781 -16990.2695312
-17255.8242188 -17012.3417969 -17955.2011719 -17513.7128906 -16842.5703125 -17891.4355469 -16858.9511719 -17116.3398438
-17549.0429688 -17306.4843750 -18293.0917969 -17740.0214844 -16990.4804688 -18170.8964844 -17126.8281250 -17314.4375000
-18003.5410156 -17818.2480469 -18663.4316406 -18166.1230469 -17586.4687500 -18574.7519531 -17511.9941406 -17863.5332031
-15722.4404297 -15252.7734375 -16881.3789062 -16073.8310547 -15183.2929688 -16630.1464844 -15091.6064453 -15462.6894531
-17171.1093750 -16915.2519531 -17934.8457031 -17393.0390625 -16549.6777344 -17912.4042969 -16647.3242188 -16902.7832031
-16831.4375000 -16578.7480469 -17769.9882812 -17210.1953125 -16331.4101562 -17633.1250000 -15985.0908203 -16624.4472656
-17191.5449219 -16903.3671875 -17905.9960938 -17315.3535156 -16690.8535156 -17791.5566406 -16559.8437500 -16953.8984375
-16193.9267578 -15850.7187500 -17024.7968750 -16341.1396484 -15677.8076172 -17007.0507812 -15745.9355469 -16063.2949219
-16772.1269531 -16324.3398438 -17582.7949219 -16955.1250000 -16151.1132812 -17451.6406250 -16055.6220703 -16440.1777344
-16123.6708984 -15890.1650391 -17152.6875000 -16366.0781250 -15633.8154297 -16881.3457031 -15626.6621094 -15922.5625000
-16224.6904297 -15909.2216797 -17045.8457031 -16455.9726562 -15760.1611328 -16874.8886719 -15709.0361328 -16068.1201172
-16801.6933594 -16578.3808594 -17618.5566406 -16968.8691406 -16384.5117188 -17436.5742188 -16389.2734375 -16565.2246094
-17431.4941406 -17251.6640625 -18113.1777344 -17691.4824219 -17039.7363281 -18066.6835938 -16929.4882812 -17307.4433594
-16564.1816406 -16270.6621094 -17485.7324219 -16865.1953125 -16015.8007812 -17426.7011719 -16125.3935547 -16364.8701172
-17928.0839844 -17729.6914062 -18683.4941406 -18198.4414062 -17557.1425781 -18471.7167969 -17559.2675781 -17781.7851562
-16993.1835938 -16770.8710938 -17739.9062500 -17212.1015625 -16521.2636719 -17706.1054688 -16454.3046875 -16795.6835938
-17557.6992188 -17215.2812500 -18261.0742188 -17709.2988281 -17162.8945312 -18197.5703125 -17116.8671875 -17363.9531250
-16657.1152344 -16416.0800781 -17698.0000000 -16999.2382812 -16081.6787109 -17484.5214844 -16108.2431641 -16349.9052734
-16892.3593750 -16566.3515625 -17573.3691406 -16963.6289062 -16144.8046875 -17520.8632812 -16215.5429688 -16642.9316406
-16461.4960938 -16068.3134766 -17362.8144531 -16625.5429688 -15414.7548828 -17235.5136719 -15710.4560547 -16268.1914062
-17752.1035156 -17482.0761719 -18376.8867188 -18033.6718750 -17161.7519531 -18448.7265625 -17315.0117188 -17629.4101562
-17598.2246094 -17356.1816406 -18305.5175781 -17773.8847656 -17114.0332031 -18202.3847656 -17090.9785156 -17392.9277344
-17463.8125000 -17170.0605469 -18261.9492188 -17695.9550781 -17033.5234375 -18162.8769531 -16964.4628906 -17365.3007812
-16932.7226562 -17040.0195312 -17530.2832031 -16983.4726562 -16767.1523438 -17265.3164062 -16818.6855469 -16962.6503906
-17415.4472656 -17337.9746094 -18142.3261719 -17532.6230469 -17628.9179688 -18123.8984375 -17452.7792969 -17275.8847656
-15725.1601562 -15689.1767578 -16744.9140625 -16015.2431641 -15954.1533203 -16572.1933594 -15718.6806641 -15342.6728516
-16921.7890625 -16768.9335938 -17561.5429688 -16967.8066406 -16935.1542969 -17524.4492188 -16691.6347656 -16617.7148438
-16367.5087891 -16367.6621094 -17322.8886719 -16674.1660156 -16689.6289062 -17170.3867188 -16530.0566406 -16216.2148438
-16403.5996094 -16061.0625000 -17038.5898438 -16538.5683594 -16426.1152344 -16956.4335938 -16252.8691406 -16028.6845703
-17062.5273438 -16873.3945312 -17721.9785156 -17110.1425781 -17131.3476562 -17631.7753906 -17041.0996094 -16799.8945312
-16163.7568359 -16045.2246094 -17117.5000000 -16425.2207031 -16253.6855469 -16905.9511719 -16139.7480469 -15977.5029297
-16839.8144531 -16719.6406250 -17559.1699219 -17076.6562500 -16818.3730469 -17468.8964844 -16760.2480469 -16497.3339844
-17982.7089844 -18026.6191406 -18648.8300781 -18117.8066406 -18191.8417969 -18589.3222656 -18031.6152344 -17725.0078125
-16951.4667969 -16928.0820312 -17793.7187500 -17180.4062500 -17063.6835938 -17677.5976562 -16976.5156250 -16676.8457031
-17569.8808594 -17505.5351562 -18322.9042969 -17788.7929688 -17712.9550781 -18207.2910156 -17578.4082031 -17428.1816406
-16741.1562500 -16348.6416016 -17424.8828125 -16902.7832031 -16283.7402344 -17349.3613281 -16201.7070312 -16400.5820312
-16801.0410156 -16726.6796875 -17480.3437500 -16997.8476562 -17000.5019531 -17432.4492188 -16718.8261719 -16620.0781250
-16487.8847656 -16436.1777344 -17287.3183594 -16543.7949219 -16621.1914062 -17193.5703125 -16413.2597656 -16329.3535156
-16298.1660156 -16116.9042969 -17164.3652344 -16534.6367188 -16382.1269531 -16932.3066406 -16162.4550781 -16100.4843750
-17206.4707031 -16991.1113281 -17744.5332031 -17290.3496094 -17257.6562500 -17735.2753906 -17159.7265625 -17038.2910156
-17918.1796875 -17783.2460938 -18665.6367188 -18129.3242188 -18158.4667969 -18576.5859375 -18016.9375000 -17701.5000000
-17084.6093750 -16987.0468750 -17889.8769531 -17204.5156250 -17236.3750000 -17667.8417969 -17019.0175781 -16766.4804688
-18836.8886719 -18817.4003906 -19162.1132812 -18717.7304688 -19016.8359375 -19029.0449219 -18803.3964844 -18711.0273438
-18068.7246094 -18175.1328125 -18573.3027344 -18209.3183594 -18410.1132812 -18613.1992188 -18121.0937500 -17837.8984375
-16269.6103516 -16281.7441406 -17258.6210938 -16457.3847656 -16533.0371094 -17167.2890625 -16239.9248047 -16227.5068359
-17448.8632812 -17423.2441406 -18112.1542969 -17633.2480469 -17600.0468750 -18123.6250000 -17426.4785156 -17082.5898438
-16702.2949219 -16648.9238281 -17489.3496094 -16881.4121094 -16942.4101562 -17387.7949219 -16864.7500000 -16638.1582031
-17158.0429688 -17124.6796875 -17895.2011719 -17380.0039062 -17332.9277344 -17718.0019531 -17163.2851562 -16998.5761719
-17608.5722656 -17561.8574219 -18391.2480469 -17686.3359375 -17848.5898438 -18264.6640625 -17597.6132812 -17401.7070312
-17094.0605469 -17028.2832031 -18082.9199219 -17292.7070312 -17211.5273438 -17913.4375000 -17150.7343750 -16938.0273438
-17982.2617188 -17891.8808594 -18628.5566406 -18129.4511719 -18143.3457031 -18500.3808594 -18045.1425781 -17793.9804688
-17579.5878906 -17520.7148438 -18239.1191406 -17725.3066406 -17756.8769531 -18168.0664062 -17630.7050781 -17355.2031250
-16346.3593750 -15940.7822266 -17279.5566406 -16618.4863281 -16241.4755859 -17199.7890625 -16113.5224609 -16051.3144531
-16435.7949219 -16023.2734375 -17373.9746094 -16587.5136719 -16354.7070312 -17188.3281250 -16235.2216797 -16113.8867188
-16430.1582031 -15921.2500000 -17350.0390625 -16669.4667969 -16499.2382812 -17266.6328125 -16378.9833984 -16159.7265625
-17979.3437500 -17399.2968750 -18740.1093750 -18122.9433594 -17772.8007812 -18623.0351562 -17769.0332031 -17679.7539062
-17401.0800781 -17075.4648438 -18001.7675781 -17553.7109375 -16863.6093750 -17995.9980469 -16896.5078125 -17097.0214844
-16536.1015625 -16017.4287109 -17352.2851562 -16620.9746094 -16509.3808594 -17256.8867188 -16307.1767578 -16263.3017578
-17117.7714844 -16713.6093750 -17825.4492188 -17313.4121094 -16462.9589844 -17764.8691406 -16496.5898438 -16879.4707031
-17070.9140625 -16676.8027344 -17755.4550781 -17131.0449219 -17105.2304688 -17567.8457031 -17003.1972656 -16959.4121094
-18742.1445312 -18645.9355469 -19493.4140625 -18983.9179688 -18514.4296875 -19354.2285156 -18491.3359375 -18651.9863281
-16953.5507812 -16571.5449219 -17893.1621094 -17178.3808594 -16842.6875000 -17696.3925781 -16797.9218750 -16807.1738281
-17946.9589844 -17555.6835938 -18565.7441406 -18066.1992188 -17905.2265625 -18450.0703125 -17733.4570312 -17684.0136719
-18083.1523438 -17853.9160156 -18897.5468750 -18380.0332031 -18104.0585938 -18687.1640625 -17940.4707031 -17899.8925781
-18708.8515625 -18369.9121094 -19265.5546875 -18836.9492188 -18613.6796875 -19235.3339844 -18560.2167969 -18447.4550781
-18801.9824219 -19282.0292969 -18535.3632812 -18542.3906250 -19479.1523438 -18353.3046875 -19246.3437500 -18972.0273438
-17985.9726562 -17580.7148438 -18575.9785156 -18149.7324219 -17965.4218750 -18491.6953125 -17803.4843750 -17812.9765625
-18708.2792969 -18617.0019531 -19212.7578125 -18775.6699219 -18434.7753906 -19237.7441406 -18450.2773438 -18603.8945312
-19259.8593750 -19602.9218750 -19093.7089844 -19037.6777344 -19689.7578125 -18843.3222656 -19510.5585938 -19375.9121094
-19120.4179688 -18710.7695312 -19768.9726562 -19158.6074219 -18872.7910156 -19546.5722656 -18836.1035156 -18917.8828125
-19246.9960938 -18963.8066406 -19730.6054688 -19424.3652344 -19262.0078125 -19645.8515625 -19102.5019531 -19105.0546875
-18827.0625000 -19064.2812500 -18871.3066406 -18631.1210938 -19278.6093750 -18468.3496094 -19074.3671875 -18942.4746094
-18596.5195312 -18226.9179688 -19243.3671875 -18776.3125000 -18541.6718750 -19137.9843750 -18431.8515625 -18307.4550781
-18587.8730469 -18338.6542969 -19148.1230469 -18694.1367188 -18120.5117188 -19078.6445312 -18086.3593750 -18354.1640625
-18187.6914062 -18322.6191406 -18929.0429688 -18421.2382812 -18690.7167969 -18669.0312500 -18464.5781250 -18351.0957031
-18266.5878906 -18052.9960938 -18946.9746094 -18475.8066406 -17648.3984375 -18859.0332031 -17785.4511719 -18058.8789062
-19275.3476562 -18932.2714844 -19862.8789062 -19417.4121094 -19279.6367188 -19791.9589844 -19050.6367188 -19158.2597656
-18771.5722656 -19151.3867188 -18564.8222656 -18610.1835938 -19441.4980469 -18243.2382812 -19230.8339844 -19077.6738281
-19334.4257812 -19724.8085938 -19329.5703125 -19170.3496094 -19965.0136719 -18976.0078125 -19695.5312500 -19505.8457031
-19122.4960938 -19414.1582031 -18822.0214844 -18862.9804688 -19603.7363281 -18469.6777344 -19470.6816406 -19147.5664062
-18900.6464844 -19129.2968750 -19189.2832031 -18792.4980469 -19325.0644531 -18849.9160156 -19016.8144531 -18851.9707031
-17742.1230469 -17790.8886719 -17965.7265625 -17651.6074219 -18087.8261719 -17876.8750000 -17756.1347656 -17529.1230469
-18185.5449219 -18648.9023438 -18094.8750000 -18043.8105469 -19113.2187500 -17401.0292969 -18786.1054688 -18470.9550781
-19048.1328125 -19290.1425781 -18832.0917969 -18824.7031250 -19646.7148438 -18651.8535156 -19379.2636719 -19113.1035156
-18505.3164062 -17999.5625000 -19090.2656250 -18664.1074219 -18352.6250000 -18990.6386719 -18208.4960938 -18257.1875000
-18545.9277344 -18221.0156250 -19240.2714844 -18737.0761719 -18573.7714844 -19065.3476562 -18363.3593750 -18331.8984375
-18208.3808594 -18176.5292969 -18943.9804688 -18459.0800781 -17905.9296875 -18849.7871094 -17956.9785156 -18188.0742188
-17164.2089844 -16803.5136719 -17894.4453125 -17351.0820312 -17117.9589844 -17869.4960938 -16992.5039062 -17039.1132812
-18494.9921875 -18287.1113281 -19080.5800781 -18516.8417969 -18181.2207031 -18999.3535156 -18182.9160156 -18386.2539062
-17481.8378906 -17261.1445312 -18319.5566406 -17603.7246094 -17045.0800781 -18125.9023438 -17087.2539062 -17279.4414062
-18747.1542969 -19168.8535156 -18523.3242188 -18503.2949219 -19419.0527344 -18268.3867188 -19148.1171875 -18950.9121094
-17989.1171875 -18347.7636719 -17769.5820312 -17802.7656250 -18534.0214844 -17457.4960938 -18301.6230469 -18178.0859375
-18531.4550781 -18966.6230469 -18253.2792969 -18278.7656250 -19354.5039062 -17782.9882812 -18981.4472656 -18667.1484375
-18305.1835938 -17846.5312500 -18990.9101562 -18493.6855469 -18301.4199219 -18936.5722656 -18159.2500000 -18186.8281250
-19606.5605469 -19537.7890625 -20114.4921875 -19727.8125000 -19314.6093750 -20025.6269531 -19313.2539062 -19450.8964844
-18174.9277344 -18617.3964844 -18095.2421875 -17907.0390625 -18955.1640625 -17395.4277344 -18669.6015625 -18304.4980469
-18006.3515625 -17807.2500000 -18655.0390625 -18122.3593750 -18015.7792969 -18668.6386719 -17878.4335938 -17933.5781250
-18873.7050781 -19307.7578125 -18830.4453125 -18772.0390625 -19643.0820312 -18500.7050781 -19350.3398438 -19196.0878906
-17261.6210938 -16722.5664062 -17983.4687500 -17379.0019531 -17123.9902344 -17838.0136719 -17028.6855469 -17019.7304688
-18710.5273438 -19182.8906250 -18604.0683594 -18588.5878906 -19342.4687500 -18376.3652344 -19082.0312500 -18925.7031250
-18440.4667969 -18877.7675781 -18200.2343750 -18197.9843750 -19134.2246094 -17816.8691406 -18888.9531250 -18565.2773438
-18999.6171875 -19383.3144531 -18790.2910156 -18822.9960938 -19565.3613281 -18561.6679688 -19398.4121094 -19235.8769531
