-16554.3476562 -16749.4863281 -17081.6640625 -16602.9746094 -17041.7167969 -16992.2871094 -16672.3007812 -16423.2968750
-16841.1875000 -16951.3710938 -17648.6132812 -17148.9550781 -17148.7343750 -17479.0839844 -16968.0058594 -16565.3789062
-17037.9394531 -17359.2539062 -17555.6914062 -17369.2773438 -17405.1875000 -17451.0625000 -17291.7792969 -17067.3808594
-16935.1816406 -17000.9980469 -17621.4492188 -17223.1054688 -17282.8886719 -17545.9179688 -17174.6425781 -16832.2773438
-17776.8671875 -17784.5117188 -18454.7167969 -17970.1542969 -18045.2343750 -18370.2128906 -17841.4648438 -17649.6523438
-16683.7812500 -16771.3554688 -17385.1718750 -17003.5468750 -17026.1542969 -17351.3320312 -16879.8574219 -16661.9960938
-17700.0000000 -17859.3476562 -18012.9843750 -17717.3222656 -18082.8984375 -17998.8066406 -17806.4492188 -17482.0859375
-15980.7255859 -16173.1435547 -16804.0234375 -16379.8076172 -16415.4003906 -16750.7949219 -16127.3554688 -15960.9775391
-16406.4296875 -16603.4492188 -17204.5644531 -16572.2011719 -16757.2812500 -16929.9472656 -16547.7343750 -16445.6816406
-16485.8789062 -16835.5371094 -17278.6523438 -16899.1503906 -17193.9101562 -17150.8613281 -16904.5351562 -16597.3789062
-16296.3125000 -16465.6562500 -17156.3398438 -16500.4550781 -16699.4980469 -16900.5253906 -16425.9511719 -16150.9052734
-16457.6015625 -16428.6191406 -17338.5546875 -16723.1660156 -16613.1113281 -17121.5136719 -16314.0644531 -16238.6259766
-16306.2314453 -16452.8906250 -17310.4980469 -16636.7050781 -16666.7167969 -17018.2441406 -16444.9453125 -16166.1708984
-16518.1054688 -16618.5253906 -17186.0273438 -16710.1269531 -16874.7226562 -17116.7714844 -16421.4785156 -16500.2011719
-16404.4199219 -16497.5019531 -17062.7363281 -16485.4687500 -16603.0820312 -16935.1035156 -16312.4023438 -16305.6933594
-16462.1933594 -16604.0000000 -16975.1054688 -16559.0937500 -16822.6816406 -16859.3125000 -16699.0996094 -16472.5917969
-17739.6914062 -17743.1093750 -18364.1250000 -17864.9277344 -17877.5683594 -18088.2832031 -17758.2324219 -17730.5839844
-16720.2363281 -16884.7382812 -17177.5585938 -16815.4589844 -17126.5546875 -17086.5722656 -16856.9355469 -16639.7031250
-16201.7197266 -16281.4218750 -16805.5449219 -16356.7734375 -16505.2089844 -16641.6132812 -16336.5820312 -16126.9912109
-16414.4394531 -16668.3437500 -17211.6386719 -16714.7773438 -16769.6562500 -17122.8164062 -16600.6621094 -16436.8554688
-16588.7558594 -16627.5800781 -17335.6855469 -16774.5175781 -16885.3339844 -17246.1171875 -16660.9550781 -16652.5371094
-16700.6425781 -16683.7792969 -17314.9746094 -16887.3242188 -16924.1054688 -17093.5449219 -16736.0351562 -16399.8007812
-16245.4794922 -16431.3535156 -16861.0800781 -16501.7695312 -16667.5703125 -16659.1757812 -16395.8574219 -16084.0976562
-16931.8691406 -17120.6445312 -17675.9648438 -16987.3593750 -17176.7714844 -17483.3320312 -16975.1816406 -16669.5000000
-16577.8710938 -16759.1640625 -17238.4902344 -16726.5722656 -16979.7539062 -17152.3261719 -16747.3984375 -16659.7519531
-16059.2656250 -16367.7275391 -17031.4804688 -16406.6210938 -16692.5195312 -16876.4492188 -16444.5976562 -16248.5957031
-16706.4531250 -16809.4335938 -17463.0937500 -17031.5175781 -16973.3769531 -17388.4335938 -16796.9238281 -16564.6269531
-16498.8535156 -16811.5468750 -17202.2070312 -16776.8066406 -17047.3945312 -17054.5292969 -16800.1718750 -16655.7812500
-15421.8857422 -15807.6923828 -16228.4257812 -15704.4550781 -15958.9550781 -16111.0966797 -15767.3154297 -15495.2031250
-15601.1865234 -15834.8574219 -16451.0527344 -15793.8085938 -16286.3896484 -16280.4960938 -15907.2148438 -15548.3271484
-16103.0595703 -16417.9433594 -17028.8066406 -16294.7285156 -16531.1484375 -16765.0781250 -16378.5214844 -16184.0537109
-16485.9316406 -16818.5937500 -17374.8984375 -16858.7871094 -17035.1347656 -17194.6484375 -16739.5390625 -16611.0898438
-16643.0468750 -17006.4667969 -17300.4726562 -16790.1816406 -17205.5273438 -17135.7285156 -17017.3222656 -16751.1269531
-16255.0800781 -16625.4257812 -16902.2910156 -16437.2187500 -16810.2285156 -16860.0878906 -16504.7226562 -16307.9355469
-16716.0625000 -17049.8574219 -17516.1933594 -17081.3027344 -17359.9804688 -17300.1582031 -17156.2539062 -16828.3632812
-16822.7597656 -17432.5351562 -17825.5097656 -17351.2597656 -17587.7792969 -17726.1093750 -17319.4511719 -17178.4160156
-16946.1582031 -17030.7343750 -17588.9863281 -17011.9335938 -17411.5820312 -17306.3847656 -17159.1015625 -16846.1503906
-16976.0996094 -17146.3437500 -17555.9804688 -17093.6054688 -17514.1660156 -17495.8945312 -17205.9707031 -17090.1718750
-16613.1035156 -16909.4062500 -17512.3085938 -16882.1679688 -17252.2812500 -17379.3339844 -16915.5195312 -16742.9082031
-17072.1074219 -17089.2480469 -17690.1562500 -17163.6816406 -17409.3300781 -17415.1347656 -17194.7167969 -17001.9082031
-17130.1250000 -17472.7343750 -17633.7187500 -17332.5214844 -17848.3945312 -17495.6621094 -17624.3222656 -17285.2539062
-17445.1132812 -17522.5781250 -17980.5468750 -17604.7031250 -17700.2812500 -17958.9648438 -17499.4765625 -17396.6699219
-16731.9296875 -16899.8281250 -17391.9667969 -17013.6054688 -17386.8691406 -17256.2265625 -17043.2187500 -16887.8417969
-16764.2148438 -16708.6015625 -17534.5410156 -16933.3457031 -16962.8496094 -17440.7363281 -16834.7578125 -16495.1738281
-16008.3310547 -16221.2187500 -16858.4179688 -16303.7529297 -16460.4355469 -16570.8847656 -16383.5761719 -16093.6562500
-17056.5683594 -17613.7343750 -17497.1347656 -17298.7304688 -17869.2246094 -17354.1738281 -17632.1542969 -17368.2265625
-16687.0898438 -16864.9433594 -17532.7734375 -17062.9179688 -17112.0683594 -17236.4550781 -16829.4042969 -16748.3320312
-16985.4648438 -17149.8769531 -17631.5703125 -17259.0605469 -17391.1835938 -17519.4804688 -17154.5898438 -16801.5058594
-17018.7460938 -17182.1914062 -17666.1289062 -17187.4414062 -17510.7226562 -17555.8984375 -17144.8808594 -17042.5175781
-16619.3378906 -16794.5605469 -17185.3222656 -16666.0117188 -17105.5078125 -17146.3183594 -16804.2910156 -16602.1054688
-16645.9316406 -16895.4414062 -17425.3984375 -16906.9375000 -17053.5000000 -17339.6503906 -16809.0878906 -16544.8964844
-17449.1367188 -17683.0878906 -18313.0976562 -17894.0449219 -17932.1035156 -18094.2714844 -17742.6660156 -17448.9160156
-17612.9296875 -17624.9199219 -18431.3691406 -17910.7929688 -17923.4746094 -18180.2578125 -17817.8437500 -17417.6796875
-18167.8750000 -18143.1933594 -18821.0605469 -18371.8691406 -18410.3398438 -18700.6132812 -18190.6406250 -18141.7871094
-18155.8066406 -18179.7597656 -18706.4277344 -18262.7949219 -18269.8652344 -18620.0429688 -18188.3242188 -17977.8828125
-17393.0195312 -17538.5761719 -18051.3164062 -17555.2910156 -17700.8769531 -17996.6015625 -17573.9355469 -17450.3789062
-16511.6464844 -16673.9570312 -17201.3359375 -16804.2968750 -16939.5039062 -17120.9726562 -16571.4863281 -16534.0878906
-17577.1640625 -17639.4726562 -18235.4003906 -17841.6250000 -17964.7480469 -18167.0761719 -17822.9589844 -17573.1796875
-17334.2929688 -17429.2070312 -18180.9414062 -17478.7578125 -17669.8593750 -18010.7988281 -17515.2988281 -17257.8593750
-17269.4550781 -17588.7421875 -17637.9648438 -17360.0351562 -17930.3730469 -17359.2285156 -17641.0390625 -17186.2890625
-17235.9238281 -17368.6406250 -17834.8398438 -17548.0000000 -17763.8222656 -17818.9394531 -17449.6582031 -17227.4394531
-16689.7324219 -16837.3046875 -17314.4863281 -16785.6113281 -16972.1914062 -17190.0156250 -16754.5351562 -16647.8085938
-16943.2812500 -16931.1250000 -17685.2949219 -17009.1875000 -17249.4453125 -17560.6289062 -16979.2285156 -16873.2460938
-17290.0781250 -17162.5351562 -17917.8496094 -17454.9863281 -17456.6113281 -17914.2910156 -17244.3730469 -16957.5136719
-17165.2031250 -17329.0644531 -17748.2460938 -17355.7597656 -17405.9921875 -17624.3710938 -17352.1406250 -17119.2167969
-17237.3984375 -17467.6640625 -17841.9707031 -17429.1621094 -17772.5156250 -17710.4492188 -17567.5351562 -17221.6171875
-17932.5957031 -18334.1113281 -18350.3496094 -17999.4003906 -18444.4179688 -18059.7773438 -18179.4316406 -18068.6230469
-17510.6171875 -17314.5878906 -18103.7285156 -17593.7187500 -17755.9160156 -17844.0839844 -17254.8730469 -17300.3281250
-17189.2656250 -17328.4179688 -17843.4902344 -17381.0722656 -17517.8085938 -17760.0039062 -17384.3476562 -17052.3222656
-17868.6132812 -18163.5097656 -18498.7578125 -18003.0507812 -18384.1621094 -18297.9863281 -18086.1367188 -17981.5429688
-17517.9492188 -17496.4804688 -17939.5175781 -17699.4531250 -17733.1796875 -17898.2363281 -17595.7656250 -17362.6718750
-17038.9824219 -17140.0390625 -17637.8574219 -17244.8867188 -17477.9160156 -17531.6640625 -17222.3574219 -16829.8203125
-17125.4882812 -17278.0214844 -17700.4453125 -17150.3515625 -17625.7773438 -17314.3476562 -17340.4277344 -17123.2265625
-16886.9628906 -16966.8964844 -17592.8652344 -17056.7402344 -17260.5097656 -17581.0761719 -17029.6816406 -16686.3867188
-16690.2792969 -16928.6933594 -17261.0917969 -16871.8906250 -17129.1699219 -17082.4746094 -16883.9707031 -16693.5410156
-16850.8574219 -16899.3066406 -17282.9570312 -16897.6660156 -17014.2519531 -17214.5000000 -16911.8046875 -16595.3378906
-17047.7773438 -17199.9804688 -17653.6914062 -17199.2324219 -17506.3417969 -17528.6191406 -17389.9628906 -16933.6953125
-17496.6972656 -17457.8671875 -17949.2597656 -17621.1523438 -17796.5058594 -17834.3710938 -17568.6621094 -17172.5000000
-16845.3769531 -16986.2597656 -17329.7851562 -17014.1777344 -17116.8593750 -17250.8027344 -16942.7441406 -16739.3046875
-17072.5156250 -17131.6406250 -17602.2597656 -17176.1660156 -17519.3808594 -17525.5078125 -17232.2558594 -17088.2089844
-17063.4355469 -17530.9921875 -17166.0527344 -16873.6718750 -17904.9707031 -17040.4199219 -17445.6464844 -17229.4453125
-16826.5937500 -17134.9785156 -16892.6933594 -16491.2792969 -17642.0761719 -16960.0175781 -17189.1562500 -16945.1972656
-16881.2500000 -17067.5898438 -16902.6816406 -16621.2929688 -17382.5683594 -16849.5195312 -17038.6367188 -16927.2949219
-18758.2968750 -19046.0273438 -18596.6171875 -18290.3925781 -19285.0566406 -18678.5898438 -18974.1113281 -18820.9296875
-17451.7519531 -17537.2753906 -17392.4902344 -17077.1152344 -17973.6171875 -17435.7578125 -17585.7910156 -17444.5996094
-17492.5332031 -17849.5117188 -17301.4277344 -17318.7324219 -18102.1835938 -17466.3671875 -17843.6250000 -17691.6835938
-17347.4394531 -17633.8417969 -17548.3593750 -17038.6875000 -17715.0351562 -17521.0722656 -17581.5175781 -17390.9863281
-16946.6777344 -17153.2792969 -16938.1113281 -16565.8515625 -17586.2343750 -16939.9804688 -17175.4394531 -17001.5117188
-16142.7734375 -16455.6914062 -16250.4951172 -15760.6445312 -16836.8730469 -16183.0244141 -16527.1367188 -16169.0234375
-16244.4189453 -16731.7363281 -16451.7890625 -15873.6171875 -17010.4238281 -16480.3085938 -16686.4550781 -16376.9296875
-16769.5859375 -17237.8789062 -16999.7265625 -16498.2949219 -17422.1738281 -17033.5546875 -17065.5761719 -16935.2402344
-17066.8339844 -17341.7773438 -17053.5097656 -16581.2304688 -17459.5625000 -16975.5937500 -17187.7324219 -17222.1386719
-15791.5732422 -16025.9609375 -16401.4121094 -15719.7861328 -16282.0468750 -16283.6826172 -15975.5400391 -15785.1962891
-17935.9277344 -17909.3867188 -17992.8066406 -17544.8652344 -18115.5800781 -17761.6269531 -17942.8886719 -17774.2148438
-17177.3105469 -17410.6562500 -17337.0546875 -16811.7773438 -17420.2500000 -17307.8339844 -17292.8125000 -17243.2167969
-17607.3632812 -17917.3281250 -17667.1777344 -17312.2343750 -18156.3906250 -17669.2871094 -17745.8671875 -17772.3300781
-17668.9062500 -17844.5039062 -17884.2929688 -17361.7324219 -18253.9726562 -17794.8320312 -17945.0820312 -17698.6171875
-17509.9355469 -17686.0019531 -17480.0800781 -17015.2089844 -18040.0878906 -17464.4824219 -17648.9589844 -17582.3125000
-16729.1757812 -17068.3281250 -16947.7382812 -16480.2851562 -17489.3730469 -16833.1054688 -17070.7773438 -16888.3789062
-16702.5664062 -17152.9707031 -16864.1972656 -16429.1601562 -17371.7753906 -16809.0722656 -17075.3066406 -16873.3300781
-18377.6972656 -18631.2246094 -17497.8515625 -17954.1191406 -19012.3632812 -18099.3164062 -18734.7656250 -18508.8203125
-17429.7597656 -17834.7128906 -16535.9902344 -17130.9355469 -18146.7890625 -17114.1386719 -17763.9277344 -17537.0781250
-18144.4003906 -18449.5722656 -17342.5605469 -17934.4921875 -18774.6679688 -17786.6601562 -18414.5234375 -18258.2441406
-19532.6132812 -19729.6191406 -18808.3886719 -19277.5605469 -19973.7167969 -19243.4746094 -19595.2578125 -19566.7832031
-17326.6503906 -17581.9667969 -16875.4316406 -16949.5078125 -17969.8730469 -16947.7148438 -17629.9589844 -17274.2500000
-18678.8144531 -18916.4882812 -17930.4921875 -18336.1308594 -19307.8281250 -18258.0371094 -18821.8515625 -18667.6035156
-18921.6425781 -19152.9179688 -18001.8906250 -18583.1992188 -19522.5839844 -18581.0605469 -19249.2070312 -18995.7285156
-18140.8906250 -18444.3964844 -17717.2343750 -17904.4082031 -18643.3867188 -17833.0078125 -18369.3964844 -18261.1601562
-19078.4765625 -19359.2343750 -18486.3554688 -18857.1562500 -19585.1464844 -18726.6054688 -19404.2656250 -19198.6132812
-18515.8613281 -18797.4375000 -17602.6328125 -18169.6875000 -19017.3144531 -18219.6308594 -18732.1953125 -18558.5332031
-17960.9140625 -18168.1835938 -16844.0625000 -17750.8085938 -18718.1542969 -17610.4296875 -18334.1425781 -17997.3125000
-16955.6035156 -16747.4218750 -17585.6835938 -17074.7832031 -16431.2304688 -17389.8671875 -16478.9980469 -16854.4941406
-17382.4199219 -16783.3027344 -18144.3125000 -17507.3066406 -17098.6621094 -17860.2539062 -17009.7187500 -17118.4238281
-17853.4082031 -17725.8261719 -18511.0644531 -18106.5507812 -17322.6621094 -18349.0214844 -17301.4648438 -17700.3417969
-18714.1250000 -18226.6582031 -19263.4492188 -18712.0957031 -18660.7382812 -19101.4179688 -18502.7167969 -18513.4375000
-17605.1699219 -17246.2929688 -18221.8476562 -17855.7871094 -17753.4726562 -18199.0996094 -17551.0390625 -17497.4472656
-17308.0312500 -16881.0175781 -17948.3007812 -17524.3222656 -17344.0605469 -17882.0625000 -16934.7148438 -17113.1289062
-16540.4472656 -16130.8896484 -17363.0312500 -16612.9375000 -16414.6308594 -17009.2128906 -16306.7099609 -16332.5087891
-18451.5097656 -18121.2988281 -19217.5390625 -18691.7480469 -18411.7441406 -19021.0019531 -18211.4042969 -18314.3183594
-16543.1425781 -16201.2880859 -17369.2812500 -16740.3496094 -16453.6210938 -17148.1699219 -16446.3066406 -16427.5234375
-17315.4082031 -16825.4531250 -17941.9804688 -17353.5156250 -17341.5859375 -17812.3105469 -17079.2460938 -16967.5058594
-17410.6679688 -17207.8300781 -18095.7167969 -17549.0253906 -17109.1425781 -17959.1992188 -16985.0097656 -17240.3339844
-16560.8710938 -16363.4550781 -17384.3750000 -16800.0019531 -16802.4804688 -17105.2734375 -16480.6425781 -16384.4082031
-17298.8964844 -16819.4824219 -18098.8593750 -17568.2988281 -17241.9472656 -18028.8984375 -17031.8457031 -17189.9277344
-17161.9785156 -16669.4257812 -17941.8359375 -17304.3183594 -17168.8984375 -17657.7812500 -16969.3496094 -16868.0605469
-16780.8925781 -16331.8515625 -17580.1367188 -16971.3925781 -16683.3730469 -17450.3496094 -16498.0195312 -16622.6191406
-16211.3955078 -15757.8193359 -16954.9863281 -16386.2324219 -16166.5078125 -16745.3203125 -15900.9072266 -15978.7138672
-16593.6796875 -16178.7832031 -17328.6953125 -16711.6406250 -16484.5136719 -17270.3710938 -16347.5576172 -16372.3183594
-16215.2734375 -15916.6992188 -16979.7207031 -16313.1289062 -15643.7685547 -16847.3964844 -15559.9462891 -16088.2089844
-16929.0625000 -16950.7441406 -17706.0859375 -17146.0253906 -16625.7070312 -17527.9667969 -16707.4843750 -16931.9746094
-17899.3867188 -17354.9121094 -18415.6054688 -17821.0136719 -17839.9804688 -18333.4062500 -17628.3281250 -17604.3261719
-17093.5136719 -16500.5527344 -17906.1679688 -17219.1660156 -16821.6972656 -17611.8847656 -16670.1113281 -16806.9414062
-17606.4492188 -17430.4980469 -18521.1582031 -17786.5351562 -17276.0410156 -18230.3984375 -17262.2656250 -17561.5292969
-16854.4726562 -16561.4628906 -17567.3066406 -17019.3515625 -16800.8613281 -17471.3320312 -16659.4453125 -16667.1250000
-16710.4921875 -16431.3437500 -17453.5195312 -16737.1210938 -16759.8906250 -17182.4257812 -16606.0683594 -16539.1992188
-17096.4511719 -16804.0175781 -17972.9257812 -17392.9023438 -16467.6679688 -17758.3242188 -16440.4121094 -17027.3886719
-15758.3173828 -15285.4667969 -16683.7089844 -16022.9726562 -15740.4179688 -16396.4531250 -15628.1884766 -15532.8867188
-15562.2578125 -15110.8173828 -16430.0234375 -15840.5332031 -15687.2460938 -16176.3154297 -15442.3642578 -15460.8408203
-15465.0712891 -14976.8212891 -16500.3691406 -15743.1425781 -15293.5244141 -16347.5234375 -15140.3144531 -15205.1767578
-15977.0527344 -15833.5341797 -16911.8808594 -16277.1972656 -15422.1103516 -16809.2050781 -15386.2060547 -15896.2207031
-18441.3339844 -18276.8964844 -19044.1406250 -18661.9726562 -18159.3574219 -19012.1093750 -17882.8417969 -18386.8378906
-17028.2363281 -16906.2109375 -17960.4589844 -17387.1835938 -16686.8242188 -17782.8789062 -16692.7382812 -16912.0410156
-18173.5234375 -17780.4375000 -18686.4570312 -18342.3417969 -18004.8691406 -18707.6503906 -17852.3359375 -18000.2441406
-16904.0292969 -16563.0488281 -17763.1933594 -17166.8867188 -16702.2558594 -17655.7773438 -16527.8457031 -16673.3828125
-16965.9863281 -16458.8261719 -17629.7714844 -17105.6406250 -16689.6152344 -17515.0273438 -16467.0253906 -16652.9179688
-17548.8339844 -17052.9414062 -18163.4687500 -17636.2128906 -17474.8652344 -18014.8437500 -17272.2578125 -17325.5546875
-16798.5019531 -16194.4433594 -17478.6777344 -16900.1308594 -16658.6738281 -17245.8652344 -16287.3388672 -16558.8535156
-16593.1992188 -16399.4550781 -17361.2363281 -16654.3125000 -16292.8291016 -17128.0253906 -16170.5605469 -16419.6308594
-16407.3222656 -15600.9980469 -17243.1542969 -16418.0253906 -16099.3896484 -16934.0625000 -15912.0019531 -16047.1279297
-16503.0214844 -15734.1650391 -17227.5996094 -16560.6191406 -16198.4902344 -17119.3437500 -15947.4111328 -16127.9208984
-15829.5166016 -15317.9326172 -16711.5371094 -15974.6201172 -15639.0449219 -16503.7617188 -15506.6201172 -15593.4423828
-17285.2343750 -16887.4335938 -17918.2226562 -17265.0468750 -16985.6171875 -17729.9511719 -16906.1425781 -17119.8066406
-16919.3378906 -16531.7011719 -17654.8281250 -17045.2675781 -16447.9628906 -17425.2597656 -16403.5761719 -16796.6738281
-15738.0673828 -15288.9443359 -16993.3417969 -16251.5888672 -15646.4726562 -16823.5937500 -15500.6435547 -15520.1367188
-16701.1640625 -16345.5742188 -17334.2382812 -16808.4003906 -16647.3359375 -17191.7480469 -16490.7226562 -16535.4179688
-16574.9121094 -16052.1123047 -17165.0390625 -16580.3359375 -15877.3232422 -17012.4550781 -15918.3017578 -16243.3623047
-15502.1464844 -15393.1962891 -16504.4023438 -15798.3281250 -15367.1806641 -16374.4238281 -15244.6386719 -15521.7880859
-15940.6923828 -15718.3408203 -16900.5371094 -16181.8603516 -15456.7519531 -16731.8378906 -15393.7480469 -15810.3232422
-17735.2500000 -17182.8457031 -18408.1425781 -17854.2304688 -17708.3007812 -18306.4550781 -17593.8652344 -17585.6171875
-15725.0791016 -15326.3222656 -16729.4023438 -15905.8769531 -15770.8916016 -16563.2441406 -15518.2187500 -15558.7792969
-18014.8593750 -17663.5273438 -18709.8417969 -18127.3339844 -17968.4531250 -18584.4179688 -17729.5449219 -17769.6992188
-18086.1542969 -17777.1406250 -18784.3730469 -18301.6171875 -17510.4179688 -18601.2812500 -17516.5605469 -17956.9824219
-17444.9121094 -17286.2500000 -18148.3417969 -17502.6972656 -16940.1191406 -17941.5351562 -17078.3359375 -17257.4570312
-18206.9121094 -17742.7500000 -18904.5742188 -18301.4531250 -18153.7070312 -18705.3007812 -17995.8964844 -18032.0917969
-16340.4697266 -15599.8427734 -17130.8691406 -16472.8242188 -16116.0791016 -16927.2617188 -16027.8720703 -16060.0341797
-17020.8046875 -16617.8632812 -17930.0429688 -17236.1542969 -16902.2695312 -17697.6992188 -16705.2636719 -16818.5000000
-16552.9765625 -16077.5527344 -17529.3632812 -16863.7324219 -16519.5312500 -17363.3886719 -16271.7900391 -16411.3164062
-17366.7949219 -17117.9121094 -18030.6074219 -17485.3730469 -16869.9355469 -17883.6718750 -16940.5214844 -17246.4589844
-17025.6718750 -17025.7285156 -17772.9726562 -17240.1621094 -16707.6601562 -17712.8691406 -16644.0175781 -17016.6503906
-19118.6230469 -18882.7148438 -19853.7910156 -19367.7832031 -19184.3300781 -19611.8808594 -18995.9492188 -19039.4140625
-17309.6660156 -16915.1210938 -18031.2480469 -17396.4277344 -17334.4218750 -17868.0917969 -17065.0078125 -17056.8476562
-17579.7070312 -17192.6289062 -18184.5722656 -17662.1308594 -17097.2617188 -18016.6914062 -17044.2792969 -17307.8906250
-16417.3242188 -15835.1250000 -17185.3085938 -16475.4628906 -16453.2851562 -17024.1386719 -16175.9736328 -16033.7167969
-16275.2265625 -15808.2724609 -17081.6035156 -16403.0957031 -16115.2587891 -16997.1855469 -15999.6650391 -16065.7304688
-18874.1777344 -18539.2402344 -19360.4414062 -19018.5332031 -18928.6738281 -19310.2558594 -18705.7402344 -18747.9453125
-17176.1718750 -16666.7343750 -18048.5000000 -17349.3554688 -17119.0703125 -17771.5996094 -16987.6855469 -17104.2382812
-16872.2304688 -16569.1914062 -17576.7285156 -17067.4785156 -16215.0585938 -17508.6972656 -16426.0976562 -16688.0546875
-16275.4941406 -16179.7333984 -17088.0957031 -16418.3066406 -15896.5908203 -16833.1621094 -15904.7851562 -16227.4833984
-17486.0156250 -16979.4121094 -18106.5800781 -17653.4570312 -17313.0488281 -17935.9589844 -17044.8261719 -17279.8496094
-17216.5878906 -16988.7128906 -17877.8378906 -17380.0917969 -16742.1132812 -17802.3027344 -16876.9707031 -17150.3281250
-16943.3750000 -16629.3671875 -17850.3984375 -17172.6230469 -16423.1894531 -17582.9121094 -16288.8564453 -16742.0722656
-16851.8632812 -16499.7890625 -17606.5781250 -17050.1269531 -16466.4921875 -17368.5039062 -16427.5312500 -16554.0351562
-17134.0488281 -16552.2968750 -17941.0859375 -17263.1933594 -16843.8847656 -17715.5019531 -16702.8671875 -16857.4707031
-18060.9003906 -17788.4335938 -18564.4199219 -18160.2851562 -17543.7011719 -18317.7539062 -17585.5742188 -17882.2597656
-16892.4199219 -16693.7949219 -17736.8593750 -17181.6894531 -16875.6328125 -17554.2304688 -16730.2167969 -16740.8417969
-17395.7011719 -16911.8730469 -18145.7304688 -17514.5507812 -17250.0820312 -17902.9667969 -17018.5468750 -17177.3359375
-19020.7285156 -18627.5566406 -19614.7480469 -19146.6855469 -18995.8320312 -19481.9570312 -18831.0820312 -18830.7441406
-15894.4980469 -15343.6777344 -16689.1914062 -16114.6044922 -15909.2011719 -16679.8164062 -15771.0888672 -15656.9951172
-17823.7656250 -17264.4511719 -18520.5468750 -17902.1132812 -17734.4316406 -18271.1816406 -17518.0410156 -17433.9511719
-17095.7792969 -16471.7285156 -17759.0839844 -17207.9257812 -16835.0585938 -17811.7890625 -16700.0527344 -16701.0117188
-17291.9960938 -17108.3515625 -18067.4414062 -17558.6523438 -16905.8183594 -17954.7402344 -16909.5292969 -17181.7675781
-17795.1289062 -17486.8535156 -18505.0214844 -17998.8359375 -17852.5566406 -18425.1562500 -17758.7773438 -17692.1210938
-17262.2578125 -16742.9609375 -18036.9296875 -17384.1347656 -17068.9082031 -17933.1328125 -17010.0078125 -16995.5859375
-16407.8300781 -16152.9960938 -17206.2617188 -16660.7968750 -15981.7226562 -17190.3261719 -16042.2451172 -16231.2294922
-17346.7421875 -16803.5292969 -17960.2617188 -17399.9726562 -17274.7773438 -17773.5781250 -17017.5058594 -17119.9023438
-17655.6718750 -17251.1484375 -18417.0664062 -17885.5390625 -17409.1738281 -18310.4492188 -17265.6015625 -17466.2304688
-17077.0996094 -16671.5078125 -17748.9472656 -17245.9628906 -16498.2402344 -17645.5703125 -16499.0156250 -16866.9707031
-16676.4531250 -16888.3144531 -16850.0039062 -16147.4296875 -17150.3710938 -16702.0996094 -16962.0468750 -16785.9492188
-16409.0878906 -16840.0937500 -16811.2304688 -16311.5468750 -17015.7832031 -16744.9726562 -16791.0136719 -16609.4101562
-18009.9648438 -18190.1113281 -18304.9960938 -17886.2363281 -18426.5234375 -18229.5097656 -18178.8925781 -18067.5312500
-18182.6210938 -18519.3652344 -17979.8750000 -17892.7988281 -18747.1210938 -17605.2539062 -18426.7031250 -18274.4140625
-17561.8671875 -17758.6914062 -17576.2265625 -17050.8808594 -18054.4316406 -17572.3007812 -17754.8789062 -17550.7675781
-17504.0136719 -17709.4257812 -17157.9667969 -17218.8007812 -18289.9316406 -16926.0039062 -17867.4863281 -17626.7656250
-17419.2734375 -17716.8027344 -17460.4863281 -17032.3164062 -18078.1894531 -17388.1093750 -17799.7421875 -17588.9218750
-16447.6679688 -16656.3125000 -16754.8691406 -16055.7304688 -16824.4335938 -16554.7363281 -16621.6289062 -16637.8125000
-17777.7695312 -18024.0390625 -17840.7910156 -17423.4316406 -18305.6289062 -17871.4785156 -17948.3984375 -17803.7832031
-17284.3847656 -17416.0019531 -17443.6132812 -17079.5214844 -17701.7421875 -17366.5195312 -17394.5644531 -17412.7246094
-17172.4296875 -17463.3652344 -17169.6386719 -16853.5000000 -17830.9589844 -17217.7226562 -17456.7343750 -17308.2675781
-17313.5957031 -17391.4472656 -17519.7675781 -17202.3613281 -17470.3945312 -17390.5703125 -17271.2597656 -17260.3359375
-17774.4316406 -18134.5351562 -17440.2441406 -17489.9824219 -18457.2480469 -17213.2148438 -18104.1640625 -18005.3046875
-17117.1679688 -17307.6738281 -17021.1699219 -16789.5273438 -17816.4042969 -17201.2246094 -17358.5468750 -17196.3730469
-16883.3261719 -16614.3164062 -17659.4921875 -17064.1679688 -16490.5761719 -17577.8378906 -16547.0410156 -16752.4296875
-17600.7871094 -17572.2675781 -18301.4902344 -17705.1464844 -17396.8085938 -18147.8964844 -17313.9609375 -17474.8632812
-17324.1621094 -17407.5332031 -17425.6972656 -17257.3769531 -17434.1132812 -17252.9453125 -17306.0878906 -17206.2363281
-17714.4042969 -17607.2109375 -18168.5839844 -17752.1210938 -17551.5644531 -18009.0019531 -17468.6699219 -17596.1875000
-17598.9511719 -17375.6757812 -18276.3066406 -17729.2187500 -17298.8027344 -18011.3320312 -17260.5800781 -17504.3613281
-17086.3886719 -16758.7285156 -17739.8789062 -17152.8515625 -16679.3632812 -17494.4179688 -16598.9433594 -16833.9394531
-16728.1132812 -16637.4648438 -17726.4843750 -17065.1894531 -16248.3720703 -17577.6406250 -16368.0976562 -16658.7343750
-17070.6679688 -16914.8906250 -17813.5527344 -17239.3574219 -16639.6699219 -17741.3085938 -16662.3027344 -16959.5820312
-16812.8085938 -16302.9570312 -17508.3535156 -16882.3144531 -16180.0048828 -17408.3476562 -16287.0732422 -16584.4218750
-16851.3789062 -16647.7714844 -17596.0390625 -17034.2949219 -16342.4326172 -17448.7011719 -16451.7871094 -16685.4941406
-16938.8320312 -16650.6562500 -17748.9609375 -17206.4902344 -16454.5273438 -17518.7207031 -16230.4716797 -16887.4492188
-17798.1015625 -18024.9218750 -17669.5097656 -17495.7792969 -18427.3046875 -17115.1699219 -18105.8105469 -17863.8085938
-17855.6816406 -18150.7910156 -17884.9531250 -17787.0273438 -18437.5859375 -17483.4199219 -18165.9609375 -18002.7519531
-17775.0390625 -18159.4121094 -17785.6523438 -17662.1171875 -18491.8359375 -17239.2089844 -18069.3886719 -17957.3632812
-16581.2539062 -16408.1289062 -17341.4179688 -16898.7832031 -16177.3417969 -17299.7128906 -16269.3837891 -16449.4746094
-18107.0234375 -18320.8828125 -17983.7460938 -17881.0664062 -18640.7011719 -17363.8378906 -18402.6582031 -18176.4375000
-16581.8320312 -16345.1796875 -17270.7226562 -16847.1542969 -16061.6113281 -17207.1816406 -15907.4218750 -16422.5488281
-17849.0292969 -18176.7421875 -17651.5253906 -17576.6093750 -18466.0839844 -17455.5371094 -18163.6132812 -18042.1621094
-18830.1992188 -19224.3769531 -18546.2246094 -18683.3105469 -19260.7695312 -18521.1386719 -19003.8867188 -18958.9121094
-17707.5937500 -18149.1035156 -17393.3652344 -17532.1894531 -18375.7656250 -17243.0039062 -18084.5332031 -17762.9863281
-17519.5117188 -17884.0234375 -17133.0039062 -17284.0761719 -18163.1953125 -17097.7792969 -17908.2089844 -17584.3417969
-19128.9316406 -19474.1914062 -18824.6503906 -18970.7558594 -19763.6152344 -18786.6269531 -19477.8515625 -19274.4628906
-18635.3457031 -18915.3671875 -18585.0253906 -18510.6972656 -19279.1386719 -18485.8203125 -18953.6191406 -18780.3925781
-19632.4140625 -19845.1914062 -19379.1738281 -19419.9667969 -20087.0273438 -19349.3593750 -19889.6289062 -19707.1074219
-18393.9277344 -18777.3398438 -18162.2050781 -18159.0937500 -18990.2812500 -18043.8203125 -18700.1503906 -18602.4492188
-18522.5488281 -18807.7988281 -18163.5019531 -18298.9472656 -18963.1777344 -18154.7011719 -18729.1445312 -18647.5312500
-18387.7578125 -18713.1601562 -17869.4687500 -18116.1406250 -19061.5058594 -18033.2656250 -18750.5039062 -18452.7050781
-18381.6054688 -18662.5742188 -18052.9960938 -18211.8261719 -19006.4394531 -17949.6347656 -18678.8730469 -18526.5664062
-18410.8769531 -18867.9785156 -18284.3320312 -18293.3300781 -19177.9296875 -18142.8300781 -18810.1113281 -18697.3750000
-18710.0332031 -19011.1015625 -18460.2441406 -18582.8457031 -19331.7109375 -18475.0820312 -19010.7421875 -18881.3242188
-18763.3964844 -19072.1367188 -18364.8847656 -18506.5507812 -19456.8144531 -18366.3750000 -19115.4335938 -18870.1914062
-19613.8417969 -19797.9023438 -19221.8476562 -19386.7089844 -20142.4941406 -19255.5312500 -19872.6425781 -19767.8359375
-19276.7753906 -19549.3613281 -19044.5683594 -19034.0878906 -19757.0664062 -18978.7343750 -19586.8906250 -19428.3984375
-17694.5683594 -18111.5761719 -17486.3066406 -17651.5390625 -18533.6816406 -17327.8066406 -18065.3085938 -17914.7792969
-18456.2382812 -18790.3437500 -18027.0996094 -18131.5976562 -19058.8066406 -18077.2851562 -18791.8398438 -18646.8925781
-19001.8125000 -19172.6386719 -18855.1406250 -18820.2441406 -19500.9628906 -18805.6230469 -19206.5488281 -19122.3203125
-18982.3437500 -19166.0410156 -18604.6894531 -18712.8183594 -19347.3789062 -18488.4648438 -19220.8261719 -18979.6972656
-16167.1181641 -16062.4150391 -16972.4746094 -16409.5683594 -15591.0351562 -16827.8554688 -15716.5859375 -16028.5859375
-16758.3183594 -16380.9892578 -17500.0253906 -16846.9472656 -16211.8720703 -17375.0292969 -16150.8212891 -16522.5371094
-18893.1093750 -18920.8085938 -19164.7441406 -18887.8984375 -18974.5585938 -19005.1210938 -18829.7050781 -18863.9941406
-18719.5839844 -18548.1914062 -19300.6074219 -18884.3496094 -18270.8476562 -19186.0410156 -18284.2753906 -18539.6582031
-18655.6367188 -18627.0468750 -19215.1757812 -18850.0527344 -18342.9414062 -19176.6425781 -18340.1914062 -18608.4277344
-17796.0566406 -17446.9023438 -18410.8808594 -17927.3183594 -17067.8710938 -18350.2089844 -17182.3378906 -17580.5585938
-17232.9218750 -17004.4863281 -17758.1953125 -17263.8613281 -16791.6250000 -17618.6660156 -16846.0820312 -17006.5468750
-17488.0253906 -17234.5507812 -18267.6289062 -17731.2773438 -17098.4472656 -18089.6464844 -16920.9472656 -17353.6035156
-17004.4511719 -16709.7597656 -17793.0507812 -17249.9531250 -16501.7460938 -17646.3281250 -16436.8398438 -17000.7714844
-17845.2753906 -17660.0371094 -18489.6328125 -18008.1757812 -17250.4062500 -18372.3183594 -17309.5878906 -17731.3769531
-17831.1523438 -17709.4843750 -18518.9843750 -18075.0917969 -17436.9824219 -18475.5136719 -17409.5761719 -17711.2500000
-15574.8144531 -15216.9277344 -16467.7832031 -15818.7070312 -15068.8837891 -16233.5732422 -14888.7714844 -15291.1845703
-16940.2382812 -16813.5683594 -17524.5839844 -17077.7031250 -16385.7089844 -17517.1835938 -16582.3222656 -16834.0976562
-16719.9667969 -16420.3613281 -17622.8183594 -16929.4648438 -16168.4892578 -17364.9902344 -15797.7099609 -16548.5820312
-17210.8808594 -17096.9179688 -17876.8085938 -17497.1894531 -16767.5000000 -17858.4199219 -16889.6562500 -17116.3222656
-15814.9941406 -15565.0527344 -16716.6914062 -16011.2402344 -15330.5546875 -16520.1328125 -15276.4980469 -15634.4492188
-16398.2558594 -16029.3896484 -17198.6445312 -16518.0097656 -15794.0146484 -16995.4140625 -15466.4707031 -16131.0898438
-15972.2333984 -15674.3222656 -16819.1503906 -16339.2636719 -15135.3095703 -16590.6835938 -15211.3398438 -15907.8710938
-15779.3554688 -15590.4843750 -16590.4394531 -16117.2578125 -15376.6191406 -16480.3457031 -15299.6552734 -15667.9023438
-16838.2578125 -16533.4003906 -17544.9160156 -17009.4101562 -16339.9550781 -17397.2851562 -16327.9169922 -16627.0175781
-17654.3886719 -17479.0488281 -18280.4589844 -17849.7753906 -17172.6093750 -18132.7285156 -17239.8750000 -17527.9179688
-16739.6757812 -16403.3007812 -17528.1679688 -16877.2246094 -16099.9892578 -17270.4843750 -16000.4365234 -16513.6132812
-17702.1542969 -17566.0234375 -18417.1308594 -17881.7402344 -17368.2578125 -18189.2871094 -17375.2265625 -17559.9472656
-16901.4667969 -16648.0058594 -17725.6074219 -17084.2441406 -16474.4902344 -17410.0546875 -16487.7031250 -16677.3808594
-17427.3105469 -17115.3144531 -18243.2343750 -17787.1582031 -17101.4570312 -18134.6855469 -16944.4453125 -17273.7460938
-16406.7558594 -16001.7412109 -17124.6250000 -16584.3105469 -15857.9794922 -17053.1777344 -15768.5341797 -16135.1923828
-16770.8984375 -16520.1386719 -17514.3710938 -16948.7871094 -16259.1298828 -17404.0957031 -16161.6376953 -16613.8906250
-16563.9863281 -16170.0693359 -17218.2695312 -16652.2890625 -15439.9023438 -17122.0800781 -15797.8203125 -16347.4492188
-17733.1328125 -17417.3613281 -18393.2070312 -17859.6347656 -17392.9277344 -18244.5566406 -17368.1386719 -17527.2519531
-17253.6093750 -16965.7734375 -17955.3574219 -17389.7343750 -16743.3085938 -17797.3847656 -16719.8535156 -17056.3632812
-17235.2128906 -17097.4394531 -17980.3027344 -17415.9433594 -16810.0136719 -17954.9511719 -16743.5957031 -17246.2148438
-16911.7851562 -17047.5410156 -17300.5078125 -16904.4062500 -16988.0449219 -17058.0078125 -16837.4238281 -16903.1250000
-17612.4648438 -17514.0644531 -18395.0664062 -17850.1777344 -17620.1679688 -18156.3417969 -17329.4335938 -17418.7441406
-15345.2080078 -15424.1767578 -16364.4882812 -15752.0869141 -15619.5332031 -16355.4970703 -15513.9052734 -15129.7880859
-16683.8652344 -16655.4082031 -17377.2558594 -16849.2363281 -16812.1757812 -17256.9570312 -16736.6777344 -16611.9062500
-16290.9814453 -16278.0029297 -17055.2304688 -16470.9960938 -16407.2089844 -16888.5957031 -16199.7255859 -15982.1650391
-16281.6494141 -15987.3554688 -17153.7675781 -16502.4062500 -16190.7421875 -17098.1660156 -16040.1191406 -16127.0234375
-16757.7207031 -16720.9824219 -17343.8417969 -16916.8437500 -16827.8222656 -17127.9785156 -16741.5000000 -16630.8515625
-16296.4707031 -16271.7285156 -17123.1660156 -16548.5859375 -16532.6074219 -16868.7753906 -16239.5810547 -15971.2666016
-16804.7988281 -16735.5917969 -17437.7109375 -17041.5546875 -17102.4628906 -17357.6093750 -16877.0195312 -16560.8164062
-17932.8593750 -17825.7304688 -18579.3417969 -18045.7460938 -18151.4082031 -18414.0644531 -17942.0058594 -17723.1523438
-17179.1035156 -17177.9746094 -17900.6640625 -17420.1035156 -17498.2539062 -17748.8730469 -17337.2460938 -17051.5898438
-17780.3730469 -17782.2734375 -18355.7617188 -17995.7988281 -17927.4472656 -18287.7656250 -17735.5859375 -17578.7128906
-16706.0312500 -16426.5292969 -17746.7871094 -16996.0332031 -16113.8603516 -17484.1523438 -16177.0566406 -16536.9628906
-16701.8066406 -16686.3339844 -17456.4140625 -16982.9355469 -16926.8066406 -17430.2832031 -16751.1972656 -16588.4765625
-16134.9560547 -16109.0527344 -16875.4140625 -16335.6416016 -16388.2070312 -16650.5742188 -16241.0234375 -15966.5634766
-16369.1123047 -16115.7197266 -17182.9238281 -16457.7500000 -16269.3740234 -17094.5097656 -16093.5136719 -16064.6533203
-16984.6406250 -16892.8593750 -17711.2734375 -17024.2519531 -17289.8828125 -17608.5371094 -16988.2675781 -16905.9589844
-17828.7109375 -17818.6289062 -18562.4726562 -18038.6484375 -18007.5703125 -18457.5878906 -17924.1054688 -17737.6074219
-16724.0253906 -16634.5117188 -17397.4843750 -16860.3945312 -16826.3574219 -17330.6210938 -16660.7226562 -16530.7578125
-18576.4589844 -18662.0429688 -18979.7968750 -18578.6582031 -18880.5371094 -18961.9492188 -18633.8027344 -18477.7402344
-17789.6289062 -17738.9511719 -18270.9765625 -17982.6386719 -17927.8750000 -18306.9726562 -17709.7812500 -17571.9433594
-15750.7968750 -15704.1279297 -16459.5781250 -16017.3583984 -15863.9306641 -16446.5390625 -15712.7050781 -15533.9130859
-17053.6503906 -17041.5644531 -17868.7851562 -17256.4687500 -17302.5878906 -17681.5742188 -17112.8867188 -16913.0957031
-16670.4843750 -16408.9941406 -17535.5585938 -16803.6757812 -16848.6640625 -17306.2753906 -16576.5058594 -16414.0742188
-17104.2031250 -17007.9902344 -17912.2890625 -17229.8496094 -17184.1972656 -17675.7714844 -16987.2851562 -16871.7226562
-17497.6210938 -17503.7890625 -18136.2519531 -17707.0019531 -17591.4453125 -17883.8476562 -17459.0761719 -17304.1386719
-17318.6191406 -17181.0371094 -17921.5195312 -17327.6503906 -17394.5800781 -17829.5097656 -17212.8359375 -17054.1367188
-18206.6679688 -18156.6074219 -18825.8691406 -18436.2617188 -18268.1308594 -18707.3261719 -18100.0683594 -18058.5820312
-17791.3359375 -17813.2929688 -18228.1210938 -17842.5214844 -17944.8476562 -18195.5175781 -17731.4531250 -17545.9140625
-16490.2167969 -16032.5839844 -17389.9003906 -16667.5742188 -16222.4453125 -17308.4570312 -16055.5820312 -16218.4267578
-16109.6201172 -15433.2783203 -16873.1699219 -16224.7431641 -15993.4482422 -16690.0742188 -15711.1210938 -15847.4091797
-16474.3906250 -15897.7880859 -17313.5664062 -16581.9121094 -16326.6220703 -17182.2675781 -15996.3154297 -16221.1894531
-17700.4824219 -17335.8867188 -18346.9355469 -17943.3945312 -17664.9902344 -18295.8085938 -17501.4296875 -17627.6015625
-17395.5175781 -17097.6542969 -18030.1152344 -17558.5253906 -17057.5429688 -17937.0996094 -16943.3750000 -17299.6015625
-16346.8457031 -15988.5058594 -17362.1972656 -16631.9687500 -16163.2050781 -17285.8242188 -16002.9453125 -16132.9169922
-17130.4609375 -16898.7695312 -17792.7578125 -17215.2617188 -16730.4843750 -17562.6367188 -16654.2597656 -16933.9179688
-16951.0820312 -16670.2949219 -17507.6816406 -17012.2128906 -17093.5781250 -17408.2656250 -16790.3535156 -16739.9335938
-18909.0097656 -18676.7050781 -19448.7890625 -18956.8476562 -18408.1503906 -19322.9765625 -18552.1113281 -18762.0390625
-17023.5214844 -16633.9394531 -17814.4609375 -17226.6074219 -16803.8496094 -17658.7480469 -16648.7167969 -16914.2402344
-17934.4082031 -17403.0312500 -18503.8437500 -17917.9492188 -17766.8417969 -18332.4238281 -17597.0683594 -17600.2988281
-17930.4042969 -17493.1191406 -18583.7792969 -18022.6113281 -17792.2167969 -18396.1484375 -17794.3437500 -17724.0957031
-18563.7089844 -18272.1835938 -19168.7636719 -18600.1855469 -18430.3164062 -19056.2597656 -18287.6113281 -18383.0039062
-18451.8554688 -18782.0527344 -18290.1250000 -18293.1425781 -19108.2480469 -17854.8359375 -18684.8300781 -18586.1093750
-18231.0839844 -17671.5781250 -18985.9355469 -18320.0839844 -18040.2792969 -18689.1289062 -17843.7695312 -17911.8691406
-18845.8007812 -18724.2519531 -19370.8593750 -18963.9023438 -18568.8652344 -19314.8613281 -18552.0664062 -18722.0781250
-19034.2207031 -19314.9257812 -18854.3359375 -18895.8242188 -19509.2285156 -18673.8984375 -19259.9335938 -19134.8222656
-18856.0625000 -18610.9511719 -19519.6484375 -19017.6484375 -18855.3847656 -19372.4492188 -18618.8847656 -18744.6015625
-19151.4609375 -19009.1425781 -19643.6347656 -19260.4882812 -19312.6445312 -19391.5566406 -19186.5156250 -19045.2714844
-18617.9570312 -18833.6015625 -18690.8105469 -18372.2656250 -19146.6542969 -18305.8378906 -18789.1640625 -18735.5605469
-18550.8144531 -18179.9003906 -19083.8613281 -18696.9140625 -18490.5058594 -19040.5117188 -18352.7089844 -18404.3886719
-18271.6210938 -18035.1601562 -18831.1347656 -18399.2500000 -17923.0546875 -18684.4355469 -17982.6523438 -18093.9843750
-17914.5273438 -17925.6328125 -18408.0410156 -17957.6562500 -18163.5566406 -18278.1054688 -17916.0410156 -17799.3964844
-18380.7910156 -18191.6855469 -18872.7363281 -18440.5917969 -17909.3164062 -18738.9218750 -17792.8359375 -18121.2949219
-18872.8535156 -18680.3300781 -19447.7871094 -19094.6835938 -19086.1738281 -19266.5761719 -18866.3125000 -18826.6738281
-18731.6679688 -19014.4140625 -18485.6777344 -18525.0468750 -19357.7812500 -18322.4863281 -19021.2792969 -18856.4902344
-19050.8496094 -19302.6621094 -18897.7656250 -18879.7792969 -19398.6601562 -18722.0761719 -19284.4121094 -19183.4257812
-18752.4023438 -18966.5898438 -18578.7109375 -18473.5351562 -19407.6777344 -18066.6542969 -19061.9003906 -18791.2070312
-18593.7402344 -18839.5234375 -18830.3476562 -18597.9394531 -19087.0332031 -18601.2421875 -18766.2773438 -18598.9179688
-17386.3281250 -17554.4707031 -17683.3457031 -17293.6113281 -17696.6171875 -17518.0683594 -17547.4433594 -17323.5781250
-18101.9335938 -18551.0781250 -17989.4414062 -17884.5468750 -18881.0917969 -17395.8222656 -18498.3125000 -18274.0937500
-18760.0078125 -19091.5449219 -18502.0039062 -18519.0722656 -19431.9316406 -18231.8125000 -19066.2734375 -18927.1445312
-18591.3691406 -18275.6660156 -19156.3906250 -18705.8261719 -18584.9550781 -19077.3417969 -18504.4531250 -18409.9101562
-18549.6835938 -18092.8886719 -19251.1621094 -18546.1679688 -18559.6914062 -19035.9804688 -18282.1582031 -18328.3457031
-18352.0390625 -18211.9765625 -19023.5273438 -18514.7714844 -18030.8886719 -18721.2695312 -18011.2070312 -18224.0234375
-17437.0800781 -16891.2714844 -18148.3007812 -17398.4628906 -17444.1992188 -17937.8789062 -17147.4355469 -17184.3750000
-18519.6054688 -18299.8535156 -19180.6914062 -18633.1386719 -18203.3066406 -18948.6542969 -18185.9335938 -18468.0117188
-17342.4375000 -17129.6796875 -18089.0058594 -17486.0410156 -16906.1230469 -17969.1035156 -16814.9414062 -17266.2148438
-18632.9355469 -18876.3222656 -18367.0878906 -18397.9121094 -19280.5546875 -18175.5566406 -18850.9824219 -18750.5351562
-18063.7031250 -18438.7128906 -17829.3105469 -17822.0898438 -18866.7851562 -17598.8710938 -18411.4082031 -18232.4121094
-17874.0039062 -18330.5878906 -17688.1660156 -17742.4960938 -18555.2011719 -17310.9921875 -18229.7207031 -18024.7734375
-18124.7324219 -17790.3593750 -18695.2519531 -18279.2031250 -18222.6542969 -18498.1425781 -18054.1308594 -17966.4101562
-19454.8398438 -19401.6386719 -19927.9003906 -19581.4902344 -19200.4511719 -19869.6425781 -19175.5214844 -19306.6503906
-17907.4765625 -18248.9472656 -17767.2304688 -17682.0000000 -18421.8554688 -17266.9140625 -18181.0410156 -18044.4160156
-18323.4257812 -17907.7949219 -18887.5761719 -18378.3398438 -18176.6523438 -18692.7167969 -18143.5195312 -18110.6074219
-18835.1640625 -19100.2539062 -18707.3632812 -18699.1855469 -19330.5859375 -18330.7460938 -19003.6406250 -18985.1152344
-17388.2773438 -16987.2285156 -18144.4414062 -17650.7597656 -17394.6503906 -17937.7246094 -17247.3535156 -17282.7089844
-18643.0000000 -18972.2500000 -18317.1796875 -18345.2148438 -19271.3574219 -18213.6640625 -18971.7500000 -18828.5585938
-18118.1171875 -18366.8046875 -17938.6738281 -17925.3125000 -18739.0371094 -17539.8457031 -18299.3105469 -18374.3535156
-18821.5625000 -19168.6953125 -18587.8964844 -18653.7636719 -19498.0664062 -18340.1171875 -19212.6562500 -19006.7714844
