-16566.2968750 -16581.6816406 -17260.9687500 -16755.2968750 -16904.3750000 -17089.8671875 -16587.1210938 -16426.7480469
-16593.6093750 -16742.9199219 -17365.7070312 -16850.5410156 -16879.5996094 -17222.3320312 -16612.0996094 -16403.9101562
-16896.8203125 -17069.0839844 -17592.0527344 -17130.1171875 -17167.9882812 -17522.3027344 -17060.7089844 -16828.3964844
-17093.2343750 -17235.9062500 -17921.5839844 -17465.8769531 -17397.0625000 -17900.2070312 -17217.1503906 -17118.7031250
-17522.0605469 -17702.8847656 -18106.7148438 -17799.0625000 -17781.4687500 -18127.6210938 -17657.8691406 -17577.0039062
-16198.4453125 -16373.6386719 -17009.9218750 -16558.4707031 -16624.7656250 -16978.6660156 -16419.6582031 -16302.6621094
-17454.3652344 -17731.6679688 -17881.7011719 -17739.3593750 -17964.6074219 -18054.4746094 -17706.9960938 -17543.2285156
-15785.5390625 -16180.0478516 -16475.7148438 -16177.3671875 -16112.9687500 -16597.1015625 -15995.9697266 -15821.9658203
-16256.9414062 -16411.9140625 -16793.9003906 -16401.4003906 -16749.1718750 -16739.6171875 -16444.9843750 -16392.7832031
-15989.1015625 -16107.1425781 -16701.1054688 -16185.6484375 -16229.3652344 -16586.3671875 -16065.9794922 -15957.0976562
-15931.7841797 -16082.7548828 -16820.9082031 -16070.0947266 -16455.8769531 -16640.4101562 -16071.9716797 -15726.1894531
-15945.6728516 -15861.8564453 -16826.9492188 -16266.1572266 -16314.9062500 -16831.6289062 -16074.6445312 -15895.7373047
-16056.5097656 -16312.4179688 -16827.5039062 -16267.2949219 -16792.0195312 -16718.4492188 -16327.5937500 -15975.3916016
-16067.2285156 -16459.6777344 -16829.4179688 -16339.2539062 -16650.5800781 -16768.1503906 -16370.2421875 -16116.1074219
-16295.1582031 -16547.2304688 -16777.8417969 -16453.2617188 -16838.5664062 -16631.0371094 -16551.9570312 -16353.5332031
-16295.7773438 -16522.7890625 -17072.6835938 -16546.5957031 -16750.4804688 -16862.5683594 -16422.0058594 -16112.6054688
-17417.8417969 -17573.8808594 -17878.9882812 -17580.2773438 -17873.1132812 -17814.2714844 -17615.8671875 -17458.6738281
-16348.8574219 -16532.4609375 -17007.2324219 -16553.5292969 -16706.9433594 -16989.8828125 -16577.7246094 -16424.6542969
-16268.9609375 -16333.1904297 -16977.2988281 -16521.5156250 -16727.4863281 -16941.9726562 -16416.3417969 -16110.1718750
-16422.4472656 -16604.7988281 -17100.2558594 -16741.1582031 -16900.8925781 -17197.7910156 -16687.7558594 -16438.7851562
-16353.8837891 -16646.5058594 -17025.0468750 -16450.6269531 -16814.1289062 -17025.2187500 -16597.5527344 -16527.3886719
-16071.1777344 -16382.8046875 -16787.2734375 -16308.5605469 -16620.7382812 -16617.0136719 -16344.4609375 -16172.2607422
-16020.1347656 -16020.6269531 -16811.6933594 -16311.3759766 -16247.9130859 -16759.8378906 -16017.1943359 -16017.2919922
-16094.4833984 -16323.6875000 -16906.6972656 -16288.1826172 -16597.6542969 -16844.7421875 -16313.4853516 -16120.1718750
-16224.1552734 -16517.6875000 -16826.8867188 -16306.8789062 -16753.3691406 -16702.2500000 -16421.0000000 -16266.0781250
-15813.9560547 -16319.9833984 -16734.6816406 -16218.4140625 -16526.9863281 -16686.8789062 -16224.2333984 -15971.6259766
-15967.2314453 -16108.5361328 -16745.8925781 -16287.9072266 -16278.4687500 -16656.3261719 -16082.7275391 -15959.1591797
-16359.6406250 -16596.5722656 -16922.5175781 -16544.4531250 -16683.9355469 -16957.0839844 -16474.4570312 -16449.7832031
-15236.6435547 -15397.5478516 -15989.6064453 -15362.5576172 -15756.8037109 -15844.0009766 -15393.3564453 -15267.5400391
-15217.7636719 -15622.8281250 -16052.4951172 -15544.5976562 -15652.7724609 -16040.4511719 -15500.2529297 -15212.0771484
-15759.1806641 -15997.0820312 -16528.3691406 -15989.5185547 -16166.1279297 -16428.0156250 -15948.4384766 -15785.2050781
-16382.7685547 -16667.6542969 -17022.7695312 -16612.3203125 -16787.3007812 -17082.2753906 -16698.9902344 -16470.8632812
-16254.2050781 -16311.0205078 -16866.9726562 -16447.3828125 -16474.2382812 -16876.5488281 -16349.0439453 -16118.3291016
-15946.7607422 -16104.7138672 -16638.8125000 -16237.1503906 -16416.8398438 -16479.3164062 -16178.7763672 -15954.7841797
-16555.4238281 -16874.5839844 -17243.6113281 -16776.6074219 -17186.1542969 -17124.4550781 -16843.7167969 -16713.6816406
-16759.7226562 -17288.6972656 -17624.1523438 -17340.0781250 -17641.6210938 -17549.7285156 -17294.5488281 -17106.0722656
-16622.9101562 -16801.4472656 -17336.6679688 -16855.9160156 -17175.8984375 -17223.5820312 -16926.3125000 -16753.0078125
-16642.4863281 -16708.1113281 -17237.1992188 -16944.4550781 -16912.5097656 -17293.8183594 -16823.8437500 -16660.0097656
-16414.9609375 -16603.6289062 -17089.8574219 -16708.0253906 -16785.7167969 -17007.7675781 -16625.6582031 -16365.9794922
-16905.9687500 -17150.7890625 -17539.5000000 -17081.5039062 -17440.6621094 -17493.5761719 -17322.1308594 -17106.1191406
-16868.6035156 -17064.6250000 -17492.5429688 -17101.9140625 -17430.5097656 -17407.3046875 -17037.5039062 -16762.7832031
-17238.9003906 -17346.4785156 -17793.6601562 -17570.7792969 -17412.2519531 -17834.0097656 -17369.8339844 -17244.3925781
-16679.7832031 -16698.6972656 -17330.4414062 -16748.9843750 -17062.7597656 -17181.4628906 -16761.4042969 -16623.5097656
-16486.6347656 -16511.1933594 -17211.2539062 -16639.9238281 -16664.4179688 -17063.8339844 -16491.8632812 -16317.5888672
-16196.2822266 -16569.1660156 -16901.8593750 -16610.5332031 -16714.4160156 -16788.6054688 -16352.0468750 -16353.0449219
-16495.0957031 -17011.5527344 -16862.3730469 -16730.5566406 -17324.0937500 -16736.4667969 -17030.7265625 -16816.0742188
-16722.2734375 -16761.6757812 -17405.5195312 -16981.6269531 -16999.5273438 -17308.0332031 -16746.8535156 -16615.5605469
-16517.1777344 -16832.1035156 -17348.4726562 -16800.3925781 -16978.9746094 -17238.2363281 -16649.4101562 -16634.3125000
-16276.7236328 -16597.1582031 -16845.0488281 -16534.7910156 -16788.8320312 -16868.5859375 -16407.0878906 -16395.5488281
-16224.7705078 -16599.1933594 -17027.4316406 -16510.2617188 -16907.9570312 -17006.0722656 -16683.9667969 -16497.9667969
-16393.2753906 -16418.2031250 -17122.8945312 -16615.9003906 -16630.0703125 -17140.2265625 -16396.4570312 -16205.1259766
-17425.5507812 -17510.2890625 -17931.1347656 -17544.7167969 -17710.1308594 -17928.9492188 -17487.4746094 -17375.9628906
-17588.3476562 -17738.8378906 -18139.2949219 -17748.2890625 -17989.7363281 -18026.7343750 -17745.0839844 -17551.4160156
-18245.0625000 -18382.9492188 -18642.7617188 -18380.7441406 -18582.7851562 -18695.0312500 -18384.3378906 -18133.5781250
-17750.8710938 -17881.5039062 -18398.8476562 -18039.1113281 -18102.0917969 -18280.6367188 -17967.8945312 -17711.4394531
-16939.2187500 -17046.0097656 -17513.9414062 -17160.5878906 -17296.3085938 -17468.6621094 -17107.8769531 -16856.5214844
-16294.7421875 -16393.6621094 -16856.9667969 -16367.6425781 -16625.0429688 -16770.5703125 -16352.6630859 -16172.8613281
-17372.1464844 -17521.4121094 -17918.1484375 -17541.3242188 -17706.3945312 -17829.7792969 -17486.0996094 -17329.0703125
-16829.7421875 -16962.8359375 -17469.3886719 -16942.6347656 -17183.1835938 -17491.3730469 -16912.7929688 -16960.8496094
-17068.6523438 -17175.3359375 -17194.4511719 -16904.1191406 -17428.3632812 -17059.4062500 -17152.7265625 -16931.3320312
-16841.0742188 -17015.2265625 -17541.8593750 -16958.0156250 -17159.7382812 -17346.7304688 -17048.8906250 -16829.3652344
-16536.3632812 -16888.9238281 -17216.6484375 -16734.7402344 -17133.3730469 -17152.6308594 -16837.1875000 -16717.0019531
-16529.7363281 -16709.2343750 -17299.9882812 -16866.8339844 -17062.0332031 -17293.6933594 -16747.1972656 -16509.6093750
-17084.8535156 -17284.9941406 -17827.0605469 -17502.4785156 -17437.3066406 -17764.4257812 -17308.7636719 -17048.1386719
-16812.3281250 -16968.7148438 -17550.8242188 -17169.9414062 -17105.9824219 -17508.9589844 -16974.2812500 -16829.8984375
-16954.2656250 -16962.8769531 -17528.4257812 -17075.8320312 -17124.9980469 -17351.6992188 -16990.0761719 -16887.8671875
-17617.5253906 -17996.1445312 -17922.9843750 -17545.4121094 -18062.3281250 -17731.1289062 -17897.5898438 -17839.4023438
-17078.2070312 -17274.8847656 -17742.8984375 -17314.8125000 -17493.3867188 -17570.5917969 -17319.0429688 -17216.6269531
-16774.6367188 -16791.5371094 -17479.7792969 -16996.2324219 -17007.6386719 -17262.7324219 -16812.0625000 -16588.8691406
-17673.9511719 -17991.6464844 -18152.0214844 -17993.2851562 -17985.5390625 -18195.8242188 -17840.7167969 -17792.9414062
-17339.6542969 -17502.0000000 -17817.8417969 -17394.4707031 -17813.4433594 -17742.9375000 -17463.9121094 -17268.6523438
-16841.6328125 -16874.9687500 -17523.8378906 -17078.6074219 -17112.3125000 -17360.4140625 -16866.1875000 -16511.4570312
-16450.0117188 -16638.9277344 -17311.5292969 -16783.5976562 -16855.4277344 -17310.0800781 -16806.3105469 -16535.5097656
-16510.6250000 -16733.6210938 -17327.2128906 -16776.5957031 -16946.4902344 -17222.4355469 -16714.7558594 -16438.8476562
-16179.9404297 -16442.1308594 -16874.8437500 -16411.0761719 -16624.4960938 -16845.2949219 -16382.2431641 -16273.7031250
-16856.3027344 -16943.9082031 -17459.9042969 -16955.9121094 -17323.2070312 -17396.1757812 -17191.2656250 -16821.8261719
-16760.0273438 -17046.4902344 -17203.1503906 -16922.3457031 -17222.0546875 -17235.5566406 -16937.8867188 -16936.8964844
-17048.7128906 -17170.3945312 -17803.9785156 -17284.0878906 -17271.7109375 -17810.2968750 -17121.5898438 -16861.3828125
-16736.2128906 -16796.0429688 -17359.9785156 -16858.2578125 -16969.8085938 -17267.0917969 -16726.9941406 -16661.8339844
-16865.9980469 -17073.0585938 -17356.8007812 -17057.6562500 -17254.7675781 -17407.0468750 -17043.3632812 -16906.4667969
-16709.4785156 -16878.2812500 -16877.4023438 -16511.5175781 -17068.6855469 -16872.3066406 -16894.7246094 -16761.1523438
-16693.7480469 -16978.2656250 -16871.6035156 -16395.0703125 -17095.6171875 -16837.8046875 -16907.4531250 -16811.5820312
-16731.9960938 -16938.1933594 -16765.5996094 -16403.5234375 -17345.4042969 -16673.9882812 -17006.2382812 -16773.1464844
-18437.8593750 -18563.4667969 -18462.8574219 -18073.0175781 -18823.0371094 -18485.8417969 -18564.7402344 -18442.6367188
-17037.7460938 -17244.2304688 -17187.4277344 -16681.0234375 -17503.0253906 -17193.8710938 -17113.0410156 -17082.2265625
-16957.0683594 -17035.3066406 -17114.5000000 -16588.4707031 -17434.1699219 -17073.9667969 -17127.1894531 -16955.5605469
-17519.9707031 -17718.0058594 -17489.3671875 -17166.6679688 -18042.9921875 -17497.1152344 -17638.9296875 -17647.9296875
-16406.2949219 -16551.0683594 -16560.2539062 -16035.0312500 -16789.6835938 -16544.4882812 -16553.2343750 -16273.9980469
-16359.4863281 -16607.9492188 -16258.1240234 -16124.4570312 -16934.2558594 -16329.3886719 -16767.2265625 -16456.2480469
-16008.6982422 -16238.2187500 -16016.7148438 -15320.6591797 -16709.1875000 -15985.4921875 -16205.1630859 -16122.6572266
-16463.9218750 -16627.2441406 -16675.4121094 -16164.7412109 -17006.6542969 -16489.7050781 -16679.0605469 -16423.6425781
-16863.0976562 -17010.3613281 -16724.3925781 -16382.6054688 -17400.7851562 -16713.1621094 -17044.9960938 -16885.8320312
-15449.2792969 -15427.0419922 -15825.0380859 -15197.5058594 -15699.0009766 -15916.4052734 -15373.6875000 -15324.9746094
-17481.5312500 -17841.0683594 -17530.1523438 -17140.2324219 -18084.9765625 -17519.9726562 -17820.8808594 -17710.9062500
-16716.8300781 -17120.6582031 -16744.5585938 -16429.6621094 -17462.6992188 -16713.0937500 -17060.0175781 -16917.4296875
-17440.3359375 -17484.2617188 -17392.7167969 -16972.4785156 -18028.2539062 -17481.3125000 -17585.9238281 -17472.1601562
-17469.4160156 -17676.5585938 -17495.5039062 -17194.8808594 -17819.0585938 -17561.2636719 -17570.8906250 -17406.1093750
-16744.9960938 -16917.8242188 -16966.7578125 -16551.8476562 -17238.4101562 -16912.2441406 -16906.8847656 -16670.3828125
-16252.3466797 -16628.1484375 -16374.7060547 -15779.3417969 -16883.8750000 -16470.2519531 -16614.5488281 -16379.0292969
-16889.1035156 -17137.3730469 -16829.9511719 -16422.5507812 -17445.5859375 -16802.4375000 -17130.5996094 -16937.4199219
-18130.8652344 -18635.6152344 -17273.7324219 -18035.8046875 -18872.2402344 -17863.9667969 -18592.3964844 -18295.0644531
-17373.8652344 -17826.4277344 -16501.0703125 -17150.5781250 -18095.8847656 -17151.5546875 -17781.3242188 -17663.5039062
-18108.4179688 -18504.8085938 -17267.9453125 -17873.9765625 -18673.4238281 -17716.9472656 -18383.7304688 -18316.9511719
-19320.7929688 -19549.4550781 -18413.8769531 -18982.3847656 -19832.4179688 -18983.7500000 -19529.2363281 -19338.7402344
-17418.1015625 -17633.9589844 -16799.5253906 -16965.9863281 -18023.1425781 -16886.6406250 -17692.7968750 -17493.2988281
-18516.6660156 -18824.6660156 -17706.0351562 -18309.3281250 -19095.4023438 -18275.5371094 -18798.5878906 -18707.9355469
-18577.2558594 -18896.1582031 -17753.7070312 -18300.4140625 -19075.5703125 -18272.8847656 -18803.6699219 -18650.3710938
-18315.9062500 -18578.4238281 -17831.0664062 -18195.2714844 -18825.2792969 -18046.2500000 -18515.3808594 -18463.0312500
-18867.1699219 -19085.4902344 -18471.4121094 -18607.9843750 -19475.9433594 -18558.5234375 -19095.7031250 -18914.9082031
-18418.6582031 -18718.8222656 -17635.6796875 -18145.0019531 -18865.1171875 -18211.2265625 -18635.8066406 -18528.5468750
-17682.1054688 -18107.3984375 -16579.9140625 -17446.5507812 -18398.1972656 -17311.4531250 -18077.1621094 -17881.3535156
-16550.8046875 -16333.1914062 -17118.4003906 -16657.3574219 -16046.9814453 -17151.7617188 -16033.8115234 -16428.1582031
-16736.8964844 -16368.7255859 -17537.5683594 -17023.9062500 -16740.1816406 -17446.6738281 -16603.8593750 -16712.2519531
-17711.8613281 -17630.2539062 -18266.5312500 -17915.6191406 -17450.3222656 -18385.3593750 -17505.4453125 -17733.1621094
-18159.3183594 -17918.4082031 -18890.2031250 -18473.4687500 -18199.6855469 -18789.6015625 -18131.0312500 -18097.0585938
-17477.0351562 -17240.4511719 -18187.6582031 -17672.3183594 -17454.8281250 -18085.5410156 -17343.5585938 -17352.9179688
-17014.1562500 -16578.0937500 -17757.1425781 -17263.6367188 -17027.5000000 -17826.6660156 -16830.2890625 -17005.0371094
-16255.4970703 -15843.7568359 -17158.6953125 -16524.7910156 -16292.9482422 -17044.4707031 -16024.9375000 -16159.3408203
-17940.6894531 -17591.3886719 -18465.6738281 -18087.0976562 -17989.5898438 -18362.2675781 -17760.8828125 -17821.2968750
-16311.2919922 -16051.3457031 -17118.5332031 -16563.2656250 -16282.6074219 -17079.4980469 -16155.1855469 -16308.4375000
-16817.9453125 -16379.7919922 -17431.8125000 -16851.9531250 -16762.2968750 -17304.2402344 -16425.3007812 -16606.6835938
-16950.6152344 -16774.0507812 -17623.5683594 -17098.9980469 -16736.8906250 -17560.2500000 -16711.5605469 -16775.1425781
-16393.4316406 -16222.3466797 -17184.4589844 -16577.8339844 -16488.3964844 -17065.2753906 -16259.6435547 -16223.2939453
-17030.6230469 -16697.6972656 -17780.1972656 -17271.6386719 -17086.7480469 -17773.8066406 -16905.6972656 -16903.9414062
-16728.1972656 -16092.1816406 -17503.1699219 -16872.0585938 -16512.5488281 -17372.2031250 -16455.1601562 -16492.9550781
-16315.9833984 -15826.0527344 -17141.3007812 -16574.2187500 -16259.9814453 -17171.0312500 -16177.9208984 -16226.2470703
-15992.8925781 -15417.0751953 -16772.9472656 -16078.6328125 -15867.9570312 -16656.8613281 -15637.1552734 -15820.5332031
-16662.7011719 -16419.4804688 -17353.5078125 -16948.1503906 -16755.9179688 -17334.3496094 -16644.7851562 -16655.2285156
-16133.8369141 -15880.1328125 -16848.0683594 -16288.7666016 -15791.4882812 -16858.1386719 -15713.4609375 -15984.6708984
-16325.0185547 -16069.3906250 -17072.9765625 -16540.8808594 -15966.7441406 -16952.0859375 -15908.1767578 -16240.3085938
-17390.1171875 -17110.8632812 -18105.0429688 -17634.4667969 -17337.2636719 -17970.2480469 -17324.1933594 -17279.3222656
-16279.6533203 -16050.9902344 -17281.7695312 -16586.0332031 -16390.2246094 -17253.6093750 -16176.7304688 -16282.2158203
-17623.4687500 -17495.1484375 -18215.9335938 -17778.6855469 -17263.6113281 -18072.7949219 -17279.1152344 -17472.8496094
-16678.6953125 -16314.2626953 -17481.0234375 -16917.6289062 -16674.1542969 -17506.7656250 -16528.5644531 -16563.2617188
-16493.8183594 -16135.3593750 -17326.9960938 -16767.3906250 -16398.1152344 -17253.7675781 -16328.4531250 -16424.9824219
-16771.0898438 -16522.5996094 -17500.3535156 -16923.0234375 -16263.6923828 -17437.0878906 -16325.0468750 -16609.3457031
-15478.2998047 -15066.8828125 -16560.4433594 -15790.8564453 -15681.5761719 -16417.6796875 -15424.0771484 -15447.0976562
-15172.2763672 -14778.4072266 -16079.4443359 -15522.3642578 -15209.8349609 -16096.8349609 -14917.3095703 -15134.2968750
-15191.4365234 -14962.1611328 -16383.0869141 -15700.1621094 -15457.5273438 -16151.8935547 -15150.8593750 -15185.6962891
-15829.8330078 -15651.9511719 -16647.4023438 -16099.8994141 -15314.4765625 -16602.2128906 -15325.1376953 -15664.4433594
-17839.5781250 -17705.5820312 -18432.7792969 -18016.6621094 -17481.5312500 -18376.9648438 -17486.3925781 -17695.9980469
-16683.5214844 -16534.6347656 -17577.6699219 -17066.5371094 -16445.9414062 -17531.5312500 -16466.1503906 -16685.5332031
-17794.6015625 -17428.1582031 -18449.7753906 -18015.8847656 -17736.9609375 -18508.4804688 -17699.1054688 -17797.5214844
-16705.3085938 -16444.6621094 -17293.5820312 -16782.7675781 -16935.0722656 -17055.7460938 -16615.4941406 -16634.6757812
-16544.9316406 -16286.2314453 -17382.2207031 -16697.9746094 -16421.7890625 -17244.3359375 -16269.7353516 -16419.5878906
-17309.4375000 -16901.5371094 -18014.0136719 -17453.3183594 -17178.5625000 -17947.7832031 -17059.0390625 -17162.9765625
-16205.7607422 -15887.4199219 -17147.7812500 -16455.8320312 -16265.1132812 -17000.5781250 -16124.8671875 -16209.7900391
-16145.7070312 -16047.0664062 -17061.7363281 -16459.0214844 -15834.5742188 -16964.3007812 -15828.7880859 -16257.6865234
-15982.9853516 -15432.6474609 -16882.0722656 -16216.7568359 -15898.0302734 -16750.1972656 -15690.4941406 -15885.9726562
-16229.8857422 -16000.1728516 -17050.1425781 -16457.7207031 -16032.0273438 -16863.3339844 -15979.0644531 -16181.3466797
-15821.7011719 -15442.9589844 -16859.9355469 -16091.9960938 -15814.8681641 -16747.0761719 -15532.6855469 -15725.4365234
-16639.3789062 -16175.0703125 -17411.8300781 -16715.9355469 -16221.3466797 -17208.1699219 -16204.5458984 -16468.2539062
-16385.0898438 -16153.8730469 -17191.4902344 -16572.6464844 -16220.3925781 -17071.2968750 -16176.6103516 -16312.7392578
-15555.2216797 -15084.8818359 -16665.5605469 -15912.9951172 -15565.1679688 -16425.9492188 -15451.0283203 -15457.4101562
-16121.8076172 -15864.5283203 -16957.4375000 -16360.6640625 -16215.5439453 -16869.9511719 -15978.9921875 -16085.1630859
-15920.2607422 -15510.9853516 -16744.4277344 -16220.0800781 -15399.0673828 -16810.3945312 -15486.3164062 -15813.6787109
-15862.0927734 -15871.3388672 -16560.3164062 -15972.7724609 -15678.4775391 -16359.2607422 -15746.5869141 -15799.8896484
-15408.6953125 -15233.2832031 -16303.5732422 -15657.8378906 -14805.1474609 -16194.5410156 -14965.9052734 -15151.9101562
-17719.2031250 -17399.1367188 -18407.2226562 -17836.5527344 -17698.4218750 -18362.5664062 -17526.2050781 -17467.7207031
-15186.5175781 -14674.3076172 -16159.7070312 -15496.7597656 -15067.9931641 -16076.4599609 -14891.1445312 -15087.8398438
-17877.5722656 -17646.8398438 -18448.7460938 -18023.4570312 -17899.9394531 -18356.2109375 -17573.7714844 -17674.8085938
-17796.8632812 -17601.3320312 -18519.8535156 -18080.6250000 -17481.9453125 -18430.3007812 -17482.4980469 -17668.9746094
-17171.0156250 -17004.3652344 -17869.4902344 -17345.0839844 -16769.7304688 -17776.6933594 -16705.0507812 -17043.9316406
-17790.4179688 -17495.9492188 -18492.2011719 -18035.5371094 -17802.2246094 -18410.8203125 -17730.9746094 -17719.3632812
-16162.8603516 -15486.5458984 -16952.2734375 -16461.6328125 -16074.5175781 -16893.4980469 -15973.4853516 -15934.4550781
-16330.0664062 -16048.7060547 -17256.1171875 -16544.0937500 -16294.2714844 -17130.0859375 -16135.8408203 -16197.6914062
-16157.1621094 -15773.7871094 -17036.4531250 -16499.8554688 -16208.7871094 -16849.8281250 -16052.3330078 -16078.9492188
-17032.2734375 -16999.5273438 -17775.6054688 -17304.5917969 -16679.2773438 -17597.1054688 -16636.6953125 -16955.3554688
-17055.7812500 -16878.8964844 -17850.3515625 -17202.6835938 -16561.9218750 -17580.6093750 -16530.8671875 -16902.7324219
-18865.2988281 -18557.4492188 -19477.8437500 -19000.0429688 -18854.8125000 -19351.1796875 -18778.4726562 -18749.9140625
-17204.1406250 -16827.1875000 -18060.3085938 -17395.8359375 -17055.6914062 -17957.9453125 -16936.4804688 -16982.6406250
-17276.8476562 -17109.2265625 -17883.3945312 -17362.9882812 -17103.8593750 -17858.4101562 -16967.7949219 -17183.2402344
-15981.2988281 -15636.6230469 -16878.9179688 -16163.7187500 -15782.3027344 -16752.5000000 -15586.0546875 -15791.0341797
-16069.8134766 -15705.5683594 -16929.7246094 -16296.4912109 -16099.9169922 -16796.1992188 -15861.9296875 -15902.1884766
-18607.0605469 -18288.7988281 -19100.8886719 -18760.8554688 -18597.3046875 -19075.2011719 -18462.3164062 -18539.7148438
-17001.8984375 -16613.3574219 -17721.8652344 -17297.2675781 -16783.5605469 -17650.4082031 -16684.8496094 -16761.5117188
-16636.2167969 -16475.0585938 -17427.1679688 -16901.2890625 -16280.9208984 -17322.1054688 -16345.6259766 -16586.5722656
-16243.4804688 -16108.1562500 -17107.9238281 -16472.2285156 -15881.8417969 -16986.7597656 -15824.5644531 -16109.8603516
-17162.3613281 -16781.6152344 -17794.9453125 -17345.5234375 -16970.3300781 -17800.8945312 -16796.8652344 -17027.5546875
-16787.8535156 -16545.5820312 -17479.7167969 -17008.9062500 -16425.0175781 -17397.1269531 -16367.2626953 -16692.7304688
-16430.2968750 -16321.0195312 -17285.2207031 -16775.2480469 -16101.7099609 -17349.6269531 -15979.1630859 -16341.1875000
-16381.0556641 -16131.4638672 -17047.2832031 -16382.0478516 -15910.0556641 -16926.1640625 -15856.7832031 -16200.2871094
-16754.5644531 -16222.1689453 -17414.2187500 -16909.6855469 -16574.2089844 -17204.8085938 -16473.4921875 -16513.8613281
-17480.0449219 -17374.7148438 -18087.8378906 -17717.6933594 -17226.2324219 -18152.5371094 -17244.7187500 -17435.2089844
-16594.9902344 -16215.2802734 -17438.1738281 -16826.7949219 -16636.2460938 -17277.0449219 -16462.2460938 -16470.7265625
-16779.4179688 -16383.2900391 -17575.4902344 -16999.0390625 -16706.2109375 -17393.7363281 -16488.3769531 -16597.7148438
-18772.9863281 -18494.0957031 -19395.4667969 -18947.4980469 -18831.6406250 -19308.8378906 -18670.0625000 -18748.9277344
-15570.6865234 -15145.0117188 -16469.4023438 -15825.8642578 -15540.3056641 -16429.8183594 -15356.8066406 -15356.1367188
-17661.5761719 -17419.4648438 -18245.0468750 -17701.1406250 -17797.0839844 -18206.7617188 -17575.7558594 -17608.9589844
-16679.1171875 -16240.1054688 -17624.6992188 -16948.2753906 -16636.7734375 -17526.9179688 -16505.9687500 -16655.0957031
-17137.2968750 -16994.2050781 -17836.3867188 -17350.1132812 -16909.0253906 -17846.6132812 -16895.7480469 -17028.0000000
-17545.1230469 -17208.9082031 -18393.0683594 -17867.3222656 -17396.0976562 -18247.8164062 -17265.5175781 -17501.2792969
-16998.9609375 -16682.4121094 -17803.2675781 -17234.3437500 -16805.9218750 -17664.8378906 -16752.3750000 -16892.4238281
-16197.0380859 -15889.2792969 -16996.7578125 -16486.9472656 -16048.6562500 -16944.2363281 -15786.1250000 -16091.1396484
-16668.7031250 -16203.5830078 -17552.2187500 -16793.5898438 -16702.8476562 -17430.1542969 -16570.6503906 -16543.5800781
-16997.4765625 -16581.5019531 -17693.9121094 -17205.1953125 -16830.6835938 -17596.3808594 -16754.9179688 -16796.7421875
-16884.2675781 -16677.5488281 -17702.6113281 -17191.2441406 -16581.0546875 -17665.0859375 -16528.1816406 -16709.4726562
-16376.1064453 -16584.7050781 -16573.5429688 -16179.1025391 -16879.9355469 -16672.4902344 -16544.7773438 -16571.0019531
-16086.4160156 -16525.0214844 -16669.4921875 -16221.4003906 -16679.1718750 -16626.8808594 -16348.7734375 -16339.8066406
-18080.6210938 -18295.6406250 -18203.0429688 -17872.4550781 -18517.8125000 -18190.1523438 -18235.5468750 -18142.4140625
-18108.6660156 -18514.0253906 -17920.6269531 -17856.9101562 -18773.1074219 -17520.5039062 -18443.0449219 -18188.0097656
-17451.8984375 -17775.4218750 -17382.4394531 -16979.6660156 -18002.7285156 -17325.2187500 -17692.6191406 -17614.6992188
-17317.7421875 -17701.0468750 -16965.9765625 -16930.9257812 -18067.5917969 -16856.0019531 -17734.9277344 -17571.3046875
-17364.2324219 -17479.9414062 -17510.0312500 -17263.9453125 -17866.9160156 -17482.7324219 -17520.2324219 -17425.5292969
-16696.8886719 -16881.3105469 -16708.7363281 -16314.1894531 -17299.5781250 -16596.5039062 -16856.4140625 -16711.9492188
-17244.9375000 -17547.2949219 -17489.8027344 -17056.0546875 -17906.0546875 -17456.1875000 -17514.6113281 -17353.0781250
-17361.5351562 -17529.9570312 -17412.3398438 -17071.2539062 -17975.9960938 -17358.9082031 -17632.4257812 -17418.1171875
-16787.4121094 -16975.1757812 -17131.7675781 -16621.1757812 -17396.2402344 -17133.7617188 -17040.5488281 -16931.3964844
-17009.1425781 -17216.2656250 -17351.8125000 -16936.8886719 -17526.1269531 -17212.0898438 -17196.9042969 -17230.8789062
-17365.3632812 -17766.5039062 -17095.3261719 -16972.9960938 -18191.1074219 -16769.4609375 -17756.1953125 -17483.7441406
-16382.7431641 -16595.4316406 -16729.2714844 -16250.6103516 -16755.2109375 -16713.9648438 -16568.8906250 -16472.5019531
-16371.7226562 -16277.9755859 -17192.5742188 -16637.5527344 -15805.1650391 -17242.4531250 -15851.1562500 -16283.2109375
-17480.5234375 -17192.5097656 -18081.9589844 -17636.8515625 -17116.1699219 -17991.7812500 -17131.4785156 -17446.6113281
-16940.5449219 -17180.4277344 -17143.6406250 -16992.3847656 -17248.6171875 -17086.5175781 -17041.4277344 -17016.4355469
-17387.1054688 -17201.7382812 -18047.9023438 -17496.5078125 -17225.9238281 -17897.6308594 -17108.8613281 -17256.1484375
-17490.1738281 -17420.1210938 -18126.0761719 -17689.4824219 -17320.2578125 -18060.2890625 -17306.3789062 -17458.5566406
-16408.0703125 -16277.1435547 -17156.3125000 -16680.6445312 -16027.8505859 -17109.6835938 -16008.3740234 -16174.7011719
-16421.6367188 -16215.5751953 -17344.3808594 -16497.9082031 -15972.1621094 -17242.6132812 -16034.0000000 -16353.7080078
-16638.9785156 -16558.6582031 -17520.2285156 -16971.1289062 -16212.4794922 -17501.0625000 -16326.0781250 -16602.5253906
-16531.0234375 -16372.0996094 -17217.6601562 -16854.1308594 -15953.0625000 -17276.3339844 -16091.9677734 -16451.2578125
-16537.6464844 -16335.4228516 -17299.2539062 -16635.4902344 -15931.9589844 -17191.7812500 -16061.1640625 -16385.7460938
-16690.8808594 -16385.8847656 -17274.9218750 -16747.8730469 -16175.5224609 -17169.7304688 -16093.6220703 -16473.8125000
-17389.3261719 -17783.4687500 -17357.7050781 -17205.1933594 -18124.1054688 -16811.9902344 -17744.3320312 -17529.8769531
-17892.6367188 -18300.6582031 -17889.9023438 -17691.7832031 -18548.4765625 -17454.0976562 -18147.0449219 -18107.8144531
-17576.4648438 -17890.9218750 -17447.6953125 -17353.0976562 -18143.4335938 -16933.2187500 -17821.5605469 -17648.4238281
-16194.2187500 -15973.0419922 -17060.0429688 -16403.4003906 -15976.0000000 -17107.3417969 -15900.2519531 -16188.0322266
-17785.3671875 -18113.7558594 -17652.6679688 -17684.4296875 -18259.5488281 -17243.5703125 -17953.8281250 -17845.2792969
-16281.8271484 -16215.5761719 -17061.2089844 -16570.0937500 -15795.9599609 -17038.3437500 -15879.3388672 -16222.9404297
-17514.3417969 -18035.3339844 -17281.4785156 -17295.7792969 -18378.9472656 -17171.4804688 -17947.5722656 -17764.3535156
-18851.6230469 -18988.3691406 -18475.6953125 -18602.1640625 -19272.1269531 -18416.8808594 -19100.3632812 -18922.3046875
-17587.9609375 -17958.1679688 -17193.8671875 -17380.8339844 -18352.3183594 -17308.8632812 -17888.5898438 -17766.9296875
-17310.4882812 -17601.6347656 -16918.5292969 -17033.9707031 -17856.0585938 -16889.8984375 -17611.6523438 -17385.3867188
-19046.0800781 -19247.5546875 -18693.3750000 -18748.2734375 -19450.9335938 -18652.1992188 -19247.2382812 -19082.6386719
-18263.0585938 -18552.9941406 -18208.6328125 -18145.1386719 -18832.5019531 -18241.0859375 -18626.9960938 -18439.4843750
-19277.4628906 -19637.8164062 -19038.0000000 -19190.8496094 -19884.0117188 -19069.6250000 -19593.9062500 -19431.4355469
-18095.2031250 -18455.7265625 -17899.5292969 -17962.7109375 -18861.7617188 -17705.1328125 -18555.4140625 -18346.5078125
-18394.2148438 -18710.6464844 -18051.3144531 -18039.7324219 -18875.8593750 -17893.6796875 -18643.7871094 -18432.4335938
-18222.4121094 -18508.8515625 -17756.9179688 -17865.7304688 -18828.7285156 -17827.6777344 -18542.7968750 -18364.5019531
-18358.1992188 -18602.7792969 -17837.0253906 -18022.2480469 -18816.8828125 -17873.3906250 -18574.0957031 -18453.9941406
-18208.5703125 -18562.3085938 -17862.6445312 -17910.9277344 -18755.6484375 -17876.3164062 -18494.3945312 -18400.7109375
-18521.7324219 -18876.1855469 -18154.3886719 -18277.7695312 -19109.5468750 -18183.0585938 -18909.5019531 -18736.3417969
-18458.9277344 -18779.1445312 -18110.4101562 -18146.5332031 -19073.2851562 -17989.4296875 -18776.8222656 -18608.7949219
-19489.6992188 -19771.3046875 -19233.5488281 -19340.9003906 -20055.3535156 -19227.0800781 -19818.7207031 -19611.4199219
-19190.6875000 -19376.3222656 -18862.7246094 -19028.2421875 -19612.0371094 -18979.0273438 -19362.6738281 -19302.5722656
-17815.5468750 -18082.6250000 -17451.4902344 -17562.2675781 -18443.7148438 -17452.8183594 -18094.4941406 -17874.0742188
-18086.1757812 -18504.1542969 -17617.4707031 -17769.9082031 -18767.9902344 -17733.1542969 -18388.3007812 -18182.2968750
-18636.4785156 -18844.1855469 -18497.7343750 -18440.9746094 -19151.3359375 -18384.3710938 -18828.3886719 -18662.4296875
-18811.9316406 -19007.5175781 -18457.8652344 -18612.7070312 -19349.5683594 -18407.7226562 -19058.2050781 -18905.8183594
-16120.3544922 -16112.4023438 -16878.0976562 -16311.8916016 -15865.1093750 -16782.7070312 -15894.2753906 -16067.2285156
-16377.4160156 -16239.1777344 -17135.9296875 -16511.3691406 -16071.9589844 -17022.6464844 -16095.8574219 -16301.0605469
-18695.0195312 -18790.9003906 -18887.3593750 -18684.0585938 -18846.0253906 -18823.6953125 -18696.0234375 -18733.1640625
-18130.3789062 -18138.5644531 -18875.8339844 -18372.7539062 -18012.4238281 -18731.5878906 -17868.3847656 -18070.0039062
-18208.4121094 -18115.1289062 -18772.4199219 -18468.3515625 -17730.7187500 -18870.3066406 -17868.9746094 -18249.7480469
-17553.9960938 -17317.0156250 -18208.9804688 -17710.3515625 -17363.7910156 -18221.9296875 -17121.4511719 -17422.6601562
-17162.5351562 -17070.5332031 -17871.2460938 -17282.1386719 -16712.5332031 -17804.5703125 -16708.3750000 -16998.6015625
-16679.4433594 -16546.2558594 -17344.7890625 -16990.1308594 -16208.7792969 -17357.5917969 -16223.3408203 -16642.5820312
-16535.5527344 -16368.7744141 -17313.2910156 -16695.4628906 -16050.4326172 -17116.7539062 -16064.7714844 -16465.1757812
-17429.3535156 -17389.3964844 -18033.2792969 -17680.6484375 -17170.9042969 -18037.0566406 -17161.6542969 -17516.4648438
-17720.5878906 -17548.8027344 -18288.4687500 -17850.5742188 -17286.9453125 -18321.6660156 -17328.2675781 -17559.7011719
-14850.6630859 -14590.1660156 -15939.9931641 -15234.8642578 -14278.6650391 -15781.7988281 -14436.6425781 -14850.3076172
-16728.1953125 -16663.1035156 -17469.2207031 -16999.4179688 -16453.5566406 -17535.9453125 -16356.0078125 -16740.0117188
-16468.6386719 -16401.0742188 -17370.3632812 -16686.8476562 -16298.2011719 -17133.4589844 -15754.6259766 -16410.0625000
-16862.3671875 -16853.1972656 -17565.3828125 -17064.9902344 -16520.4902344 -17536.1406250 -16490.9882812 -16834.6406250
-15496.6806641 -15512.2460938 -16491.4003906 -15834.9482422 -15312.4746094 -16378.7216797 -15140.7851562 -15394.8085938
-15945.4765625 -15719.4785156 -16848.9746094 -16136.2080078 -15516.3857422 -16695.3906250 -15449.5791016 -15793.6533203
-15700.2197266 -15437.8027344 -16545.9941406 -15931.9931641 -15069.4658203 -16487.4453125 -15169.9628906 -15563.6777344
-16012.7207031 -16053.2939453 -16666.2636719 -16275.2832031 -15604.6015625 -16422.1484375 -15554.9091797 -15988.2128906
-16368.3310547 -16158.2285156 -17153.4062500 -16610.6269531 -15968.3388672 -17138.5332031 -15848.8867188 -16206.6845703
-17305.2792969 -17187.0996094 -17919.9101562 -17490.7656250 -16942.1660156 -17903.8925781 -16956.9707031 -17229.9062500
-16204.2822266 -16202.9570312 -16926.5644531 -16342.6650391 -15791.6503906 -16967.0234375 -15730.2031250 -16090.3056641
-17369.1328125 -17167.0078125 -18054.4199219 -17553.5800781 -16901.8613281 -18031.5917969 -17005.8886719 -17197.9296875
-16680.8164062 -16433.9980469 -17447.5859375 -16902.2050781 -16422.6679688 -17403.7968750 -16310.1142578 -16629.1250000
-17113.0761719 -16906.8066406 -17911.7578125 -17362.3417969 -16957.9082031 -17812.0781250 -16841.0468750 -17068.0371094
-16137.9199219 -16110.9716797 -17025.6171875 -16447.2832031 -16010.8046875 -16977.2011719 -15846.8896484 -16155.1064453
-16312.8857422 -16211.6318359 -17231.0039062 -16512.8281250 -15967.4121094 -16993.8652344 -15965.0664062 -16188.0585938
-16125.9375000 -15991.6650391 -17047.7968750 -16395.4023438 -15243.8886719 -16985.0078125 -15663.6562500 -16058.1748047
-17638.7929688 -17500.8613281 -18340.3476562 -17801.2441406 -17300.9941406 -18193.7812500 -17270.4238281 -17593.7929688
-17023.3632812 -16746.5898438 -17818.4980469 -17167.4531250 -16502.7363281 -17754.0019531 -16503.8964844 -16877.2070312
-16962.8261719 -16828.8378906 -17794.8925781 -17185.0683594 -16556.6425781 -17578.0996094 -16543.1015625 -16887.4394531
-16735.7500000 -16738.7343750 -17111.9316406 -16737.7539062 -16489.4453125 -16943.9882812 -16450.5722656 -16754.9980469
-16984.1152344 -17025.1171875 -17820.4863281 -17139.5761719 -17094.5976562 -17666.6679688 -16992.0332031 -16813.6933594
-15398.9970703 -15485.4658203 -16404.6425781 -15724.3681641 -15749.5537109 -16346.9931641 -15595.4902344 -15233.5761719
-16369.3300781 -16160.4414062 -17003.9707031 -16491.6035156 -16399.9609375 -16975.6757812 -16246.9355469 -16124.4443359
-16017.5947266 -16258.1503906 -17043.1601562 -16443.6035156 -16412.1894531 -16979.7089844 -16238.1748047 -15983.5341797
-15825.2373047 -15683.4111328 -16603.4902344 -16041.0312500 -15946.0693359 -16589.5019531 -15834.6962891 -15534.9521484
-16319.5927734 -16395.9570312 -16977.8359375 -16564.0683594 -16418.0625000 -17029.4843750 -16265.0830078 -16239.2812500
-16224.1123047 -15976.2792969 -16878.8652344 -16173.6474609 -16508.8593750 -16749.2753906 -16261.3876953 -15853.2148438
-16637.3789062 -16777.3730469 -17477.1855469 -16973.0742188 -16971.8535156 -17381.2656250 -16679.5683594 -16481.1679688
-17729.7304688 -17570.9140625 -18165.0996094 -17825.2949219 -17801.5488281 -18233.3007812 -17579.3183594 -17349.5957031
-16702.6816406 -16744.6152344 -17508.6152344 -17004.4394531 -16850.7382812 -17493.2500000 -16618.9062500 -16467.1914062
-17328.8710938 -17436.0566406 -18106.5742188 -17657.6210938 -17499.6328125 -18038.6484375 -17346.0351562 -17184.0273438
-16284.7763672 -16005.7822266 -17029.3085938 -16422.2597656 -15896.1259766 -16963.1210938 -15912.1542969 -16105.6298828
-16538.8535156 -16649.2890625 -17338.1953125 -16754.2246094 -16974.2343750 -17325.1542969 -16774.4375000 -16349.9003906
-15786.2841797 -15811.5253906 -16481.0351562 -15957.8886719 -16020.8603516 -16549.2929688 -15835.1171875 -15544.7685547
-16186.7216797 -15946.5058594 -16894.9140625 -16288.1640625 -16314.2177734 -16661.2050781 -15998.5722656 -15916.0166016
-16956.7070312 -16750.8261719 -17630.1835938 -17128.5468750 -16993.2480469 -17543.1875000 -16629.8769531 -16690.6914062
-17628.7480469 -17724.7832031 -18255.3828125 -17890.8750000 -17786.1816406 -18234.4687500 -17769.5800781 -17586.3417969
-16710.1210938 -16699.1718750 -17593.0136719 -17087.4316406 -16988.2128906 -17541.5097656 -16711.5312500 -16647.4394531
-18203.5644531 -18120.5273438 -18811.5781250 -18233.6250000 -18321.1113281 -18579.3632812 -18128.4941406 -18014.6503906
-17444.8750000 -17698.2226562 -18025.9687500 -17818.7968750 -17798.2031250 -18251.8105469 -17599.0722656 -17447.0000000
-15754.9863281 -15629.6123047 -16692.1015625 -15978.8281250 -15733.9980469 -16593.4765625 -15712.8164062 -15617.4541016
-16750.0410156 -16925.0585938 -17555.8164062 -16983.2128906 -17068.4082031 -17387.6562500 -16911.6484375 -16633.7402344
-16521.7265625 -16652.6992188 -17184.3613281 -16637.3652344 -16885.6132812 -16967.1210938 -16522.0117188 -16403.7773438
-16777.2460938 -16707.4140625 -17486.8789062 -16970.2187500 -16927.8886719 -17541.4316406 -16839.4140625 -16635.3593750
-17660.3867188 -17780.8183594 -18238.8574219 -17761.0957031 -17919.5078125 -17995.0117188 -17660.9882812 -17541.4199219
-16486.4746094 -16575.7167969 -17236.0742188 -16692.2890625 -16592.6953125 -17180.6386719 -16439.6464844 -16397.7304688
-18016.4277344 -17910.8769531 -18400.3574219 -18089.5527344 -18128.2519531 -18411.5722656 -17926.8203125 -17766.0214844
-17363.1992188 -17318.3652344 -18100.9902344 -17604.9960938 -17630.9609375 -17935.8437500 -17482.1425781 -17336.5761719
-16206.6357422 -15974.2802734 -17122.0527344 -16426.3476562 -16376.8310547 -16980.1699219 -16056.3398438 -16000.4218750
-16056.3916016 -15585.6367188 -16888.4453125 -16403.3105469 -16034.2695312 -16884.4667969 -15805.3349609 -15935.7871094
-15772.6855469 -15533.5263672 -16751.9453125 -16186.7412109 -15759.8281250 -16784.6484375 -15535.5224609 -15738.3076172
-17465.4257812 -17258.1660156 -18151.6894531 -17641.0468750 -17618.4746094 -18118.7382812 -17411.7089844 -17455.4082031
-17050.8164062 -16932.3125000 -17816.7226562 -17367.1933594 -16860.4902344 -17774.9667969 -16721.8105469 -17106.5683594
-16004.9023438 -15694.0029297 -16868.7832031 -16252.1230469 -15804.8613281 -16806.8710938 -15843.8505859 -15761.6191406
-16966.9628906 -16692.7675781 -17699.4335938 -17045.5351562 -16415.7910156 -17580.5136719 -16565.7773438 -16878.1953125
-16635.3105469 -16384.8476562 -17300.5117188 -16835.4804688 -16650.0117188 -17127.7265625 -16431.7949219 -16578.5917969
-18515.3378906 -18461.8007812 -18986.4863281 -18671.1835938 -18111.0566406 -19097.2207031 -18153.2480469 -18511.9003906
-16705.3515625 -16558.1582031 -17623.2246094 -17047.0039062 -16681.0175781 -17566.6894531 -16517.7656250 -16681.3886719
-17903.7539062 -17456.8496094 -18488.8183594 -17947.1953125 -17946.3671875 -18484.0859375 -17582.9785156 -17728.7070312
-17829.3085938 -17479.6679688 -18371.1953125 -17878.0253906 -17684.0820312 -18275.0019531 -17574.9472656 -17576.8085938
-18324.6582031 -18048.7617188 -18968.5859375 -18498.8046875 -18193.3789062 -18823.0898438 -18087.7167969 -18172.8437500
-18894.9062500 -19182.7500000 -18533.2382812 -18629.9394531 -19412.4941406 -18207.1542969 -19031.1015625 -18904.2832031
-17515.7382812 -16987.7890625 -18034.2304688 -17628.0781250 -17607.7910156 -18053.7402344 -17377.6132812 -17350.4609375
-18502.6914062 -18387.6484375 -19023.7656250 -18706.4316406 -18234.8085938 -19006.2207031 -18218.5546875 -18353.3691406
-18964.3984375 -19287.0195312 -18837.6347656 -18600.4199219 -19444.4882812 -18399.2304688 -19092.4882812 -19023.0546875
-18476.0761719 -18332.5019531 -19127.6054688 -18641.0097656 -18620.2539062 -19077.6250000 -18461.2070312 -18382.6367188
-18702.6250000 -18603.3164062 -19189.3027344 -18861.2539062 -18944.1738281 -19160.2617188 -18721.1542969 -18665.5839844
-18179.7792969 -18498.9921875 -18263.3730469 -18051.1523438 -18873.9257812 -18083.9394531 -18518.2402344 -18387.1015625
-18193.3164062 -17902.2832031 -18862.8398438 -18350.4453125 -18193.9550781 -18721.2695312 -18036.5546875 -18070.6210938
-17983.8730469 -17892.5761719 -18674.1621094 -18085.1621094 -17749.4160156 -18556.0097656 -17678.4316406 -17899.8066406
-17825.1035156 -18083.9472656 -18338.6816406 -17951.9941406 -18215.3164062 -18273.7910156 -17981.9550781 -18009.8203125
-17847.3359375 -17699.4921875 -18423.6972656 -17996.6054688 -17513.0351562 -18508.9687500 -17564.2890625 -17718.9218750
-18907.0273438 -18751.5371094 -19586.3535156 -19167.1386719 -18986.7773438 -19463.4375000 -18847.3398438 -18903.9160156
-18441.7871094 -18848.0800781 -18349.7304688 -18302.4765625 -19091.6406250 -18114.6093750 -18779.0175781 -18726.7460938
-19031.5585938 -19311.2890625 -18893.2011719 -18853.7910156 -19475.7207031 -18578.6015625 -19247.8125000 -19185.3828125
-18639.4570312 -19077.7988281 -18371.1113281 -18362.5722656 -19286.3437500 -18035.0234375 -18967.2851562 -18786.5546875
-18265.8964844 -18646.1230469 -18406.9726562 -18182.9160156 -18627.9296875 -18264.6210938 -18311.0683594 -18314.4023438
-16952.2089844 -17126.5390625 -17306.0117188 -16977.3671875 -17248.6894531 -17226.8710938 -17118.1796875 -17025.5058594
-17742.3847656 -18240.6191406 -17500.5195312 -17395.6152344 -18424.8964844 -16901.0488281 -18034.7578125 -17882.3613281
-18758.2031250 -19019.5957031 -18394.5332031 -18461.1601562 -19434.7421875 -18260.6835938 -19037.2734375 -18932.0292969
-18341.8183594 -18156.1953125 -18922.5937500 -18562.3007812 -18372.9960938 -18731.1484375 -18217.4570312 -18276.5605469
-18114.4453125 -17915.8437500 -18805.8417969 -18186.9492188 -18193.6835938 -18613.0996094 -17971.1328125 -18115.1464844
-17952.5019531 -17853.2675781 -18585.6093750 -18174.6074219 -17741.0312500 -18507.0644531 -17551.6093750 -17866.1855469
-16961.4570312 -16614.8808594 -17807.1074219 -17134.8164062 -17051.4394531 -17661.1132812 -16874.3261719 -16894.7812500
-18288.0878906 -18250.4824219 -19128.7285156 -18446.4609375 -18299.1855469 -18949.2148438 -18085.0820312 -18308.0097656
-16664.8750000 -16595.2968750 -17349.8066406 -16852.9375000 -16430.3769531 -17284.3164062 -16286.8867188 -16691.2539062
-18432.7734375 -18691.4375000 -18194.7675781 -18103.8691406 -19060.9414062 -17829.1503906 -18653.3261719 -18538.2089844
-17727.9375000 -18157.4003906 -17510.2656250 -17468.2597656 -18490.4667969 -17206.7968750 -18073.0898438 -18037.2988281
-17864.7402344 -18240.2792969 -17772.7578125 -17643.6914062 -18607.4531250 -17194.8945312 -18224.7773438 -18061.9023438
-17621.1933594 -17347.3691406 -18225.5976562 -17861.1738281 -17735.2988281 -18272.7558594 -17540.7714844 -17649.2617188
-19058.1269531 -18936.3750000 -19606.7070312 -19214.8574219 -18757.2285156 -19558.6972656 -18750.7421875 -19009.5371094
-17902.7929688 -18280.8359375 -17550.0019531 -17563.2128906 -18524.1503906 -17104.3652344 -18221.6289062 -18106.9707031
-17697.6582031 -17447.8496094 -18367.7421875 -17883.0644531 -17607.3750000 -18315.5488281 -17448.5097656 -17694.1933594
-18651.3828125 -18937.9765625 -18528.6347656 -18414.4101562 -19199.4335938 -18118.5605469 -18867.0996094 -18808.3144531
-17161.4062500 -16964.4296875 -17934.0625000 -17424.3496094 -17316.1074219 -17838.0683594 -17131.3769531 -17105.1542969
-18463.0214844 -18692.3710938 -18208.3027344 -18331.1621094 -18858.4804688 -18163.9257812 -18701.5937500 -18618.8984375
-17847.6855469 -18096.5117188 -17427.5253906 -17387.7871094 -18385.0585938 -17118.1542969 -18018.7734375 -17849.2031250
-18548.6601562 -18802.1738281 -18355.4746094 -18275.1757812 -19095.5175781 -17928.4531250 -18727.6074219 -18688.4941406
