-16614.5097656 -16920.8593750 -17315.4980469 -16824.3242188 -17307.5292969 -17307.4550781 -17046.9960938 -16698.6601562
-16852.0625000 -16968.1464844 -17547.6992188 -17113.3710938 -17107.4335938 -17414.7187500 -16907.3945312 -16665.6972656
-17315.5957031 -17509.0156250 -18000.0195312 -17544.8691406 -17644.5332031 -17802.5761719 -17470.1074219 -17313.9511719
-17204.1250000 -17241.2050781 -17983.8613281 -17332.4667969 -17503.0019531 -17906.6796875 -17328.1132812 -17088.2343750
-17762.1562500 -17994.3691406 -18427.5156250 -18036.9843750 -18217.9316406 -18293.2265625 -17917.5429688 -17818.9707031
-16567.2949219 -16754.3730469 -17423.8125000 -16963.6816406 -16987.7832031 -17286.9492188 -16846.0390625 -16429.9179688
-17726.5097656 -18006.3750000 -18426.2050781 -18049.3046875 -18076.0390625 -18315.8632812 -18048.6191406 -17717.0410156
-16209.0654297 -16442.6875000 -16980.8378906 -16515.2207031 -16615.0390625 -16745.0605469 -16300.1884766 -16190.7236328
-16569.7578125 -16978.4921875 -17307.5234375 -16777.7324219 -17311.2773438 -17078.6464844 -17100.7539062 -16719.9257812
-16346.4638672 -16849.2109375 -17336.6914062 -16845.4453125 -16948.3886719 -17140.3300781 -16821.5292969 -16399.8046875
-16013.7001953 -16227.9238281 -17073.5839844 -16348.7617188 -16541.5000000 -16798.4824219 -16311.7070312 -15921.9150391
-16142.2636719 -16541.1171875 -16958.2226562 -16569.3261719 -16604.9941406 -16856.1835938 -16505.9433594 -16108.3076172
-16687.0058594 -16821.1914062 -17471.6523438 -17081.8593750 -16992.5937500 -17369.3007812 -17005.5605469 -16599.7128906
-16504.2929688 -16674.7031250 -17272.1796875 -16782.4531250 -16860.3945312 -17137.5000000 -16618.1894531 -16406.1738281
-16392.6269531 -16980.4960938 -17274.0410156 -16803.4082031 -17068.5097656 -17092.4960938 -16856.9609375 -16506.5078125
-16551.6542969 -16873.3671875 -17199.1191406 -16797.8437500 -17242.0039062 -17044.7187500 -16998.3925781 -16555.7167969
-17737.6621094 -17886.8144531 -18546.9550781 -18061.1054688 -17988.5546875 -18367.4589844 -17867.0761719 -17703.9609375
-16815.0566406 -17185.8593750 -17651.8339844 -17252.1347656 -17531.7363281 -17514.4433594 -17319.2851562 -16861.7285156
-16237.6435547 -16544.4277344 -16961.3613281 -16554.1953125 -16918.2187500 -16792.2324219 -16480.0546875 -16322.3886719
-16737.3828125 -16925.9785156 -17438.5429688 -16859.1835938 -17190.0859375 -17171.1972656 -16946.7949219 -16732.5488281
-16473.7558594 -16815.9785156 -17343.6289062 -16839.6718750 -16858.4531250 -17079.3046875 -16743.8378906 -16552.7089844
-16571.7988281 -17084.0078125 -17560.8437500 -16956.4785156 -17322.3964844 -17296.0214844 -17043.3144531 -16804.7675781
-16389.4804688 -16835.0839844 -17070.2460938 -16610.0019531 -17187.6718750 -16908.9101562 -16812.1445312 -16486.3164062
-16729.7031250 -16990.0312500 -17480.8925781 -16972.3554688 -17171.0175781 -17377.5742188 -16918.4628906 -16608.7246094
-16480.7246094 -16835.8027344 -17352.2070312 -16819.4863281 -17074.0957031 -17133.5839844 -16803.4726562 -16579.4003906
-16232.3466797 -16621.2578125 -17100.5957031 -16587.9824219 -16941.2734375 -16956.1328125 -16650.0957031 -16335.7832031
-16290.4511719 -16469.2167969 -17066.7148438 -16627.1523438 -16757.3164062 -16971.3867188 -16574.7890625 -16235.5546875
-16687.0019531 -16889.5292969 -17484.9765625 -16879.3652344 -17098.6542969 -17299.2890625 -16867.5410156 -16643.7070312
-15581.8046875 -15867.9775391 -16333.9169922 -15850.2539062 -16096.9238281 -16135.4863281 -15802.6035156 -15506.5195312
-15591.0644531 -15740.4990234 -16452.1308594 -15757.1894531 -16023.9248047 -16229.8320312 -15852.2568359 -15446.6591797
-15959.9921875 -16242.4345703 -16810.3085938 -16416.2675781 -16513.4765625 -16746.4414062 -16367.2128906 -15988.1044922
-16436.6308594 -16692.3750000 -17338.1992188 -16807.0937500 -16965.0019531 -17196.6191406 -16739.7597656 -16546.7812500
-16431.5996094 -16563.1074219 -17136.3535156 -16826.9980469 -16742.7675781 -17156.0488281 -16618.7148438 -16379.9931641
-16256.7949219 -16514.8730469 -16982.6542969 -16613.5390625 -16996.0703125 -16795.7460938 -16630.2070312 -16270.4941406
-16910.9472656 -17140.8593750 -17649.8828125 -17096.7187500 -17444.2265625 -17591.4218750 -17182.1289062 -17079.9433594
-16918.4765625 -17540.7500000 -17890.0214844 -17604.8417969 -17851.9726562 -17857.7753906 -17600.9687500 -17250.7968750
-17085.1621094 -17288.1210938 -17749.0761719 -17295.7636719 -17723.2382812 -17556.3261719 -17353.9453125 -17111.2167969
-17103.9121094 -17222.2285156 -17730.3027344 -17353.9570312 -17571.1210938 -17564.1308594 -17309.5605469 -17061.0976562
-16850.7910156 -16843.5449219 -17445.2773438 -16919.5937500 -17059.5722656 -17326.6152344 -16852.0156250 -16626.3203125
-16922.0292969 -17115.9433594 -17779.4101562 -17278.4199219 -17403.2421875 -17627.2441406 -17201.8515625 -16919.0878906
-17057.2558594 -17506.0820312 -17738.2832031 -17409.2070312 -17874.3339844 -17530.9218750 -17667.7500000 -17313.5957031
-17589.8886719 -17923.8574219 -18162.0957031 -17828.6328125 -17962.6679688 -18018.8339844 -17804.1289062 -17498.6425781
-16825.2890625 -17028.4589844 -17790.1523438 -17245.2792969 -17381.2910156 -17714.0117188 -17188.5156250 -16822.9375000
-16751.1718750 -16860.2890625 -17555.6542969 -17055.4707031 -17081.3066406 -17352.4765625 -16855.9082031 -16584.1191406
-16281.2363281 -16634.8867188 -17063.3046875 -16541.2539062 -16883.9609375 -16757.2636719 -16609.1250000 -16380.8671875
-16815.5097656 -17339.4140625 -17251.7246094 -16998.2597656 -17687.7578125 -17147.2011719 -17470.2988281 -17224.5878906
-16994.3574219 -17151.0917969 -17700.5878906 -17325.0820312 -17621.5390625 -17545.1582031 -17292.3085938 -17012.2929688
-16881.6660156 -17087.3085938 -17665.8554688 -17143.4003906 -17347.5468750 -17436.8710938 -17147.9199219 -16883.5683594
-16717.7070312 -17040.1523438 -17499.2128906 -16918.3828125 -17363.5312500 -17252.4277344 -17082.7578125 -16824.3515625
-16374.7382812 -16439.2500000 -17121.6933594 -16617.0410156 -16736.6503906 -16922.0898438 -16493.0976562 -16342.0410156
-16924.0585938 -17072.4257812 -17666.4023438 -17147.9433594 -17390.9355469 -17371.1933594 -17132.0722656 -16808.0546875
-18103.5527344 -18297.2949219 -18702.4902344 -18355.5292969 -18657.6230469 -18591.5507812 -18454.3242188 -18138.6953125
-17788.9531250 -18117.3574219 -18399.8847656 -18172.5000000 -18303.7304688 -18275.8984375 -18013.3789062 -17761.2265625
-18327.9726562 -18514.4042969 -19038.0253906 -18584.4121094 -18702.3886719 -18905.8027344 -18580.1054688 -18231.8007812
-17979.5566406 -18199.1621094 -18655.8496094 -18182.6484375 -18517.6171875 -18414.7753906 -18187.5019531 -17826.6464844
-17078.0917969 -17398.8964844 -17535.9277344 -17188.6582031 -17955.5078125 -17444.3203125 -17603.1777344 -17266.1621094
-16287.4687500 -16712.5683594 -17177.9042969 -16715.1660156 -16970.6562500 -17006.5937500 -16727.4980469 -16372.5742188
-17475.9218750 -17636.5742188 -18060.1328125 -17622.9902344 -17828.3144531 -17989.6992188 -17695.9023438 -17456.9003906
-17087.3535156 -17412.9082031 -17832.2578125 -17321.1074219 -17771.6992188 -17748.8886719 -17402.0820312 -17172.7187500
-16913.1015625 -17119.8437500 -17157.0546875 -16909.5917969 -17409.5000000 -16939.3339844 -17070.2363281 -16806.1308594
-16746.1113281 -17228.2714844 -17565.9414062 -17218.8066406 -17407.9746094 -17389.0917969 -17156.7656250 -16873.2871094
-16626.3925781 -16837.4238281 -17469.0996094 -16878.5703125 -17199.3750000 -17308.2382812 -16985.5976562 -16680.4941406
-16795.3281250 -16995.8437500 -17428.5234375 -17179.9101562 -17107.5449219 -17295.1132812 -17033.9335938 -16696.8925781
-17213.1933594 -17264.2812500 -18182.0175781 -17503.2382812 -17525.0234375 -17943.1699219 -17317.0429688 -17124.3085938
-17298.4433594 -17365.3242188 -18097.4941406 -17647.3496094 -17537.6601562 -17972.7402344 -17443.4355469 -17181.0429688
-17240.8203125 -17673.0078125 -17855.7968750 -17575.6914062 -17847.8281250 -17727.7792969 -17597.0449219 -17363.6386719
-17962.9433594 -18499.4179688 -18123.8066406 -17919.7968750 -18795.0859375 -18022.3613281 -18459.0507812 -18196.6269531
-17341.5839844 -17588.9824219 -17934.5097656 -17578.8027344 -17858.0761719 -17916.5390625 -17740.2148438 -17515.2207031
-17255.1347656 -17406.2324219 -17941.3574219 -17458.1152344 -17639.0195312 -17694.0800781 -17318.6093750 -17046.8574219
-17858.6679688 -18019.7753906 -18367.1015625 -18061.8300781 -18274.3652344 -18301.5000000 -18175.7832031 -17848.3652344
-17639.8925781 -17484.7011719 -18343.5292969 -17767.1914062 -17729.1640625 -18154.4921875 -17681.5957031 -17514.8730469
-16777.8222656 -17163.3984375 -17554.8125000 -17171.6855469 -17146.2949219 -17434.3710938 -17156.1230469 -16798.3164062
-16875.9160156 -17164.1503906 -17647.8378906 -17145.3710938 -17516.8457031 -17477.5625000 -17448.1542969 -17054.3515625
-16830.3964844 -17001.2890625 -17553.1699219 -17027.1953125 -17232.4824219 -17370.9296875 -17059.8750000 -16718.4648438
-16302.2919922 -16657.1406250 -16874.9394531 -16466.0996094 -16745.5371094 -16863.0898438 -16681.6054688 -16207.9492188
-17038.9902344 -17022.8691406 -17672.0019531 -17129.7031250 -17359.0253906 -17535.0410156 -17217.7402344 -17011.5410156
-17035.8007812 -17174.5507812 -17681.8671875 -17233.3027344 -17579.0429688 -17499.1171875 -17349.2519531 -17017.7343750
-17478.5117188 -17519.9062500 -18080.8613281 -17675.3183594 -17604.4023438 -17986.9902344 -17507.4453125 -17265.2187500
-17011.6171875 -17517.8632812 -17655.5175781 -17372.4179688 -17915.2812500 -17545.5976562 -17489.2910156 -17257.4628906
-17034.7773438 -17266.0429688 -17575.1328125 -17380.2441406 -17579.5000000 -17530.0996094 -17338.1308594 -17089.1738281
-16976.5371094 -17284.1640625 -17314.4023438 -16789.5097656 -17583.8281250 -17140.3632812 -17243.0253906 -17116.2421875
-16871.6972656 -17185.2753906 -17054.0078125 -16448.5585938 -17675.1738281 -16830.2792969 -17208.0488281 -17080.6093750
-17037.2128906 -17267.8378906 -16960.5273438 -16520.4101562 -17651.5898438 -16952.4667969 -17317.6074219 -17156.9257812
-18500.7167969 -18678.6816406 -18468.9140625 -18191.2480469 -18986.4511719 -18510.2929688 -18805.3515625 -18577.8750000
-17396.0000000 -17657.5371094 -17511.0136719 -17150.8437500 -17930.8652344 -17400.4511719 -17616.8593750 -17492.9492188
-17121.6542969 -17366.1054688 -17426.9667969 -16599.6562500 -17655.9433594 -17166.7753906 -17402.1445312 -17309.8085938
-17663.3242188 -17865.6406250 -17707.0566406 -17173.4160156 -18343.2285156 -17628.6914062 -17952.4453125 -17780.9062500
-16803.2226562 -17192.7304688 -17016.6953125 -16324.5078125 -17639.8984375 -16898.0507812 -17116.1347656 -17012.6953125
-16494.3046875 -16807.7363281 -16415.2324219 -16014.9472656 -17239.1894531 -16350.3066406 -16839.7246094 -16695.6464844
-16440.4140625 -16715.7265625 -16736.6738281 -15997.5595703 -17302.0292969 -16458.6191406 -16848.9433594 -16703.9882812
-16948.4472656 -17187.4218750 -17007.3457031 -16570.4296875 -17660.2363281 -16931.6171875 -17365.1191406 -17123.3007812
-16958.4785156 -17138.9101562 -17312.4882812 -16594.2558594 -17618.4648438 -17159.5976562 -17469.5078125 -17030.7441406
-16011.3828125 -16202.5244141 -16284.5107422 -15582.6835938 -16619.8007812 -16068.9501953 -16166.4335938 -16099.9892578
-17920.9882812 -18051.4316406 -17964.8046875 -17556.7148438 -18300.5195312 -17816.4355469 -18098.2128906 -17970.8046875
-17311.1484375 -17669.8984375 -17568.3359375 -17043.0957031 -17900.1210938 -17396.0839844 -17488.4921875 -17493.7792969
-17702.9433594 -18055.0625000 -17836.8828125 -17444.1093750 -18313.9531250 -17673.9550781 -18028.1250000 -17804.1054688
-17704.1562500 -17827.1777344 -17682.9941406 -17359.0234375 -18286.4042969 -17599.3964844 -18026.4902344 -17807.6953125
-17036.4863281 -17240.5039062 -17032.1210938 -16829.0917969 -17611.5292969 -17060.6191406 -17375.4316406 -17143.0410156
-16668.0273438 -16693.9667969 -16683.3984375 -16269.3564453 -16916.0605469 -16674.4902344 -16585.6582031 -16565.5585938
-17193.7500000 -17511.3847656 -17176.9199219 -16846.1640625 -17833.1132812 -17139.5839844 -17614.4921875 -17342.4726562
-18247.7480469 -18589.7148438 -17403.9648438 -18010.2187500 -18938.7636719 -18063.8691406 -18669.9921875 -18534.8730469
-17729.6835938 -18072.4550781 -16787.9531250 -17415.6933594 -18481.5292969 -17415.1464844 -18191.8066406 -17960.8906250
-18374.7343750 -18652.8730469 -17433.7500000 -18108.5585938 -18909.4941406 -18136.7832031 -18657.1035156 -18429.1230469
-19505.0000000 -19841.8457031 -18810.2187500 -19352.4531250 -20042.6621094 -19267.4687500 -19826.6679688 -19729.2363281
-17945.2480469 -18227.1640625 -17169.0000000 -17378.4218750 -18707.8886719 -17288.4511719 -18203.1621094 -18013.7382812
-18897.5488281 -19299.3476562 -18001.8476562 -18642.7109375 -19618.4179688 -18560.0156250 -19327.1835938 -19094.0410156
-19031.0820312 -19473.6250000 -18108.7480469 -18861.5761719 -19605.8066406 -18805.4804688 -19400.8613281 -19304.0722656
-18790.1015625 -18969.6054688 -18197.6757812 -18521.9746094 -19350.8574219 -18373.9687500 -19072.3984375 -18940.0703125
-19272.5019531 -19513.7617188 -18682.2929688 -19001.2363281 -19800.6562500 -18786.7011719 -19491.4082031 -19343.6191406
-18789.6152344 -19009.4414062 -17957.9960938 -18511.8574219 -19221.4824219 -18466.2792969 -19040.3789062 -18976.0253906
-17783.0000000 -18151.5507812 -16749.3261719 -17470.7519531 -18485.4707031 -17392.1718750 -18238.6464844 -17910.3515625
-17059.9335938 -16778.3105469 -17785.4179688 -17230.6210938 -16572.3535156 -17642.6152344 -16522.2578125 -16888.0878906
-17159.0566406 -16771.3945312 -18039.7207031 -17412.1191406 -17132.9140625 -17771.7675781 -16870.5546875 -16910.7148438
-18169.8300781 -17931.8925781 -18832.6347656 -18382.7441406 -17623.6210938 -18679.2207031 -17588.5722656 -18085.5507812
-18423.7519531 -18206.6015625 -19333.6660156 -18721.2910156 -18307.8593750 -19093.0156250 -18319.5957031 -18294.9785156
-17616.6269531 -17077.2304688 -18406.8750000 -17921.5078125 -17468.5664062 -18304.0175781 -17319.6699219 -17531.1718750
-17111.2402344 -16649.3613281 -18031.0625000 -17563.9296875 -17058.2031250 -17891.7910156 -17048.6367188 -16978.8300781
-16653.5488281 -16102.1484375 -17515.3886719 -16884.2304688 -16364.0058594 -17333.5859375 -16279.4804688 -16403.8710938
-18303.4414062 -17895.4160156 -18890.7246094 -18390.6132812 -18283.9160156 -18713.4394531 -18137.2402344 -18174.6914062
-16677.3945312 -16328.4208984 -17588.9433594 -16992.4082031 -16538.0957031 -17360.3496094 -16405.3066406 -16612.0117188
-17304.5468750 -16825.9687500 -18082.6328125 -17565.0039062 -17278.5292969 -17947.4609375 -17172.6621094 -17113.8320312
-17343.4570312 -17133.4804688 -18162.8828125 -17485.3808594 -17318.5410156 -17973.9296875 -17223.3652344 -17202.0742188
-16750.3750000 -16446.0292969 -17746.4179688 -17012.5117188 -16750.1308594 -17519.0410156 -16525.7734375 -16476.4062500
-17173.3593750 -16638.1933594 -17929.5351562 -17509.0996094 -16983.9238281 -17796.3144531 -16951.5175781 -16993.7089844
-17047.5585938 -16615.3945312 -17952.6132812 -17317.8984375 -16868.6425781 -17761.9960938 -16792.1933594 -16868.8164062
-16755.2187500 -16227.2626953 -17632.8457031 -17052.9062500 -16505.6640625 -17531.7714844 -16423.8535156 -16619.7578125
-16078.0351562 -15542.4267578 -16938.9980469 -16284.1650391 -15989.7412109 -16788.8320312 -15806.4638672 -15857.0937500
-16806.9082031 -16491.8632812 -17894.9570312 -17294.9902344 -16776.4570312 -17648.1796875 -16653.4218750 -16784.9218750
-16018.7656250 -15899.0888672 -16942.9375000 -16383.3359375 -15431.8251953 -16792.5195312 -15390.3828125 -15906.7392578
-16993.9375000 -16668.5527344 -17938.5625000 -17174.8964844 -16404.1191406 -17614.0156250 -16547.8007812 -16819.8378906
-17654.8496094 -17111.5468750 -18313.3808594 -17868.7558594 -17516.3515625 -18199.8750000 -17466.6054688 -17543.8398438
-16938.8574219 -16369.2353516 -17844.6855469 -17206.4257812 -16941.5722656 -17609.5117188 -16551.4550781 -16802.0390625
-17609.3769531 -17406.0468750 -18337.3320312 -17814.0449219 -17215.8691406 -18198.8496094 -17270.3281250 -17552.0292969
-16976.9101562 -16535.5292969 -17883.0546875 -17198.1347656 -16914.3593750 -17792.5175781 -16671.4609375 -16812.7675781
-17079.7265625 -16664.9531250 -17744.7109375 -17201.5273438 -17036.8339844 -17559.0507812 -17015.7949219 -16867.9355469
-17038.8281250 -16992.0898438 -17879.3632812 -17265.5332031 -16771.0898438 -17691.2285156 -16599.3867188 -16925.5195312
-15584.3769531 -15020.6669922 -16674.0019531 -16025.4404297 -15695.0556641 -16470.5957031 -15447.7988281 -15345.4707031
-15659.4843750 -14944.4541016 -16565.0976562 -15766.8525391 -15302.7822266 -16382.7871094 -15205.0419922 -15290.1757812
-15470.4394531 -14962.7822266 -16626.7617188 -15794.3867188 -15422.0458984 -16292.7373047 -15365.3886719 -15231.2441406
-16501.3554688 -16154.1074219 -17372.9121094 -16564.2695312 -15686.0087891 -17169.0566406 -15732.9980469 -16297.5585938
-17960.6933594 -17857.3339844 -18658.7324219 -18152.7128906 -17682.9765625 -18528.8183594 -17517.0449219 -17887.7382812
-17487.0019531 -17159.1542969 -18220.5019531 -17654.5996094 -16871.0117188 -18112.7792969 -16953.6191406 -17297.3437500
-18107.4492188 -17672.6347656 -18733.0917969 -18328.0585938 -18237.0566406 -18674.1796875 -18016.6601562 -18066.5468750
-16663.8769531 -16242.2910156 -17616.1035156 -16905.5722656 -16623.5371094 -17533.5605469 -16534.0625000 -16491.2792969
-16862.2480469 -16509.2675781 -17871.6875000 -17246.3808594 -16697.1582031 -17696.1816406 -16618.1757812 -16661.8417969
-17544.0781250 -17197.6699219 -18200.4589844 -17653.5644531 -17347.7773438 -18015.5332031 -17180.5273438 -17354.2363281
-16382.5439453 -15830.8623047 -17336.7031250 -16769.4394531 -16233.5507812 -17138.8652344 -16073.0107422 -16156.0341797
-16569.0019531 -16384.0488281 -17533.8378906 -16715.2675781 -16095.4902344 -17270.4257812 -16177.5781250 -16563.3125000
-16281.3544922 -15658.3457031 -17465.3242188 -16532.5839844 -16295.0517578 -17213.3066406 -16082.5507812 -16093.9453125
-16393.2031250 -15966.1875000 -17307.6503906 -16653.0429688 -16280.6572266 -17233.0742188 -16054.1826172 -16216.2763672
-15962.3320312 -15371.8105469 -17140.3613281 -16220.7324219 -15889.6503906 -16894.5488281 -15646.3310547 -15774.5205078
-17134.4726562 -16737.9257812 -17983.6230469 -17221.8496094 -16931.1132812 -17841.2421875 -16729.4023438 -16976.5312500
-16487.8281250 -16155.5361328 -17329.4628906 -16806.7031250 -16288.9726562 -17299.6972656 -16270.5732422 -16238.9931641
-15721.6142578 -15149.1259766 -16606.4687500 -15916.3789062 -15581.7587891 -16529.6054688 -15345.9638672 -15424.9003906
-16741.4785156 -16170.6152344 -17621.1953125 -17001.2656250 -16405.4804688 -17441.5644531 -16391.4238281 -16492.5644531
-16305.9892578 -16014.7324219 -17300.9121094 -16508.6933594 -15574.3115234 -16954.5703125 -15719.0283203 -16058.8359375
-15797.0156250 -15607.6523438 -16991.3945312 -16209.8447266 -15087.5341797 -16709.1484375 -15246.8496094 -15632.5986328
-15691.4355469 -15385.4316406 -16610.6425781 -16032.4521484 -15163.6689453 -16495.5312500 -15152.4941406 -15539.9443359
-17902.3398438 -17479.0312500 -18701.9023438 -18117.9648438 -17803.3515625 -18577.4082031 -17771.4492188 -17799.4726562
-15505.6894531 -14854.6533203 -16599.4882812 -15700.0908203 -15257.1337891 -16359.7617188 -15098.0273438 -15201.2050781
-17822.4335938 -17419.0136719 -18478.0097656 -17964.5429688 -17716.5449219 -18355.5156250 -17546.2695312 -17671.8066406
-17832.1171875 -17686.6347656 -18573.3359375 -18068.7324219 -17550.4140625 -18403.3867188 -17488.9628906 -17763.6875000
-17358.9062500 -17027.0488281 -18176.0527344 -17591.1269531 -16984.3613281 -18001.5781250 -16829.7597656 -17216.5996094
-17882.1464844 -17352.5664062 -18507.9863281 -18056.2363281 -17899.4453125 -18419.3652344 -17708.7109375 -17724.4824219
-16301.8125000 -15609.8320312 -17318.6425781 -16716.4394531 -16152.4775391 -17153.1210938 -16005.3925781 -16049.8740234
-16891.1425781 -16536.4433594 -17709.2792969 -17115.4355469 -16856.6933594 -17537.7480469 -16572.8847656 -16715.1992188
-16566.2773438 -15934.3730469 -17412.8437500 -16701.6562500 -16288.3388672 -17250.1718750 -16168.1992188 -16292.9882812
-17443.8808594 -17024.5527344 -18175.7519531 -17486.8359375 -16785.1699219 -17898.3906250 -16846.1972656 -17204.5585938
-17109.5703125 -16787.4980469 -17788.7128906 -17325.5390625 -16429.1308594 -17549.0742188 -16494.3535156 -16942.4921875
-18813.1406250 -18412.1621094 -19418.4921875 -18974.3339844 -18750.4101562 -19304.9746094 -18702.1484375 -18676.1425781
-17407.5957031 -17068.3515625 -18103.5703125 -17572.9023438 -17384.4667969 -17968.7011719 -17231.5351562 -17260.7539062
-17499.8476562 -17283.0703125 -18112.6542969 -17618.1953125 -17057.7578125 -17989.5175781 -17014.8203125 -17305.2617188
-16336.6582031 -15882.0068359 -17111.0859375 -16496.2480469 -16210.4423828 -17004.7890625 -16105.8652344 -16083.6123047
-16308.8173828 -15753.7666016 -17403.4648438 -16598.4687500 -16463.5058594 -17162.0156250 -16093.4052734 -16200.6533203
-18829.8964844 -18408.5390625 -19462.7968750 -19010.6894531 -18760.1132812 -19283.1054688 -18680.5878906 -18663.8769531
-16989.5332031 -16384.7382812 -17787.5253906 -17264.0644531 -16908.2753906 -17656.3925781 -16782.5781250 -16764.3359375
-16744.4824219 -16548.8886719 -17548.7382812 -17044.2558594 -16433.1035156 -17457.7558594 -16311.8330078 -16717.3261719
-16656.4355469 -16411.9628906 -17567.0703125 -16988.2792969 -16313.7851562 -17365.1503906 -16112.1699219 -16576.0117188
-16971.3164062 -16526.8945312 -17798.9570312 -17320.7050781 -17018.3242188 -17710.0703125 -16913.6582031 -16892.6386719
-17472.6875000 -17190.8125000 -18108.1640625 -17656.3945312 -16903.4726562 -18023.2832031 -16815.7636719 -17257.8515625
-16774.8398438 -16521.3183594 -17647.3750000 -17019.0781250 -16188.8554688 -17414.0664062 -16253.5966797 -16580.0957031
-16522.7343750 -16182.0615234 -17385.8261719 -16600.8164062 -15684.5263672 -17251.4882812 -15985.8476562 -16323.5332031
-16958.2636719 -16449.6914062 -17741.1171875 -17165.2949219 -16823.1191406 -17582.7167969 -16750.0273438 -16824.5839844
-17646.9804688 -17534.3769531 -18419.4707031 -17876.9531250 -17415.3652344 -18296.1386719 -17370.9921875 -17656.7617188
-17102.8906250 -16759.4980469 -18013.7382812 -17427.8339844 -17093.4902344 -17773.4375000 -17073.9453125 -16928.9394531
-17220.5566406 -16790.9316406 -17952.4160156 -17466.7246094 -17073.0117188 -17775.5312500 -17049.0625000 -17114.8085938
-18759.5898438 -18452.2246094 -19424.5917969 -18892.9667969 -18662.6718750 -19221.3925781 -18617.0019531 -18711.9121094
-15974.0693359 -15228.3310547 -16933.9589844 -16242.2900391 -15688.3281250 -16638.6738281 -15630.9472656 -15681.1503906
-17487.8378906 -17007.1484375 -18276.0625000 -17779.9335938 -17281.0292969 -18100.3359375 -17334.1250000 -17331.0976562
-17015.7480469 -16619.0175781 -17878.6542969 -17322.2343750 -16962.2812500 -17651.4179688 -16830.6464844 -16968.0664062
-17411.9960938 -17126.3945312 -18211.9843750 -17556.8027344 -16840.7988281 -18007.6855469 -16990.3281250 -17170.9257812
-17962.6015625 -17493.1152344 -18694.6406250 -18152.9472656 -17742.9433594 -18528.9531250 -17657.4824219 -17685.3261719
-17308.3144531 -16764.1601562 -18112.7871094 -17509.9511719 -17308.2851562 -17973.8847656 -17053.2539062 -17145.5585938
-16694.4570312 -16297.3994141 -17521.5058594 -16983.5312500 -16299.6933594 -17485.9804688 -16214.0869141 -16559.2363281
-16939.2187500 -16400.5546875 -17849.1523438 -17114.9042969 -17002.7968750 -17706.2792969 -16708.4375000 -16753.4511719
-17337.6367188 -16927.1074219 -18144.7128906 -17563.6757812 -17270.9140625 -18020.5156250 -17018.7070312 -17183.4531250
-17041.8398438 -16691.7910156 -17759.8144531 -17230.0273438 -16590.3437500 -17584.1757812 -16438.3554688 -16776.6015625
-16809.9960938 -16972.9160156 -16742.8515625 -16202.1855469 -17286.4414062 -16827.6484375 -17077.1484375 -16858.5644531
-16074.4707031 -16155.5693359 -16629.2871094 -16180.0732422 -16727.3164062 -16369.5507812 -16250.2910156 -16238.9394531
-18124.9492188 -18383.3300781 -18214.6757812 -18084.8300781 -18677.6562500 -18183.0859375 -18430.3945312 -18152.4082031
-18383.5859375 -18904.2578125 -18194.8476562 -18157.8281250 -19012.1582031 -17816.2988281 -18827.2792969 -18582.1328125
-17544.8867188 -17713.8808594 -17576.0585938 -17217.6386719 -18091.9121094 -17480.0175781 -17859.9531250 -17613.5546875
-17798.3671875 -18248.2402344 -17243.5000000 -17477.4628906 -18550.3496094 -17066.5859375 -18170.9843750 -17841.5800781
-17647.2539062 -17852.6269531 -17791.7597656 -17510.9375000 -18024.8281250 -17724.9335938 -17844.1972656 -17601.8046875
-16712.8027344 -16986.0878906 -16716.6523438 -16497.6640625 -17436.9082031 -16754.7773438 -16999.6054688 -16865.2441406
-17956.5292969 -18211.8320312 -17930.7089844 -17616.0761719 -18616.3710938 -17890.6230469 -18240.7949219 -18031.2988281
-17405.0878906 -17527.1523438 -17556.4394531 -17089.8222656 -17907.6367188 -17407.3125000 -17672.1484375 -17457.3125000
-17032.9140625 -17212.3925781 -17179.3496094 -16718.4726562 -17545.1269531 -17103.1328125 -17341.2968750 -17050.0292969
-17171.6894531 -17423.3300781 -17298.4980469 -17134.8515625 -17743.0722656 -17200.3808594 -17489.8906250 -17263.0898438
-17843.6347656 -18100.2617188 -17494.1386719 -17535.0546875 -18512.5820312 -17142.3886719 -18133.4941406 -17952.9492188
-16454.6210938 -16768.7636719 -16917.2558594 -16347.5498047 -16969.2832031 -16774.0820312 -16789.8945312 -16353.8085938
-16638.8164062 -16469.5175781 -17705.1914062 -16991.1855469 -16104.4375000 -17458.4707031 -16294.5048828 -16512.8007812
-17587.5507812 -17388.9492188 -18211.0527344 -17777.7089844 -17076.9023438 -18130.0136719 -17036.4414062 -17359.8437500
-17254.3261719 -17254.1152344 -17393.1269531 -17247.5976562 -17262.6054688 -17246.2617188 -17093.8085938 -17090.7246094
-17801.9843750 -17654.8906250 -18366.0820312 -17977.3398438 -17493.7714844 -18248.8046875 -17449.6035156 -17604.6015625
-17775.2968750 -17622.6406250 -18351.6367188 -18012.4199219 -17323.9003906 -18255.1171875 -17380.0429688 -17598.5664062
-17073.4511719 -16834.3886719 -17761.6230469 -17270.8828125 -16620.5703125 -17639.9414062 -16542.1367188 -16854.9062500
-16884.2617188 -16678.2597656 -17803.4570312 -17174.4648438 -16129.0703125 -17646.1464844 -16377.1601562 -16784.2128906
-17051.8222656 -16744.1523438 -17707.8847656 -17201.7089844 -16515.7441406 -17594.0742188 -16660.3632812 -16818.9023438
-16867.5468750 -16605.5351562 -17716.7070312 -16982.8945312 -16251.6884766 -17488.6718750 -16387.2343750 -16721.4648438
-16976.7617188 -16585.8027344 -17684.7324219 -17049.9804688 -16211.5341797 -17461.7871094 -16262.1005859 -16735.8320312
-16785.3886719 -16641.4531250 -17641.8906250 -17003.8339844 -16249.8291016 -17416.5722656 -16244.5273438 -16548.9511719
-17773.0800781 -18102.8671875 -17605.1093750 -17563.3105469 -18466.2695312 -17127.2031250 -18136.6542969 -17977.0605469
-18010.7578125 -18380.3125000 -17983.9570312 -17798.9902344 -18715.6367188 -17579.6035156 -18452.7500000 -18177.6230469
-17857.2109375 -18217.7246094 -17675.6621094 -17615.4257812 -18701.5136719 -17312.8789062 -18314.4628906 -18029.5429688
-16722.5742188 -16456.3261719 -17621.6777344 -17037.0234375 -16268.4902344 -17501.0019531 -16374.8623047 -16522.9277344
-18026.5351562 -18295.7226562 -17849.1777344 -17807.3203125 -18655.5117188 -17554.0742188 -18397.5039062 -18192.6757812
-16790.4785156 -16642.8652344 -17639.9628906 -16982.1679688 -16402.3046875 -17486.9160156 -16266.8398438 -16638.3066406
-17996.4277344 -18486.2011719 -17625.6953125 -17795.5175781 -18835.0996094 -17466.3789062 -18432.6816406 -18213.8164062
-19133.6386719 -19307.1210938 -18747.5644531 -18804.3613281 -19708.1269531 -18783.6738281 -19388.5761719 -19213.7109375
-17875.4960938 -18301.0878906 -17527.7539062 -17657.2734375 -18663.1972656 -17434.6542969 -18302.8203125 -18054.4179688
-17960.3496094 -18286.0000000 -17542.7285156 -17738.1816406 -18673.6835938 -17411.8164062 -18339.6972656 -18208.6835938
-19379.9082031 -19627.7128906 -19000.6484375 -19063.2089844 -19958.7226562 -18996.4765625 -19608.8789062 -19560.0371094
-18827.3359375 -18991.2304688 -18641.0800781 -18599.1035156 -19376.0195312 -18553.7050781 -19117.0703125 -18825.4023438
-19503.4199219 -19824.6992188 -19259.5449219 -19353.1347656 -20077.8789062 -19187.5644531 -19870.3613281 -19694.3769531
-18604.7968750 -18900.5996094 -18166.2343750 -18310.2675781 -19330.8593750 -18205.4667969 -18961.5273438 -18801.0449219
-18575.3535156 -18818.0292969 -18366.4082031 -18252.9687500 -19159.4648438 -18171.6289062 -18828.6425781 -18615.9121094
-18555.8671875 -18851.4238281 -18239.3867188 -18196.6699219 -19224.2109375 -18103.5058594 -18928.0898438 -18737.8789062
-18449.9531250 -18826.2402344 -18099.2128906 -18162.7441406 -19051.9648438 -18068.4023438 -18759.2968750 -18548.5507812
-18739.4375000 -18994.6777344 -18282.6230469 -18394.7812500 -19355.6347656 -18249.4003906 -19026.4296875 -18929.2753906
-18972.5019531 -19297.3867188 -18564.3847656 -18708.0625000 -19654.9492188 -18474.6777344 -19378.4667969 -19093.9941406
-18955.8007812 -19202.3964844 -18666.7109375 -18538.2109375 -19459.3554688 -18469.6562500 -19181.4453125 -19046.0117188
-19999.4082031 -20270.1699219 -19657.7851562 -19822.5312500 -20502.3359375 -19673.6152344 -20226.6289062 -20195.6640625
-19697.8750000 -19939.8945312 -19366.1074219 -19453.6367188 -20204.6660156 -19300.1914062 -19921.7851562 -19776.5898438
-18209.5332031 -18536.2324219 -17904.6445312 -17940.6601562 -18935.3847656 -17772.5390625 -18635.9492188 -18405.7011719
-18509.1113281 -18998.6386719 -18101.8984375 -18320.7480469 -19401.0859375 -18103.1640625 -19029.0996094 -18812.3417969
-19062.4511719 -19400.0898438 -18890.5371094 -18777.5195312 -19724.3769531 -18756.6054688 -19458.8398438 -19236.3535156
-19149.6679688 -19526.2871094 -18824.6484375 -18883.0273438 -19784.9628906 -18860.9414062 -19565.5429688 -19340.1464844
-16326.5429688 -16088.8066406 -17181.1640625 -16496.8320312 -15925.2500000 -16846.8398438 -15754.2373047 -16109.6484375
-16629.8535156 -16401.1972656 -17354.1523438 -16824.2832031 -15961.7851562 -17305.0292969 -16115.6484375 -16344.5341797
-19110.3242188 -19243.7363281 -19215.4511719 -19075.0820312 -19312.4648438 -19068.6542969 -19174.9531250 -19157.0078125
-18817.7910156 -18696.1230469 -19292.4316406 -18905.1933594 -18467.5722656 -19185.4550781 -18421.7460938 -18716.4941406
-18493.4179688 -18286.1894531 -19242.5195312 -18774.2070312 -18058.5839844 -18987.3066406 -18112.1972656 -18418.9824219
-17622.7343750 -17422.7050781 -18202.3261719 -17772.4414062 -17107.8417969 -18293.8789062 -17084.9609375 -17431.0117188
-17692.8515625 -17385.8906250 -18448.1503906 -17808.1660156 -17124.9921875 -18329.6542969 -17051.7656250 -17453.9667969
-17114.6777344 -16889.8574219 -17782.2304688 -17249.4667969 -16638.5996094 -17684.2773438 -16666.2187500 -16927.0957031
-16880.7343750 -16869.2617188 -17576.6503906 -17122.3320312 -16428.2402344 -17415.5839844 -16421.6289062 -16682.4628906
-17695.7441406 -17563.5117188 -18441.1777344 -18005.5566406 -17170.8886719 -18333.8476562 -17166.6347656 -17540.6132812
-17939.6484375 -17588.6406250 -18508.4863281 -18060.5078125 -17400.5742188 -18423.0058594 -17463.8593750 -17708.8378906
-15230.3330078 -14882.3134766 -16323.2675781 -15458.4462891 -14642.2841797 -16191.4267578 -14633.1220703 -14978.3994141
-17084.4648438 -16801.8671875 -17831.3515625 -17282.7695312 -16748.7070312 -17661.2832031 -16572.3027344 -16908.2343750
-16925.5644531 -16592.7382812 -17674.2402344 -17042.2773438 -16497.0019531 -17533.5742188 -15888.1748047 -16701.2519531
-17204.9238281 -16948.9062500 -17957.8476562 -17251.4199219 -16780.1777344 -17815.1738281 -16618.3847656 -17184.0175781
-15830.2812500 -15445.3505859 -16853.1035156 -16057.5644531 -14976.8134766 -16626.5937500 -15208.6054688 -15581.6435547
-16228.8466797 -16038.5839844 -17229.5078125 -16460.2636719 -15841.1386719 -17109.9472656 -15683.0273438 -15996.7070312
-16151.9150391 -15925.2578125 -16833.8125000 -16353.8378906 -15679.2109375 -16908.9824219 -15649.4941406 -16131.5234375
-16038.0761719 -15721.3115234 -17036.2246094 -16204.2666016 -15644.2392578 -16829.4472656 -15469.4208984 -15894.7431641
-16996.8300781 -16722.1289062 -17719.5488281 -17175.6523438 -16490.1523438 -17553.3828125 -16357.2851562 -16784.9082031
-17712.7558594 -17526.5019531 -18411.8339844 -17789.6054688 -17279.1738281 -18187.5644531 -17166.3164062 -17575.4902344
-16280.1796875 -16237.3037109 -17238.6640625 -16737.6914062 -16150.0048828 -17149.3769531 -16103.5898438 -16254.9619141
-17767.7363281 -17605.9804688 -18486.1875000 -18005.2363281 -17402.8554688 -18374.3066406 -17279.0175781 -17671.7441406
-16934.2031250 -16641.4609375 -17712.3457031 -17059.3339844 -16336.4765625 -17654.7988281 -16299.3212891 -16732.9355469
-17430.9667969 -17209.0117188 -18348.4238281 -17712.8769531 -17071.4257812 -18109.3769531 -17076.9941406 -17415.5566406
-16346.4726562 -15904.9863281 -17272.9199219 -16561.9609375 -15901.7187500 -16948.4960938 -15750.8759766 -16062.7050781
-16730.9863281 -16585.5253906 -17767.2871094 -17150.0722656 -16352.5332031 -17653.6250000 -16426.5546875 -16827.3867188
-16660.8378906 -16473.0195312 -17499.5722656 -16804.9296875 -15679.3759766 -17353.2011719 -15926.6035156 -16612.8886719
-18101.4628906 -17905.8320312 -18801.6171875 -18193.7578125 -17649.3593750 -18549.2246094 -17591.7285156 -17954.7148438
-17681.2343750 -17465.8574219 -18348.5664062 -17912.1757812 -17083.9589844 -18270.9902344 -17284.0957031 -17520.1562500
-17259.9707031 -17164.8984375 -18146.6601562 -17530.7812500 -16942.3554688 -17954.6953125 -16887.5410156 -17138.0390625
-16876.7773438 -16636.3574219 -17285.8398438 -16773.1152344 -16668.9316406 -16943.7812500 -16412.4472656 -16745.2773438
-17295.1386719 -17349.0976562 -18134.1250000 -17567.0566406 -17575.7148438 -17951.5097656 -17472.0488281 -17067.1757812
-15519.0400391 -15565.4833984 -16600.8847656 -15952.6904297 -16118.1337891 -16275.9970703 -15686.4492188 -15161.5029297
-16655.2480469 -16534.3652344 -17548.1250000 -16959.3222656 -16716.7402344 -17328.9843750 -16582.7246094 -16535.3105469
-16636.5546875 -16606.8339844 -17467.6347656 -16854.8984375 -16730.7832031 -17205.6972656 -16824.5683594 -16503.8886719
-16019.8076172 -15818.6523438 -17074.8593750 -16347.3623047 -16027.2919922 -16869.1562500 -15988.4150391 -15742.4990234
-16730.0761719 -16692.3398438 -17451.1582031 -16961.0371094 -17084.2031250 -17269.3085938 -16819.0429688 -16543.2988281
-16179.3750000 -15841.5166016 -17193.8847656 -16465.7949219 -16308.5546875 -17007.8730469 -16201.7382812 -15944.8974609
-16781.4765625 -16772.6562500 -17646.5820312 -17075.3144531 -16981.3359375 -17493.5175781 -16793.0273438 -16606.7285156
-17863.9980469 -17905.5800781 -18586.3066406 -18186.5878906 -18140.9062500 -18505.6445312 -18030.2324219 -17732.0722656
-16700.6718750 -16734.3457031 -17740.0449219 -17128.9863281 -16987.9746094 -17538.5253906 -16756.3613281 -16516.9609375
-17628.1718750 -17629.4765625 -18569.9101562 -17994.6777344 -17736.8457031 -18292.0468750 -17603.0390625 -17536.2597656
-16708.9570312 -16452.2402344 -17702.0625000 -16971.3730469 -16152.2675781 -17421.5683594 -16274.8310547 -16525.8906250
-16802.0703125 -16729.9531250 -17616.7031250 -17058.9980469 -16768.6464844 -17468.5058594 -16667.4726562 -16592.4902344
-16206.6308594 -16347.0898438 -16909.3613281 -16560.9628906 -16709.9375000 -16977.3261719 -16427.4785156 -16015.9384766
-16170.0820312 -16106.9580078 -17080.5410156 -16460.1914062 -16529.7519531 -16813.2675781 -16194.5957031 -15953.9755859
-16971.5136719 -16902.3222656 -17763.3613281 -17123.5859375 -17316.8281250 -17560.1660156 -16959.3417969 -16829.9492188
-17770.5234375 -17887.8730469 -18390.4453125 -18000.1152344 -17940.1972656 -18222.1171875 -17778.2695312 -17571.3281250
-16729.6992188 -16860.6289062 -17638.6152344 -17193.0703125 -17087.8125000 -17401.5722656 -16892.2324219 -16413.3457031
-18916.8339844 -18930.0195312 -19227.9003906 -18727.4199219 -19223.9960938 -19046.1992188 -18971.0195312 -18897.3417969
-17716.3671875 -17805.9335938 -18379.3964844 -17993.7265625 -17902.0761719 -18248.3046875 -17778.6445312 -17497.0312500
-16252.5117188 -16236.6669922 -17155.8906250 -16490.1132812 -16640.1074219 -16768.2167969 -16372.3876953 -16163.8955078
-16974.0488281 -17116.5605469 -17827.6074219 -17468.3750000 -17280.4218750 -17725.7128906 -17008.8476562 -16866.1113281
-16603.8457031 -16562.4414062 -17542.9199219 -17098.4824219 -16843.4394531 -17368.7128906 -16755.0976562 -16475.1562500
-17350.4843750 -17303.5859375 -17961.7304688 -17429.6445312 -17779.3574219 -17738.9296875 -17439.0898438 -17160.2363281
-17685.5996094 -17588.7109375 -18199.8359375 -17767.1992188 -18033.6035156 -18092.6250000 -17752.3007812 -17529.4824219
-16987.9902344 -16819.0449219 -17788.1933594 -17102.3261719 -16930.8007812 -17604.3027344 -16830.1484375 -16809.3457031
-18166.7207031 -18231.6269531 -18944.3359375 -18501.0761719 -18460.4550781 -18703.0449219 -18257.7343750 -18035.9492188
-17424.1562500 -17407.6640625 -18095.9453125 -17735.6992188 -17671.2910156 -17993.4570312 -17489.6191406 -17314.7890625
-16453.4140625 -16017.6484375 -17617.3515625 -16791.7519531 -16555.1718750 -17196.8828125 -16420.5253906 -16233.1230469
-16339.5546875 -15777.5263672 -17218.8535156 -16600.4199219 -16134.4599609 -17170.2109375 -16024.2070312 -16033.4453125
-16092.7832031 -15798.0537109 -17018.9062500 -16450.5214844 -16060.1191406 -16951.7402344 -15800.5322266 -15968.9257812
-17555.6464844 -17226.9160156 -18281.6855469 -17804.3906250 -17422.7636719 -18172.4882812 -17386.3164062 -17499.1679688
-17414.3339844 -17149.9628906 -18122.6855469 -17645.9355469 -16990.2695312 -18017.6562500 -16926.4843750 -17321.0859375
-16173.3789062 -15647.2812500 -16871.6621094 -16318.9667969 -15991.0957031 -16776.8652344 -15840.3896484 -15930.7802734
-16892.9433594 -16837.3222656 -17764.4316406 -17218.4277344 -16658.5683594 -17710.7890625 -16601.0039062 -16873.8417969
-16956.6796875 -16762.3769531 -17662.1250000 -17072.9414062 -17016.3496094 -17439.5605469 -16792.2929688 -16708.0410156
-18927.0625000 -18845.1484375 -19477.4042969 -19154.7812500 -18504.2382812 -19385.0390625 -18675.6445312 -18894.1796875
-17116.8828125 -16824.1757812 -18079.5117188 -17273.1328125 -16976.6875000 -17972.0507812 -16817.9238281 -17012.7734375
-18022.4980469 -17395.1992188 -18524.0898438 -17915.4902344 -17726.5703125 -18500.7636719 -17596.6074219 -17728.4218750
-17902.8613281 -17579.1738281 -18568.1230469 -18100.4687500 -17988.6523438 -18459.2910156 -17746.0703125 -17711.0917969
-18394.2929688 -17968.3906250 -18978.7539062 -18547.2597656 -18282.9707031 -18853.9140625 -18106.3828125 -18310.1562500
-18728.3945312 -19171.1484375 -18361.9453125 -18522.7792969 -19440.3535156 -18292.0175781 -19195.1054688 -18917.1777344
-18031.5644531 -17610.3066406 -18660.8925781 -18140.1484375 -17810.6542969 -18546.2441406 -17790.9101562 -17832.8945312
-18810.7070312 -18604.4238281 -19318.7343750 -18887.8398438 -18419.6386719 -19195.1601562 -18537.5820312 -18722.5859375
-19307.1445312 -19477.8964844 -19020.9726562 -18991.9921875 -19660.9667969 -18826.1621094 -19458.3730469 -19328.9023438
-18865.0644531 -18635.1445312 -19503.0136719 -18999.5585938 -18716.7265625 -19478.2929688 -18656.4824219 -18832.0449219
-19131.0292969 -18831.2558594 -19728.8378906 -19399.7656250 -19110.4882812 -19626.5546875 -19035.4785156 -18992.3554688
-18453.5253906 -18670.8339844 -18586.9335938 -18361.3593750 -18794.8945312 -18325.7792969 -18724.5957031 -18518.9707031
-18508.5644531 -18191.9316406 -19177.8984375 -18672.9941406 -18340.5722656 -19101.0058594 -18279.7656250 -18392.8359375
-18275.2128906 -18066.0625000 -18950.3632812 -18395.5351562 -17953.3515625 -18887.2304688 -17826.9492188 -18174.2773438
-18178.7773438 -18379.4550781 -18571.4160156 -18290.5214844 -18569.9511719 -18491.8437500 -18365.7636719 -18113.3281250
-18097.4609375 -17957.7597656 -18894.0195312 -18256.1972656 -17564.1484375 -18535.0859375 -17577.8085938 -17885.4863281
-18954.0507812 -18678.3886719 -19393.3945312 -19087.2382812 -19040.6289062 -19378.5917969 -18771.8144531 -18861.5000000
-19039.4609375 -19362.1347656 -18689.7539062 -18710.9394531 -19598.5644531 -18419.5058594 -19239.5332031 -19146.5605469
-19476.9902344 -19662.9355469 -19266.0839844 -19207.5742188 -20056.8066406 -18902.3476562 -19728.5820312 -19559.2890625
-19089.6875000 -19319.9003906 -18880.5195312 -18838.9843750 -19727.9511719 -18318.2207031 -19434.6855469 -19252.5156250
-18622.6367188 -18843.3417969 -18712.0839844 -18535.7851562 -18927.5703125 -18561.0644531 -18717.9941406 -18666.4316406
-17258.4843750 -17348.9882812 -17837.2812500 -17190.9511719 -17687.9550781 -17665.9628906 -17474.1875000 -17384.0332031
-18044.3652344 -18343.6093750 -17858.9277344 -17704.6425781 -18825.5800781 -17250.3437500 -18430.6191406 -18266.8691406
-18974.5625000 -19365.4941406 -18747.0449219 -18864.6054688 -19748.2714844 -18448.4140625 -19453.2695312 -19229.4843750
-18427.2460938 -18126.4179688 -19077.4902344 -18570.3886719 -18490.8417969 -18953.6738281 -18260.6425781 -18364.2695312
-18580.8261719 -18181.7148438 -19235.3203125 -18548.7500000 -18476.2656250 -19041.2460938 -18393.1699219 -18494.5195312
-18182.4746094 -17958.5039062 -18852.0253906 -18383.6328125 -17807.0644531 -18747.2832031 -17835.2929688 -18069.0722656
-17176.8808594 -16834.9726562 -17894.1054688 -17430.8730469 -17259.6816406 -17703.8164062 -16866.1660156 -17099.1503906
-18270.1562500 -18072.1601562 -19001.2753906 -18370.1855469 -17973.6855469 -18806.2304688 -17894.0175781 -18148.1230469
-17161.8359375 -16890.6699219 -18014.6015625 -17369.3945312 -16701.2519531 -17797.4375000 -16687.5292969 -16980.6894531
-18653.0917969 -18935.8691406 -18281.3847656 -18459.8378906 -19346.2851562 -18088.5683594 -19108.6660156 -18849.3867188
-18094.9550781 -18289.4902344 -17764.9511719 -17696.6933594 -18619.2734375 -17421.1132812 -18392.1230469 -18194.8183594
-18057.2656250 -18600.1035156 -17946.2187500 -17895.2812500 -18839.8339844 -17443.6835938 -18523.1718750 -18307.5683594
-18077.9453125 -17831.7656250 -18895.0351562 -18406.7714844 -18055.9375000 -18838.6601562 -17996.2714844 -18038.0000000
-19406.0117188 -19108.2558594 -19979.9023438 -19460.7519531 -18984.0644531 -19765.9667969 -18909.0371094 -19260.1113281
-18080.9707031 -18576.7421875 -17696.3652344 -17840.2382812 -18975.1425781 -17265.6972656 -18488.5800781 -18249.8339844
-18121.5742188 -17833.9492188 -18856.9199219 -18308.9101562 -17963.6835938 -18686.6093750 -17764.1093750 -17952.5839844
-18846.2050781 -19158.7031250 -18762.0449219 -18673.5449219 -19572.7343750 -18365.8398438 -19253.0195312 -19052.6132812
-17205.9179688 -16821.6679688 -18035.0605469 -17499.1875000 -17128.7324219 -17900.4453125 -17027.7460938 -17008.4394531
-18765.0097656 -19053.3730469 -18529.7285156 -18487.1640625 -19494.4335938 -18269.6113281 -19058.7363281 -18939.5546875
-18131.0859375 -18529.0664062 -17988.7695312 -17958.3906250 -18768.2714844 -17551.5019531 -18522.8496094 -18335.3554688
-18860.4414062 -19221.5820312 -18752.2500000 -18556.8476562 -19496.9375000 -18279.1777344 -19157.4296875 -18998.4980469
