-14536.6894531 -15763.7939453 -16293.0146484 -15616.6914062 -15894.5039062 -16231.6093750 -15657.1445312 -15463.7880859
-16133.6992188 -16138.9628906 -16956.8867188 -16398.1777344 -16352.7363281 -16701.9609375 -16145.5048828 -15938.7675781
-15353.4814453 -15467.2509766 -16091.2285156 -15447.8876953 -15682.7910156 -15903.5244141 -15427.3095703 -15352.6777344
-18544.2421875 -18707.7812500 -19008.4980469 -18711.3027344 -18837.4726562 -19041.5996094 -18675.0468750 -18576.5957031
-16428.7187500 -16756.2011719 -17072.7148438 -16692.3710938 -16969.8945312 -17058.0976562 -16583.9257812 -16638.4667969
-16374.0166016 -16505.5039062 -16944.9453125 -16538.8164062 -16711.7402344 -16867.9277344 -16480.3750000 -16285.1660156
-16206.9052734 -16450.7480469 -16825.2519531 -16501.4921875 -16535.8007812 -16788.9726562 -16346.0712891 -16280.1787109
-16705.1308594 -16944.4980469 -17165.2089844 -16855.5078125 -17342.7968750 -17145.0156250 -16966.1601562 -16851.1113281
-15132.8662109 -16317.0302734 -16815.7304688 -16257.2919922 -16482.6621094 -16800.6210938 -16279.1738281 -16152.0039062
-16225.0566406 -16414.4902344 -16723.7167969 -16244.1181641 -16743.9980469 -16723.4941406 -16373.1611328 -16303.6835938
-16866.9335938 -17030.4960938 -17570.1738281 -17125.2539062 -17243.6406250 -17534.4296875 -17056.3886719 -16678.2773438
-17267.9707031 -17400.7402344 -17816.8398438 -17394.4160156 -17574.8437500 -17770.5000000 -17312.0976562 -17273.9238281
-17166.2968750 -17043.1640625 -17782.8632812 -17279.9199219 -17306.6054688 -17761.3964844 -17146.4863281 -16887.4179688
-16745.5332031 -16680.2265625 -17428.7929688 -16964.2617188 -16979.7265625 -17388.6582031 -16802.1093750 -16543.4453125
-16600.3574219 -16583.3574219 -17354.0898438 -16651.1230469 -16781.8066406 -17234.7343750 -16714.1230469 -16334.8984375
-16965.9824219 -16872.4257812 -17554.0449219 -17043.0937500 -17159.4199219 -17448.1015625 -16856.9960938 -16511.1875000
-17082.7558594 -17130.6210938 -17233.6152344 -16631.9335938 -17627.0683594 -16970.4902344 -17180.9550781 -16957.4003906
-16683.3945312 -17018.6074219 -16900.7792969 -16279.5859375 -17308.1054688 -16795.2011719 -16936.2753906 -16861.8222656
-16505.0371094 -16799.7910156 -16646.1445312 -16281.5439453 -17039.1210938 -16572.8007812 -16683.6093750 -16530.6738281
-16181.4775391 -16514.9238281 -16342.0312500 -15882.7646484 -16840.8339844 -16214.3632812 -16412.7128906 -16350.6962891
-16487.3164062 -16813.6250000 -16634.7617188 -16092.5283203 -16986.4648438 -16520.5410156 -16603.0175781 -16432.2968750
-17653.0253906 -17853.2089844 -17908.2089844 -17446.7636719 -18126.2988281 -17966.7968750 -17897.1738281 -17756.7070312
-17076.0253906 -17308.8964844 -17186.9804688 -16704.8886719 -17583.3750000 -17175.1640625 -17285.8632812 -17200.1816406
-17308.2246094 -17344.3105469 -17337.2832031 -17022.8320312 -17795.8339844 -17164.8964844 -17373.1425781 -17337.5371094
-16391.7187500 -16631.7363281 -16472.6074219 -16079.0537109 -16950.8750000 -16535.5781250 -16732.5625000 -16479.6757812
-17945.0058594 -18150.4375000 -18046.5351562 -17655.4316406 -18455.6484375 -18037.4980469 -18097.8457031 -17992.5996094
-17108.5605469 -17388.0332031 -17156.6562500 -16645.2226562 -17633.4453125 -17079.8847656 -17402.0175781 -17260.4628906
-19326.2714844 -19512.9726562 -18695.9238281 -19043.9667969 -19658.4882812 -18986.3964844 -19443.4082031 -19347.4609375
-18234.7480469 -18538.0332031 -17381.6855469 -18003.1933594 -18743.8222656 -17954.0625000 -18508.6230469 -18389.7148438
-18566.0292969 -18809.5957031 -17675.8886719 -18328.2480469 -19088.7910156 -18268.5898438 -18808.0136719 -18566.4140625
-17695.8535156 -18096.3300781 -16901.0156250 -17590.4472656 -18380.8203125 -17455.9453125 -18013.5937500 -17902.8164062
-17118.4707031 -17308.2285156 -16148.3144531 -16768.5761719 -17702.8222656 -16756.8828125 -17463.9804688 -17189.2871094
-17347.2617188 -17707.0761719 -16235.7421875 -17040.0117188 -17969.5312500 -16952.9707031 -17617.4902344 -17554.9667969
-17399.2382812 -17856.5156250 -16691.0449219 -17142.5019531 -18134.0488281 -17141.6503906 -17857.6328125 -17744.1425781
-18032.8769531 -18338.0957031 -17081.5058594 -17844.2675781 -18626.4687500 -17759.9570312 -18399.2500000 -18174.1718750
-17643.3515625 -18145.8085938 -16786.4003906 -17461.1015625 -18241.4414062 -17292.0878906 -18032.3281250 -17950.7402344
-18059.7402344 -18500.2031250 -17477.1542969 -17881.1796875 -18650.4316406 -17892.6464844 -18518.9941406 -18271.3085938
-16849.2988281 -17161.1914062 -16230.6562500 -16578.9316406 -17475.6621094 -16645.0898438 -17173.1093750 -17063.1406250
-18918.5859375 -19132.2324219 -18221.7031250 -18660.0312500 -19436.3398438 -18583.5332031 -19207.1386719 -19049.3144531
-18595.7011719 -18838.6367188 -17816.5000000 -18347.3164062 -19076.6367188 -18216.7050781 -18755.7226562 -18650.0800781
-18745.0449219 -19099.2382812 -18110.6816406 -18572.4414062 -19248.7656250 -18495.0156250 -19061.7988281 -18902.5000000
-18555.8222656 -18859.3222656 -17695.8144531 -18382.0507812 -18969.2714844 -18337.8808594 -18836.3847656 -18667.9160156
-17174.3007812 -16697.8828125 -17883.5957031 -17214.0722656 -17151.1054688 -17813.7324219 -16981.7441406 -17035.3046875
-16896.7968750 -16461.2128906 -17613.0566406 -17078.1562500 -16859.6718750 -17492.8691406 -16813.8359375 -16768.1640625
-16522.1503906 -16363.5068359 -17247.8964844 -16792.4511719 -15657.9384766 -17283.9492188 -15937.6835938 -16340.4414062
-14942.6650391 -14868.4033203 -15649.3193359 -15154.5039062 -14410.1630859 -15648.6806641 -14486.2216797 -14829.3291016
-18457.3398438 -18458.3046875 -19110.8125000 -18623.0019531 -18260.7050781 -18988.3730469 -18208.3164062 -18425.5664062
-17439.7773438 -17081.2617188 -18028.1367188 -17541.5527344 -17264.6562500 -18072.2500000 -17166.9101562 -17190.6425781
-16552.9082031 -16049.6455078 -17223.1796875 -16677.3105469 -16506.2851562 -17211.6855469 -16347.8310547 -16303.8291016
-16523.3457031 -15972.7353516 -17179.6484375 -16648.1679688 -16434.9667969 -17148.7910156 -16229.3544922 -16319.4013672
-16986.0234375 -16907.1269531 -17853.5878906 -17187.3906250 -16610.6523438 -17615.6933594 -16501.9042969 -16899.6542969
-16108.6552734 -15631.4755859 -16903.5917969 -16325.7353516 -16120.4697266 -16813.5312500 -15957.4726562 -15958.0693359
-16626.8515625 -16361.7041016 -17386.9472656 -16878.8535156 -16262.1679688 -17277.6582031 -16213.6679688 -16428.4628906
-15570.3212891 -15312.4423828 -16403.7031250 -15671.1298828 -14954.5371094 -16337.1054688 -15063.1210938 -15431.6875000
-16921.0644531 -16603.3144531 -17562.3027344 -17007.9902344 -16482.5195312 -17505.2695312 -16465.2792969 -16809.1757812
-16877.1054688 -16243.6621094 -17535.7968750 -16983.5546875 -16698.7675781 -17513.3632812 -16533.3886719 -16499.0859375
-18269.9902344 -17978.2324219 -18712.0742188 -18440.2558594 -18294.8496094 -18805.4550781 -18143.6640625 -18031.5839844
-16455.6582031 -16026.1953125 -17204.7617188 -16712.9570312 -16403.3984375 -17155.3398438 -16268.6835938 -16397.6914062
-16526.4863281 -16034.1367188 -17217.3222656 -16617.5390625 -16294.6552734 -17157.2695312 -16257.3925781 -16271.8671875
-16907.4921875 -17285.7304688 -16546.6562500 -16593.1835938 -17633.2402344 -16201.8955078 -17129.2480469 -17046.2988281
-17988.2363281 -18384.9746094 -17811.2675781 -17798.6738281 -18744.7441406 -17472.9921875 -18364.8320312 -18129.9453125
-16987.3457031 -17269.4453125 -16974.9472656 -16811.1191406 -17551.0253906 -16674.1660156 -17277.3027344 -17137.3593750
-18186.1328125 -18023.7929688 -18584.1894531 -18369.5625000 -17360.6582031 -18720.0058594 -17696.3632812 -18089.9179688
-17227.6816406 -17034.6992188 -17871.5273438 -17322.6171875 -16720.1582031 -17861.6992188 -16723.1621094 -17129.1816406
-17283.6113281 -17231.5039062 -17952.9550781 -17467.5019531 -16636.9472656 -18072.0195312 -16883.8945312 -17281.9062500
-17199.3535156 -16963.8710938 -17787.4316406 -17348.8925781 -16173.6357422 -17889.2968750 -16518.1093750 -16986.3417969
-16890.7929688 -16703.0957031 -17503.0605469 -17097.2285156 -16080.8095703 -17514.1777344 -16288.1982422 -16699.0039062
-16343.3105469 -16201.4316406 -17178.7675781 -16660.0644531 -15465.0996094 -17234.3046875 -15887.6220703 -16331.4179688
-17089.5976562 -16931.0371094 -17841.1210938 -17342.1953125 -16246.0029297 -17842.7832031 -16664.6992188 -16989.7089844
-17156.2480469 -16901.7402344 -17827.7207031 -17311.8906250 -16231.9023438 -17827.1972656 -16560.4375000 -17011.7070312
-16746.1015625 -16790.0097656 -17172.9570312 -16839.5957031 -16203.5322266 -17211.4960938 -16434.1914062 -16684.2578125
-17253.5156250 -17092.7089844 -17919.2597656 -17469.2343750 -16260.4130859 -18078.4570312 -16698.9687500 -17212.0839844
-17728.3750000 -17463.4316406 -18306.2539062 -17925.1132812 -16992.9179688 -18402.5195312 -17230.3554688 -17609.0664062
-16338.8330078 -16069.3593750 -17081.5937500 -16531.5683594 -15302.1328125 -17100.0312500 -15744.5351562 -16078.8046875
-18005.4531250 -17793.6210938 -18590.3066406 -18196.5234375 -17208.3222656 -18652.8867188 -17571.1074219 -17824.3203125
-17035.8359375 -16847.5371094 -17689.2480469 -17258.9199219 -16329.9570312 -17697.6894531 -16504.3730469 -16758.7324219
-19093.8847656 -18994.2031250 -19584.5878906 -19178.7011719 -18983.0625000 -19569.8535156 -18870.8710938 -19031.0527344
-18713.9140625 -18653.3437500 -19235.3964844 -18911.8125000 -18427.0039062 -19284.7382812 -18440.7226562 -18662.4531250
-17192.2089844 -17152.4296875 -17928.6835938 -17407.0000000 -16922.6347656 -17929.9941406 -16854.7753906 -17072.7832031
-15567.8427734 -15457.8037109 -16454.1367188 -15840.7373047 -14453.6425781 -16557.6523438 -14824.9111328 -15465.1298828
-15965.9697266 -15825.4404297 -16694.8886719 -16223.6142578 -15072.4472656 -16868.2714844 -15408.5166016 -15802.5097656
-16858.7382812 -16668.6660156 -17698.6367188 -17041.9316406 -16606.8242188 -17537.0195312 -16436.0976562 -16797.9765625
-17261.9648438 -17318.7578125 -17943.9472656 -17433.4296875 -17451.0761719 -17822.9101562 -17206.9882812 -17027.0390625
-17113.5976562 -17107.1054688 -17590.6484375 -17174.2675781 -17360.6054688 -17636.9609375 -17144.8027344 -16968.6757812
-16457.2675781 -16462.6679688 -17028.4785156 -16633.2832031 -16700.2695312 -17098.2636719 -16518.6992188 -16308.2031250
-17267.3750000 -17343.0722656 -17883.8144531 -17344.3085938 -17344.6328125 -17805.3242188 -17158.4492188 -16976.4804688
-17489.7988281 -17365.5722656 -18146.1152344 -17674.0136719 -17605.5820312 -18133.9453125 -17329.1015625 -17075.5976562
-17602.2460938 -17440.6015625 -18227.7128906 -17739.6289062 -17675.6718750 -18161.8085938 -17561.2226562 -17369.5546875
-16359.2187500 -16109.7060547 -17346.7519531 -16688.8144531 -16457.4179688 -17235.1484375 -16335.6728516 -16357.6152344
-18341.8945312 -18684.0410156 -18101.3769531 -18161.5078125 -18923.0371094 -17799.5527344 -18635.9472656 -18480.8398438
-19036.3281250 -19340.0410156 -18656.9218750 -18808.8125000 -19650.1601562 -18443.2011719 -19296.2812500 -19105.5136719
-18183.4746094 -18537.8261719 -17937.1914062 -17937.4746094 -18877.1269531 -17494.7050781 -18533.7988281 -18289.2343750
-18593.1269531 -18928.2675781 -18177.3730469 -18346.1699219 -19185.1777344 -18011.2734375 -18824.5957031 -18716.0332031
-17692.6972656 -17974.8144531 -17336.2304688 -17418.1875000 -18294.2363281 -17174.6210938 -17927.5078125 -17805.0058594
-17797.8769531 -18177.3906250 -17514.5761719 -17507.9355469 -18424.7519531 -17107.7753906 -18068.5800781 -17944.4882812
-18520.6855469 -18854.4375000 -18183.0332031 -18252.0820312 -19136.1914062 -17897.1503906 -18750.6855469 -18628.9687500
-18445.9824219 -18824.9902344 -18156.5527344 -18150.1972656 -19045.3906250 -17898.2597656 -18642.5351562 -18638.1445312
-18691.4003906 -18848.0703125 -18458.0781250 -18340.7851562 -19235.2539062 -17997.0644531 -18854.6738281 -18799.9257812
