-14864.7177734 -16496.1113281 -16600.0292969 -16332.8320312 -16722.3007812 -16562.9453125 -16504.6718750 -16150.6650391
-16466.4121094 -16603.4218750 -17260.6425781 -16805.0117188 -16902.4863281 -17323.3437500 -16577.4414062 -16441.7949219
-15840.2861328 -16070.3369141 -16603.2734375 -16277.6083984 -16126.2812500 -16675.3867188 -15865.7050781 -15730.4345703
-18896.2988281 -18982.1855469 -19225.8144531 -18912.8125000 -19051.1308594 -19215.7617188 -18907.3691406 -18914.6035156
-17006.5605469 -17134.9316406 -17584.0449219 -17087.5449219 -17234.0664062 -17460.1816406 -17027.4707031 -16880.1640625
-16446.9980469 -16630.5175781 -17307.6250000 -16595.0585938 -16853.8964844 -17193.6406250 -16650.1718750 -16326.0166016
-16924.8886719 -17029.1347656 -17455.9394531 -16897.2480469 -17160.9882812 -17384.5468750 -17007.9257812 -16812.5976562
-16778.8613281 -17107.5742188 -17543.5312500 -17081.5488281 -17324.7832031 -17505.4843750 -17077.5898438 -16815.1894531
-15683.2011719 -17250.7714844 -17458.1425781 -17248.0273438 -17520.3144531 -17414.2578125 -17279.5761719 -17055.0703125
-16530.1250000 -16881.9550781 -17340.6816406 -16831.5332031 -17049.6015625 -17308.9785156 -16820.7675781 -16666.6054688
-17167.7636719 -17046.7675781 -17904.7539062 -17440.8222656 -17131.3222656 -17944.7539062 -17122.5117188 -16812.2089844
-17704.2324219 -17751.6718750 -18170.2343750 -17731.4492188 -17971.1152344 -18187.4140625 -17784.1718750 -17505.4609375
-17623.1347656 -17522.0039062 -18133.0507812 -17663.2324219 -17627.6445312 -18175.6093750 -17459.6015625 -17318.0429688
-17085.5175781 -17087.3144531 -17778.2363281 -17405.6210938 -17260.4804688 -17868.4980469 -17052.3906250 -16894.5371094
-17236.6679688 -16968.4199219 -17798.6367188 -17172.4492188 -17242.5527344 -17733.5273438 -17137.7480469 -16975.0292969
-17304.4199219 -17165.8300781 -17913.6230469 -17564.7929688 -17432.0761719 -18021.7480469 -17279.4628906 -17099.4882812
-17770.5039062 -18095.4257812 -17735.1992188 -17437.7421875 -18336.8535156 -17599.4589844 -18031.6132812 -17821.4218750
-17364.3242188 -17748.0917969 -17362.6132812 -16680.9277344 -18001.0742188 -17346.1035156 -17616.6113281 -17493.8457031
-16883.2304688 -17248.4648438 -16912.8789062 -16581.3066406 -17596.0781250 -16979.0585938 -17189.9238281 -16925.6132812
-16467.1796875 -16713.4570312 -16514.5996094 -15972.8691406 -16946.6210938 -16551.7890625 -16728.9511719 -16405.1777344
-17190.6445312 -17397.8574219 -17155.7031250 -16751.0585938 -17663.1074219 -17283.2460938 -17408.1855469 -17216.7597656
-17986.4140625 -18062.0390625 -18100.9414062 -17546.5917969 -18301.2773438 -18124.7675781 -18073.9531250 -17914.0468750
-17323.2519531 -17483.7988281 -17470.2128906 -17155.0019531 -17830.8632812 -17426.7656250 -17532.9257812 -17341.8476562
-17863.2734375 -17960.5214844 -17857.9101562 -17559.9941406 -18237.1894531 -17831.6367188 -17928.8261719 -17885.0976562
-17170.3691406 -17491.4941406 -17312.8847656 -16593.7128906 -17692.0781250 -17247.0195312 -17348.0820312 -17134.2539062
-18267.9179688 -18400.8789062 -18231.9941406 -17835.0703125 -18657.5078125 -18150.8105469 -18415.3984375 -18212.1386719
-17641.3828125 -17815.6738281 -17830.8632812 -17161.3671875 -18150.7167969 -17805.7421875 -17789.7812500 -17788.3437500
-19873.0742188 -20254.2441406 -19208.6855469 -19625.9042969 -20347.3984375 -19506.1718750 -20123.7773438 -19965.1308594
-18599.1503906 -18890.9980469 -17658.9531250 -18244.6015625 -18986.9492188 -18315.7324219 -18786.1992188 -18724.5351562
-19034.7207031 -19220.9101562 -18128.3144531 -18700.4628906 -19488.8671875 -18690.9316406 -19255.9062500 -19149.0898438
-18374.6210938 -18598.1699219 -17515.0410156 -18066.5859375 -18978.4960938 -17995.7792969 -18613.8847656 -18524.9375000
-17967.9804688 -18430.9511719 -17050.0371094 -17630.9257812 -18902.4218750 -17649.5429688 -18417.8378906 -18146.0566406
-17722.3789062 -18063.9277344 -16925.1269531 -17455.7441406 -18113.0585938 -17463.7910156 -17960.6054688 -17848.2519531
-18099.8984375 -18407.0703125 -17158.7382812 -17744.8222656 -18639.4023438 -17819.7832031 -18386.2636719 -18191.1269531
-18461.9316406 -18771.2167969 -17574.8105469 -18250.4843750 -19053.3808594 -18180.5917969 -18730.9316406 -18491.5078125
-17845.0312500 -18195.8339844 -17015.2324219 -17679.7871094 -18450.2187500 -17529.4785156 -18156.0996094 -18025.6757812
-18568.2246094 -18713.6328125 -17654.5136719 -18138.1621094 -18960.7539062 -18205.0917969 -18716.2695312 -18665.4355469
-17554.6308594 -17846.9160156 -16330.3173828 -17215.4941406 -18109.8105469 -17266.4765625 -17739.2187500 -17508.3515625
-19042.2910156 -19237.4550781 -18259.3730469 -18757.9082031 -19350.6972656 -18926.2460938 -19203.9062500 -19086.8554688
-18890.7402344 -19245.1250000 -18102.0195312 -18542.9804688 -19468.8144531 -18716.1230469 -19157.2675781 -18936.4335938
-19393.9335938 -19682.4824219 -18745.7402344 -19163.7363281 -19821.6562500 -19189.9316406 -19626.3671875 -19544.0878906
-19314.0683594 -19578.2988281 -18467.3183594 -19122.7441406 -19713.0097656 -19207.2871094 -19595.1113281 -19448.6503906
-17456.1523438 -16901.6445312 -18077.6093750 -17566.8808594 -17336.7851562 -18056.9042969 -17212.6933594 -17252.4121094
-17299.6523438 -16731.2949219 -17888.3027344 -17473.5546875 -17157.8828125 -17900.6562500 -17003.7578125 -17082.6542969
-16763.4062500 -16529.7363281 -17329.5839844 -16991.0234375 -15710.0947266 -17351.3691406 -15956.3242188 -16507.7343750
-15404.4365234 -15130.5146484 -16318.0107422 -15637.4882812 -14864.6523438 -16329.7441406 -14701.9062500 -15172.7861328
-18796.0566406 -18632.4843750 -19283.5957031 -18875.9609375 -18283.9746094 -19289.3378906 -18355.0390625 -18617.2089844
-17521.6132812 -16979.4550781 -18098.5878906 -17646.3359375 -17275.1816406 -18163.0292969 -17101.4531250 -17215.6542969
-16992.6640625 -16424.7324219 -17615.5625000 -17093.9980469 -16827.3046875 -17669.5253906 -16683.3183594 -16637.9082031
-16719.8574219 -16326.8974609 -17462.4609375 -16867.8710938 -16659.8574219 -17366.7773438 -16502.4179688 -16413.5683594
-17129.3828125 -16866.2949219 -17797.2089844 -17438.9707031 -16705.1640625 -17853.3925781 -16601.7988281 -16966.5058594
-16560.0566406 -15905.3339844 -17240.4316406 -16718.1894531 -16217.1318359 -17347.5117188 -16144.3720703 -16235.0146484
-16816.2519531 -16483.2128906 -17441.2382812 -17026.1562500 -16305.9785156 -17416.2988281 -16311.5009766 -16516.6796875
-16102.0957031 -15931.4716797 -16925.8359375 -16260.0156250 -15451.7919922 -16996.7988281 -15465.6914062 -15764.1035156
-17275.0117188 -17100.1796875 -17787.7363281 -17477.6835938 -16882.6855469 -17885.6699219 -16946.3339844 -17133.1132812
-16883.5253906 -16260.0312500 -17504.6718750 -17150.3417969 -16714.6230469 -17707.3964844 -16671.7636719 -16763.6933594
-18564.6464844 -18010.8593750 -19054.6894531 -18700.9765625 -18441.7890625 -19154.2812500 -18382.5136719 -18331.7753906
-16714.4980469 -16084.5117188 -17458.3867188 -16940.3164062 -16441.0507812 -17546.9550781 -16425.4628906 -16357.0771484
-16505.5000000 -15913.7314453 -17317.2421875 -16769.6718750 -16250.1250000 -17426.8789062 -16209.4599609 -16321.9853516
-17638.7519531 -18187.0390625 -17394.3847656 -17345.6386719 -18491.6757812 -16976.2441406 -18169.5039062 -17875.6835938
-18697.4687500 -19112.8554688 -18455.2558594 -18457.9589844 -19328.4980469 -17962.9687500 -18978.7050781 -18793.7851562
-17641.3242188 -17941.9335938 -17355.3593750 -17206.7695312 -18259.7050781 -17077.8496094 -17999.8515625 -17723.7246094
-18665.5058594 -18503.3574219 -19122.8027344 -18824.2753906 -18060.5566406 -19222.5117188 -18303.9257812 -18536.5292969
-17561.4335938 -17290.5859375 -18181.0234375 -17707.0273438 -17098.0937500 -18168.2773438 -17140.7031250 -17254.8925781
-17562.5410156 -17346.7988281 -18235.4335938 -17748.7929688 -16688.6132812 -18255.1250000 -16940.2031250 -17270.9492188
-17232.4550781 -16966.8378906 -17806.7226562 -17467.8554688 -16294.6005859 -17944.0761719 -16656.1933594 -16966.3710938
-17414.3847656 -17226.8457031 -18013.7675781 -17562.8457031 -16515.9218750 -18090.5078125 -16823.6035156 -17117.4140625
-16618.2832031 -16343.2421875 -17381.2714844 -16847.9531250 -15711.6689453 -17547.4218750 -15892.4853516 -16252.5849609
-17423.0332031 -17092.5898438 -18003.6660156 -17590.8359375 -16576.7792969 -18120.7968750 -16787.2617188 -17147.8027344
-17632.4648438 -17334.1308594 -18153.7246094 -17819.3613281 -16554.5058594 -18290.8945312 -17031.5703125 -17338.2988281
-17152.0468750 -17206.0683594 -17787.4511719 -17347.5820312 -16564.2226562 -17729.5097656 -16935.1230469 -17022.1113281
-17707.4707031 -17501.9921875 -18323.3789062 -17972.1894531 -16872.1308594 -18421.8046875 -17128.3437500 -17565.9375000
-18172.1093750 -17930.8925781 -18600.0234375 -18355.8222656 -17390.9453125 -18737.2714844 -17677.4472656 -17984.0566406
-16486.3828125 -16233.4970703 -17317.4609375 -16811.7695312 -15513.4921875 -17292.2753906 -16031.5146484 -16192.6621094
-18604.0449219 -18426.8554688 -19189.9570312 -18766.4902344 -17910.5625000 -19139.4472656 -18175.5195312 -18409.1328125
-17475.8496094 -17237.0273438 -18209.9687500 -17716.6074219 -16718.0703125 -18196.3144531 -16897.1503906 -17194.4375000
-19419.8125000 -19296.4667969 -19921.2304688 -19548.4785156 -19162.1894531 -19974.3750000 -19126.6425781 -19248.5722656
-19087.4121094 -18949.1250000 -19627.9726562 -19266.5253906 -18839.4453125 -19695.1445312 -18695.9531250 -19009.3847656
-17373.0214844 -17180.0332031 -17911.3945312 -17425.1132812 -16799.8906250 -17992.7714844 -16760.9960938 -17020.7675781
-15378.6748047 -15209.3593750 -16381.7353516 -15757.5615234 -14388.2685547 -16437.7968750 -14778.2148438 -15131.8837891
-16082.9990234 -15775.8671875 -17008.5722656 -16380.8183594 -15034.3476562 -17039.6523438 -15381.9755859 -15796.9912109
-16990.6210938 -16718.8691406 -17498.1132812 -17135.5664062 -16418.1464844 -17610.3867188 -16433.5742188 -16696.6171875
-17210.5273438 -17206.5722656 -17834.3496094 -17415.1074219 -17283.3535156 -17851.1425781 -17187.8671875 -16955.9003906
-17559.6953125 -17658.1582031 -18250.3046875 -17789.7441406 -17677.7460938 -18184.4042969 -17505.8066406 -17343.8535156
-17111.5566406 -17054.8437500 -17689.2792969 -17221.6035156 -16988.6308594 -17664.5605469 -16964.4550781 -16869.9824219
-17331.5156250 -17492.5136719 -18224.4160156 -17652.7714844 -17692.5800781 -18152.7597656 -17510.1660156 -17363.6562500
-17729.7675781 -17722.1406250 -18417.8496094 -17906.5253906 -17818.1679688 -18463.9628906 -17709.5488281 -17594.8222656
-17868.2441406 -17697.5820312 -18473.0878906 -18031.3339844 -17726.9941406 -18478.0625000 -17664.4355469 -17453.3925781
-16782.5878906 -16234.6777344 -17495.9414062 -16938.8671875 -16529.3281250 -17605.9257812 -16518.6796875 -16391.2480469
-19042.6503906 -19460.1582031 -18845.6171875 -18754.0800781 -19488.4570312 -18445.2871094 -19368.5781250 -19105.4824219
-19509.2714844 -19853.2480469 -19203.1894531 -19312.7460938 -20160.8046875 -18879.2871094 -19817.8964844 -19628.1347656
-18826.6074219 -19172.5058594 -18571.8242188 -18617.4238281 -19435.9023438 -18349.9062500 -19112.9042969 -18972.3515625
-19036.1328125 -19360.0917969 -18800.4082031 -18797.4785156 -19640.6816406 -18417.6835938 -19319.1250000 -19176.3027344
-18312.8183594 -18809.9609375 -18192.7714844 -18042.8925781 -18935.1933594 -17595.4941406 -18724.2539062 -18550.5292969
-18465.1914062 -18928.7597656 -18245.1757812 -18048.2109375 -19046.0839844 -17686.2675781 -18771.5898438 -18569.6542969
-18775.8671875 -19264.6289062 -18592.4394531 -18577.1621094 -19423.9980469 -18358.1679688 -19187.1054688 -19057.2753906
-19011.1347656 -19394.1074219 -18707.6289062 -18745.6640625 -19516.9726562 -18350.2558594 -19259.8632812 -19135.3378906
-19157.4082031 -19437.4140625 -18846.5000000 -18790.6054688 -19629.3828125 -18563.8593750 -19398.2851562 -19242.1933594
