-14905.6308594 -16183.8437500 -16598.6816406 -16029.0654297 -16398.3710938 -16570.3027344 -16353.9687500 -15966.2158203
-16421.0332031 -16729.8574219 -17349.5410156 -16755.7402344 -16769.5605469 -17264.8515625 -16571.0156250 -16288.2050781
-15743.8066406 -16103.1865234 -16613.1953125 -16015.4492188 -16303.6308594 -16386.2851562 -16097.5390625 -15795.8281250
-19052.9472656 -19153.0664062 -19533.1582031 -19140.4414062 -19338.1738281 -19339.1738281 -19146.5000000 -19045.2382812
-17197.2089844 -17577.9199219 -17773.1660156 -17376.4277344 -17731.6523438 -17695.8125000 -17413.0410156 -17275.3359375
-16513.0683594 -16722.1367188 -17352.9082031 -16778.9179688 -16853.9707031 -17246.1269531 -16711.3457031 -16586.0527344
-16744.8750000 -16952.1308594 -17368.6601562 -16940.9101562 -17183.6601562 -17239.3652344 -16938.2285156 -16672.9433594
-17055.1035156 -17204.3144531 -17822.7539062 -17280.0078125 -17282.3222656 -17663.4609375 -17133.7539062 -16997.0644531
-15403.3066406 -16694.2128906 -17135.9960938 -16624.6269531 -16994.5058594 -17101.1523438 -16881.9804688 -16536.9296875
-16225.2714844 -16516.9238281 -17054.0625000 -16507.0605469 -16645.4453125 -16770.2460938 -16442.9707031 -16355.9912109
-17236.7792969 -17096.4062500 -17941.7304688 -17275.4472656 -17435.9277344 -17820.3945312 -17204.0800781 -16871.3691406
-17780.1660156 -18000.3261719 -18468.8574219 -17982.9609375 -18188.3730469 -18306.0546875 -17873.8417969 -17739.4726562
-17524.1035156 -17484.1777344 -18272.9609375 -17730.2734375 -17575.2734375 -18104.9550781 -17537.4433594 -17295.1035156
-17305.1230469 -17309.4492188 -18053.8359375 -17516.7363281 -17430.5253906 -17805.1953125 -17255.0058594 -17043.3496094
-17089.9550781 -17115.4296875 -17696.0800781 -17239.3203125 -17317.0546875 -17755.2402344 -17227.2343750 -16855.5078125
-17286.3320312 -17270.5117188 -17839.7226562 -17360.8886719 -17382.4746094 -17814.0683594 -17331.5097656 -16926.4433594
-17328.0898438 -17796.3105469 -17534.1152344 -17107.8535156 -17944.4511719 -17421.9589844 -17743.2949219 -17443.8437500
-17068.0000000 -17332.4375000 -17352.1640625 -16706.8496094 -17638.5429688 -17374.4843750 -17366.8164062 -17252.9550781
-16954.1953125 -17156.4726562 -17090.3437500 -16754.3144531 -17500.6855469 -16795.9550781 -17267.6738281 -17074.2851562
-16562.3398438 -16834.1093750 -16653.0566406 -16242.8359375 -17099.9609375 -16667.6191406 -16918.0820312 -16777.6113281
-17186.9882812 -17289.9453125 -17131.6601562 -16712.7558594 -17591.2167969 -17042.4316406 -17286.1289062 -17174.0878906
-18040.3671875 -18293.4062500 -18108.1855469 -17639.9531250 -18548.3339844 -18036.0019531 -18308.7714844 -18090.4042969
-17464.2148438 -17584.2070312 -17522.0703125 -17122.5683594 -17746.5292969 -17514.4921875 -17562.8613281 -17444.7597656
-17884.6406250 -18068.0683594 -17973.0917969 -17440.0664062 -18139.5332031 -17889.6660156 -17916.9843750 -17817.2949219
-17106.0781250 -17355.7363281 -17196.0097656 -16571.8281250 -17591.8652344 -17077.3046875 -17300.6855469 -17166.5390625
-18251.3789062 -18366.1738281 -18224.5000000 -17857.0996094 -18689.9160156 -18224.3964844 -18448.8027344 -18281.3007812
-17739.5312500 -17959.8535156 -17834.9902344 -17160.1992188 -18320.9843750 -17669.8359375 -18011.2441406 -17823.9453125
-19571.0058594 -19914.1191406 -18947.2402344 -19385.0761719 -20084.9003906 -19343.1445312 -19834.8046875 -19762.4785156
-18576.2597656 -18801.3808594 -17715.6367188 -18270.3007812 -19024.3945312 -18230.7597656 -18799.7304688 -18650.3085938
-18763.2871094 -19123.8457031 -18045.5605469 -18505.5371094 -19370.3671875 -18439.9648438 -19073.7753906 -18972.7792969
-18405.8046875 -18718.8125000 -17304.6796875 -18071.1054688 -19056.7460938 -18017.6523438 -18693.6621094 -18549.4121094
-17818.2578125 -18151.1699219 -16823.5878906 -17302.4257812 -18390.7910156 -17304.6015625 -18038.2734375 -17841.4843750
-17909.0996094 -18347.2363281 -17037.1523438 -17671.4082031 -18607.1113281 -17647.4863281 -18197.8203125 -18037.1718750
-17831.9980469 -18095.9941406 -16945.8750000 -17533.3378906 -18358.0976562 -17455.8710938 -18129.5703125 -17868.1953125
-18231.4707031 -18581.8417969 -17337.2871094 -17826.5214844 -18736.5859375 -17936.9082031 -18430.8535156 -18284.9199219
-18048.4277344 -18321.8105469 -17038.0761719 -17649.4023438 -18796.2695312 -17654.9882812 -18379.6582031 -18077.1289062
-18880.8867188 -19178.2109375 -17868.6542969 -18578.7734375 -19554.7148438 -18586.3476562 -19153.4453125 -18968.9453125
-17599.0410156 -17949.4921875 -16539.8906250 -17233.7148438 -18116.5527344 -17039.4199219 -17883.1640625 -17744.2812500
-19218.7285156 -19377.8476562 -18420.9355469 -19001.3398438 -19641.2890625 -18876.9277344 -19437.8808594 -19313.0253906
-18925.8144531 -19124.9355469 -17882.1972656 -18469.0957031 -19497.2519531 -18620.4062500 -19153.0625000 -18860.3945312
-19153.2148438 -19458.4921875 -18328.4433594 -18914.0429688 -19697.1210938 -18878.9589844 -19434.3398438 -19292.7226562
-19059.5371094 -19332.5546875 -18223.4667969 -18804.7304688 -19615.5136719 -18738.9101562 -19344.9882812 -19161.4140625
-17452.8144531 -16981.7890625 -18178.5488281 -17614.6738281 -17414.5800781 -18114.0390625 -17199.7695312 -17250.6875000
-17313.3125000 -16789.9179688 -18064.2343750 -17436.3750000 -17174.8535156 -17839.2500000 -17090.6054688 -17174.1386719
-16764.1132812 -16584.4257812 -17588.3613281 -16987.9824219 -15833.7617188 -17507.9667969 -16142.5546875 -16690.3359375
-15699.3007812 -15426.3583984 -16503.6464844 -15887.3076172 -15139.1972656 -16406.2617188 -15075.5732422 -15536.7646484
-18778.2207031 -18575.8847656 -19255.5175781 -18857.5312500 -18282.2597656 -19206.0878906 -18302.8164062 -18684.8789062
-17890.8144531 -17361.3691406 -18544.5839844 -17984.4121094 -17792.1132812 -18440.4921875 -17625.8906250 -17647.2207031
-16841.7968750 -16179.2109375 -17525.1757812 -17001.4882812 -16628.8125000 -17451.2070312 -16522.2500000 -16564.7109375
-16612.0468750 -16027.6992188 -17470.5605469 -16796.9511719 -16614.8027344 -17349.5996094 -16536.5000000 -16295.4248047
-17312.8320312 -17077.1933594 -18020.1425781 -17392.9902344 -16794.2363281 -17866.8046875 -16880.7988281 -17072.1191406
-16770.7578125 -16187.9326172 -17530.8066406 -16887.2675781 -16536.2617188 -17493.3222656 -16425.3867188 -16407.2578125
-16960.2480469 -16787.6269531 -17682.6308594 -17124.6875000 -16427.2890625 -17606.7871094 -16279.7822266 -16685.7226562
-16159.4755859 -15927.5214844 -16927.0156250 -16381.7773438 -15511.8496094 -16846.3261719 -15529.5878906 -15895.5058594
-17187.6679688 -16966.1816406 -17915.8222656 -17379.8281250 -16724.9394531 -17755.1250000 -16834.9570312 -16978.6835938
-17088.1132812 -16565.1679688 -17724.1699219 -17229.9746094 -16868.4355469 -17674.2324219 -16857.1660156 -16897.1406250
-18750.5761719 -18305.8359375 -19240.5136719 -18772.9628906 -18651.3281250 -19108.4199219 -18514.3671875 -18554.7519531
-16634.2500000 -16163.8701172 -17615.6992188 -16892.8769531 -16525.3750000 -17454.8789062 -16575.9960938 -16589.8164062
-16949.3906250 -16403.4257812 -17659.6191406 -17053.4765625 -16901.0898438 -17529.5683594 -16705.6269531 -16695.6640625
-17557.2187500 -17991.7363281 -17256.3125000 -17296.5625000 -18308.1210938 -16966.7148438 -17934.7265625 -17799.6269531
-18675.8281250 -19019.8632812 -18425.1621094 -18430.6835938 -19220.9785156 -18040.6640625 -19020.7949219 -18836.4335938
-17798.2343750 -18212.4492188 -17653.0078125 -17465.6210938 -18520.9531250 -17415.9511719 -18149.2031250 -17991.9199219
-18748.0917969 -18521.6269531 -19366.0976562 -18829.1601562 -17945.0761719 -19199.9765625 -18174.2597656 -18483.2285156
-17822.1425781 -17579.7480469 -18446.2968750 -17970.2558594 -17313.1367188 -18379.4687500 -17298.8808594 -17559.1230469
-17622.2265625 -17349.5722656 -18270.6972656 -17630.1835938 -16710.8300781 -18134.2558594 -17072.8535156 -17336.6777344
-17638.2851562 -17411.8164062 -18292.0117188 -17771.1855469 -16725.5332031 -18155.1425781 -17134.0156250 -17502.4824219
-17107.3847656 -16981.0449219 -17830.6679688 -17335.3125000 -16299.1884766 -17777.6855469 -16661.2890625 -16901.6171875
-16939.7695312 -16719.8730469 -17863.2246094 -17157.0175781 -15999.5966797 -17713.6269531 -16310.7167969 -16786.2714844
-17676.4726562 -17466.1835938 -18447.1132812 -17991.3730469 -16704.8164062 -18392.0527344 -17113.9355469 -17611.5703125
-17567.7578125 -17313.4101562 -18283.0703125 -17773.5898438 -16605.3457031 -18218.1777344 -16999.8437500 -17402.6953125
-17284.6640625 -17067.2617188 -17892.1777344 -17339.4804688 -16429.0742188 -17801.9960938 -16726.6386719 -17060.3359375
-17574.3671875 -17351.2949219 -18356.7949219 -17708.9140625 -16787.1171875 -18245.8339844 -17130.5566406 -17231.7929688
-18072.0097656 -17981.0214844 -18869.2382812 -18320.5644531 -17276.7480469 -18684.1542969 -17647.4394531 -17926.4843750
-16570.9335938 -16284.4169922 -17562.8828125 -16827.9160156 -15617.5087891 -17361.9824219 -15826.8574219 -16330.9404297
-18484.5000000 -18289.8261719 -18992.2636719 -18537.9511719 -17825.0058594 -18939.7949219 -18104.9921875 -18301.7890625
-17408.2480469 -17139.8457031 -18042.8515625 -17533.7500000 -16860.0722656 -17907.0937500 -17011.7910156 -17283.2089844
-19297.5292969 -19097.3730469 -19742.4023438 -19400.1640625 -18921.4218750 -19650.6914062 -18869.8085938 -19092.6445312
-18939.4472656 -18883.3515625 -19473.1738281 -19042.6269531 -18733.1855469 -19496.6914062 -18704.0175781 -18916.8457031
-17346.5761719 -17184.9101562 -18050.7050781 -17472.7128906 -16959.7656250 -17977.7812500 -16944.4003906 -17193.2988281
-15872.9482422 -15530.0283203 -16710.4941406 -16038.4033203 -14545.6835938 -16611.0527344 -14895.7226562 -15593.0566406
-16287.1542969 -16037.7431641 -17125.8750000 -16493.8808594 -15164.9746094 -17133.6640625 -15506.3154297 -16099.3671875
-17278.7480469 -17152.1347656 -17950.7304688 -17419.6269531 -16979.7070312 -17744.4980469 -16840.1679688 -17221.0703125
-17506.4960938 -17356.2949219 -18204.2929688 -17787.8847656 -17768.6132812 -18233.3789062 -17508.3984375 -17293.9492188
-17493.8320312 -17639.6484375 -18246.2832031 -17698.3867188 -17639.8222656 -18106.5703125 -17477.9941406 -17395.5390625
-17065.8144531 -17263.4042969 -17683.4492188 -17340.4160156 -17339.9589844 -17671.8222656 -17116.8828125 -16914.8066406
-17517.3300781 -17395.3300781 -18198.6015625 -17639.8183594 -17525.7128906 -18056.1171875 -17412.7812500 -17227.9531250
-18143.6992188 -18103.8593750 -18777.4863281 -18333.6269531 -18271.8652344 -18786.7812500 -18211.1640625 -17994.0664062
-17926.0058594 -17974.2792969 -18557.2050781 -18141.9511719 -18002.7714844 -18460.7675781 -18003.3671875 -17743.1210938
-16899.0136719 -16442.7363281 -17599.1210938 -16965.9375000 -16724.4199219 -17503.7050781 -16648.5664062 -16754.0625000
-19211.8398438 -19597.3144531 -18957.9863281 -18828.4238281 -19833.2617188 -18610.9003906 -19542.8925781 -19246.9648438
-19488.5390625 -19781.8867188 -19339.6367188 -19274.3085938 -20018.1796875 -18939.3457031 -19802.5996094 -19608.7167969
-18695.9843750 -19026.2617188 -18579.3867188 -18484.8886719 -19293.7265625 -18141.8007812 -19095.9453125 -18821.0683594
-19072.9843750 -19385.3183594 -18799.6777344 -18851.8730469 -19510.3828125 -18521.5742188 -19303.1406250 -19158.7656250
-18432.8085938 -18694.8222656 -18027.0000000 -18104.2929688 -18992.8183594 -17712.3535156 -18699.1250000 -18518.3515625
-18273.4160156 -18559.6562500 -17904.8437500 -17916.8632812 -18742.5878906 -17654.1523438 -18421.2539062 -18401.7480469
-18724.0136719 -18899.9667969 -18364.0058594 -18387.6171875 -19210.6191406 -18084.1328125 -19038.3945312 -18898.4824219
-18742.1699219 -18988.5488281 -18509.9218750 -18422.7148438 -19194.8847656 -18161.7050781 -18962.5585938 -18723.4726562
-18713.5507812 -19023.3925781 -18513.3554688 -18497.5175781 -19256.9882812 -18251.5097656 -18968.5527344 -18911.8671875
