-14690.3876953 -15917.8427734 -16632.8085938 -16118.4306641 -16299.1728516 -16536.1406250 -15948.3349609 -15622.3271484
-16275.0878906 -16371.0429688 -17032.2089844 -16455.7285156 -16698.9843750 -16903.5351562 -16450.7343750 -16204.6093750
-15454.0615234 -15794.7568359 -16116.7587891 -15709.9833984 -16079.8203125 -16151.4130859 -15829.9160156 -15544.0224609
-18918.7128906 -19178.4179688 -19409.3886719 -19023.3906250 -19378.7695312 -19271.5019531 -19151.8925781 -18994.5195312
-16800.5996094 -17099.4980469 -17460.0332031 -17058.7460938 -17309.6308594 -17549.3281250 -17150.5644531 -16930.2910156
-16281.4970703 -16433.2812500 -17270.3652344 -16767.3007812 -16723.8652344 -17232.9472656 -16607.8085938 -16239.6445312
-16874.1152344 -17081.6757812 -17611.6074219 -17154.0664062 -17447.2109375 -17718.1054688 -17076.6816406 -16953.5996094
-16930.3574219 -17036.4570312 -17698.3691406 -17209.3242188 -17402.2382812 -17595.6621094 -17215.9824219 -16919.7031250
-15086.4541016 -16330.5751953 -16992.2421875 -16465.3242188 -16602.9609375 -16928.0917969 -16350.2451172 -16068.4736328
-16490.0371094 -16842.4667969 -17358.9042969 -16734.9023438 -17017.6308594 -17173.1582031 -16771.9277344 -16699.5410156
-17222.5917969 -17207.8945312 -18043.5820312 -17465.9863281 -17530.7792969 -18013.2402344 -17315.8320312 -16962.9453125
-17670.5605469 -17941.3847656 -18290.8242188 -17875.7011719 -18155.2617188 -18195.9863281 -17913.4218750 -17650.5019531
-17516.8144531 -17541.8906250 -18285.9804688 -17742.8183594 -17686.4589844 -18285.0078125 -17562.3554688 -17328.6816406
-17281.7734375 -17270.6933594 -17862.4648438 -17381.3339844 -17575.2070312 -17678.7617188 -17284.6601562 -16960.7519531
-16878.4980469 -16830.5839844 -17597.9453125 -17192.8671875 -17133.2089844 -17574.3164062 -16957.2753906 -16592.9863281
-17153.8867188 -17350.4140625 -17863.6542969 -17443.1425781 -17554.1914062 -17914.3398438 -17320.6953125 -16837.2558594
-17209.2539062 -17379.5507812 -17294.9082031 -16734.1347656 -17625.5546875 -17417.8046875 -17359.5722656 -17185.6894531
-17236.9726562 -17536.7812500 -17296.5234375 -16775.3398438 -17726.3964844 -17293.8066406 -17479.2265625 -17198.3339844
-17181.3183594 -17400.0156250 -17275.6562500 -16853.5273438 -17693.7539062 -17119.8925781 -17406.0703125 -17137.9199219
-16664.4824219 -16933.7226562 -16846.3105469 -16403.6250000 -17305.4472656 -16776.9179688 -16917.1718750 -16696.3007812
-17442.3339844 -17700.0761719 -17461.4589844 -16796.0039062 -17855.8886719 -17444.3203125 -17744.9863281 -17369.5449219
-17999.7558594 -18359.7968750 -18251.7773438 -17740.5605469 -18675.1894531 -18299.6875000 -18250.9121094 -18042.5039062
-17209.1699219 -17434.8417969 -17224.9667969 -16689.2949219 -17680.2402344 -17153.4140625 -17361.0585938 -17197.6523438
-17825.0761719 -18122.5156250 -17879.8769531 -17372.2753906 -18326.0996094 -17758.3378906 -18001.3320312 -17938.5000000
-16953.6523438 -17145.5644531 -17154.6855469 -16306.1318359 -17457.0527344 -16995.8339844 -17160.8222656 -16887.3066406
-18237.6855469 -18447.8554688 -18341.2285156 -17793.4101562 -18687.2343750 -18286.6054688 -18484.4179688 -18301.1757812
-17790.1621094 -18099.2011719 -17865.5761719 -17225.3281250 -18324.0761719 -17712.7812500 -18095.7031250 -17814.6406250
-19962.3261719 -20156.1777344 -19313.3925781 -19701.7167969 -20456.3984375 -19717.7695312 -20171.2871094 -19957.1542969
-18395.6679688 -18734.7246094 -17541.4023438 -18200.4062500 -19159.1660156 -18150.5996094 -18769.8261719 -18597.5332031
-18574.0859375 -18905.0136719 -17692.0214844 -18382.4843750 -19143.9589844 -18320.4804688 -18863.5019531 -18713.5273438
-18178.5917969 -18410.9902344 -17461.4179688 -17938.5039062 -18778.1015625 -17771.0214844 -18398.6230469 -18152.6738281
-17864.9238281 -18052.8261719 -16646.8339844 -17476.6933594 -18570.2910156 -17499.1113281 -18200.4550781 -17961.2519531
-17911.3417969 -18226.5195312 -16758.6738281 -17670.2031250 -18629.6347656 -17518.4511719 -18260.5878906 -17979.3261719
-18068.3769531 -18388.0000000 -17063.1816406 -17786.6328125 -18820.7167969 -17792.3808594 -18416.0703125 -18249.4980469
-18452.3007812 -18818.6425781 -17283.0917969 -18216.8242188 -19202.5507812 -18163.5097656 -18853.9433594 -18530.1972656
-18161.3906250 -18547.5156250 -17021.9667969 -17952.6445312 -18977.6640625 -17829.7695312 -18666.9296875 -18429.5859375
-18652.6953125 -19116.0820312 -17828.7929688 -18408.8476562 -19458.4179688 -18456.0136719 -19092.3613281 -18855.6933594
-17277.0585938 -17550.1035156 -16101.6181641 -16895.0039062 -18047.4863281 -16720.6601562 -17639.7792969 -17443.0898438
-19212.8613281 -19477.2128906 -18524.2617188 -18963.0058594 -19674.1777344 -18979.6679688 -19517.3339844 -19232.6230469
-18762.7929688 -19182.4433594 -17854.3769531 -18385.3886719 -19488.7714844 -18437.7363281 -19134.9003906 -18946.7578125
-19228.8027344 -19445.0156250 -18105.8261719 -18795.1445312 -19835.9160156 -18867.2597656 -19532.9628906 -19201.8886719
-19067.2968750 -19358.5644531 -18220.0371094 -18921.4257812 -19653.5078125 -18845.3906250 -19364.2050781 -19156.9765625
-17445.5761719 -16927.0585938 -18305.3945312 -17772.9101562 -17402.8769531 -18232.7128906 -17343.8203125 -17269.6660156
-17210.6074219 -16802.3554688 -18038.8378906 -17526.9023438 -17128.2285156 -17893.1093750 -17084.6503906 -17052.3300781
-16636.6054688 -16186.9443359 -17453.4687500 -16716.9531250 -15408.9414062 -17426.6191406 -15883.6601562 -16378.8173828
-15548.2910156 -15164.5546875 -16485.1171875 -15649.7968750 -14804.3515625 -16370.8173828 -14698.1191406 -15358.1474609
-18838.6210938 -18659.9375000 -19549.1171875 -19029.8105469 -18543.0312500 -19473.4980469 -18476.1894531 -18731.5937500
-17664.1171875 -17168.3886719 -18344.3261719 -18009.3613281 -17700.0488281 -18279.7558594 -17496.7304688 -17508.2656250
-16943.3085938 -16392.3750000 -17790.5156250 -17225.8984375 -16965.8398438 -17661.6406250 -16810.9394531 -16795.3984375
-16717.8925781 -16101.1201172 -17571.8515625 -16961.2832031 -16574.4921875 -17515.7636719 -16374.8330078 -16442.2832031
-16981.5957031 -16758.5292969 -17889.0078125 -17237.5664062 -16491.9570312 -17774.2402344 -16551.1894531 -16940.0292969
-16536.0058594 -16049.1611328 -17357.1484375 -16621.1816406 -16394.8554688 -17198.3281250 -16281.9433594 -16275.4287109
-16875.1054688 -16657.6386719 -17662.8183594 -17066.5898438 -16275.8183594 -17684.4609375 -16366.2753906 -16748.4687500
-16250.0908203 -16119.3359375 -17244.4394531 -16567.7421875 -15783.9345703 -17060.7949219 -15650.2285156 -16184.3066406
-17435.0039062 -17345.8945312 -18104.8125000 -17440.9609375 -16852.1777344 -17913.5898438 -16847.6621094 -17295.0585938
-16873.9824219 -16363.3125000 -17652.3984375 -17196.9394531 -16883.1464844 -17598.3808594 -16635.5175781 -16662.6367188
-18579.6054688 -18152.5019531 -19104.8222656 -18643.3339844 -18441.4082031 -19019.8339844 -18341.6347656 -18343.5703125
-16540.2050781 -15944.3652344 -17456.0546875 -16891.5292969 -16508.0800781 -17395.1582031 -16299.7666016 -16357.7255859
-16705.4082031 -16227.9365234 -17414.5039062 -16956.5957031 -16762.1894531 -17414.5468750 -16497.6972656 -16616.2949219
-17775.9726562 -18083.0781250 -17611.4433594 -17453.2890625 -18564.0625000 -17056.4160156 -18225.4960938 -17856.7890625
-18687.9843750 -19023.7753906 -18355.4042969 -18495.9531250 -19546.6445312 -18011.0566406 -19225.3515625 -18834.6601562
-17456.1210938 -17734.1816406 -17361.3183594 -17342.1015625 -18238.2246094 -16875.6015625 -17734.8613281 -17474.1562500
-18614.7324219 -18439.0253906 -19296.0917969 -18857.7714844 -17858.4296875 -19260.0253906 -18221.6816406 -18545.3828125
-17618.0996094 -17502.8476562 -18399.3105469 -17893.0605469 -17218.3339844 -18302.3925781 -17129.2207031 -17504.9785156
-17551.5175781 -17321.7714844 -18376.8457031 -17796.3007812 -16485.1972656 -18444.4140625 -16961.7089844 -17399.7910156
-17376.1972656 -17170.2128906 -18217.1640625 -17527.3945312 -16397.9414062 -18183.4609375 -16826.8183594 -17261.2324219
-17155.9707031 -16864.5742188 -17977.2070312 -17456.2187500 -16256.1396484 -17891.7343750 -16538.0625000 -17147.3730469
-16581.7265625 -16334.9384766 -17512.0566406 -16797.4687500 -15587.6328125 -17413.9453125 -15916.2070312 -16384.3847656
-17616.0507812 -17458.2871094 -18431.6914062 -17831.8027344 -16785.2128906 -18373.7441406 -16986.3144531 -17567.4179688
-17655.5878906 -17411.0136719 -18417.0703125 -17837.3593750 -16654.9589844 -18464.6035156 -17112.6542969 -17531.5039062
-17282.6171875 -17148.4218750 -18021.6308594 -17500.4882812 -16341.5996094 -18006.2500000 -16731.4902344 -17230.7792969
-17595.9023438 -17401.1875000 -18385.0625000 -17705.4882812 -16618.7011719 -18198.4003906 -17073.5742188 -17424.1816406
-17968.1777344 -17766.6757812 -18667.2597656 -18150.4238281 -17012.4179688 -18660.5996094 -17420.2187500 -17811.0527344
-16328.1435547 -16201.7539062 -17298.7128906 -16576.6113281 -15291.9033203 -17187.0957031 -15750.3447266 -16194.6943359
-18508.6621094 -18367.8476562 -19188.2382812 -18709.5312500 -17698.3554688 -19221.0761719 -17985.4472656 -18311.4941406
-17394.6230469 -17163.6757812 -18293.2597656 -17652.6328125 -16628.3769531 -18184.6035156 -16790.5019531 -17294.8125000
-19252.1113281 -19074.6503906 -19882.5644531 -19400.6210938 -18980.4726562 -19816.6367188 -18975.0097656 -19143.0957031
-19035.0839844 -18935.5937500 -19733.1347656 -19248.2167969 -18798.7675781 -19710.7578125 -18718.1992188 -18966.7460938
-17480.2441406 -17325.9941406 -18197.3164062 -17717.2617188 -17057.9453125 -18261.9550781 -17014.6757812 -17375.0039062
-15503.6953125 -15255.5605469 -16631.7988281 -15890.1435547 -14409.5595703 -16543.3671875 -14852.7363281 -15219.5322266
-16026.9873047 -15750.1708984 -17006.0312500 -16172.8798828 -14876.8623047 -16908.1210938 -15114.5429688 -15802.1767578
-17154.9101562 -16783.8027344 -17731.4628906 -17367.4628906 -16870.5546875 -17856.5332031 -16605.3691406 -16911.9453125
-17286.9511719 -17263.3281250 -18021.6542969 -17424.4648438 -17539.2441406 -17885.9375000 -17341.0722656 -17050.7382812
-17429.4101562 -17425.8535156 -18236.9375000 -17693.2949219 -17665.5488281 -18275.7148438 -17531.1210938 -17207.8398438
-17040.1523438 -17065.3789062 -17868.4902344 -17275.5722656 -17241.4609375 -17754.0410156 -17153.1992188 -16838.6347656
-17541.4394531 -17601.9277344 -18208.8125000 -17752.0292969 -17858.7324219 -18131.7246094 -17722.7734375 -17286.8085938
-17932.2968750 -17914.3281250 -18836.4726562 -18196.3535156 -18140.7695312 -18758.1328125 -18054.5488281 -17883.2851562
-17846.5097656 -17813.1972656 -18529.6523438 -18075.4199219 -18100.8476562 -18465.9042969 -18000.5468750 -17621.3476562
-16885.8710938 -16276.2119141 -17682.4375000 -17125.0390625 -16802.5175781 -17581.5878906 -16729.7812500 -16584.0878906
-19051.0722656 -19331.7324219 -18838.0410156 -18827.2949219 -19723.4121094 -18315.4921875 -19433.8027344 -19101.4277344
-19658.9160156 -19941.3906250 -19445.2363281 -19357.0820312 -20155.3027344 -19084.5058594 -19892.7363281 -19761.0703125
-19067.4218750 -19232.7050781 -18751.7734375 -18685.0039062 -19511.8085938 -18292.2070312 -19168.0136719 -19095.3535156
-19065.5507812 -19297.6953125 -18752.3730469 -18802.3730469 -19605.0273438 -18496.1425781 -19365.2871094 -19059.9472656
-18192.7441406 -18464.8378906 -17863.9375000 -17841.7460938 -19002.2753906 -17552.5566406 -18610.6894531 -18308.2871094
-18514.8496094 -18794.8867188 -18046.8886719 -18171.5859375 -19242.9296875 -17663.3632812 -18769.2675781 -18593.5644531
-18927.8496094 -19164.0019531 -18603.7187500 -18612.0312500 -19420.8750000 -18138.7363281 -19122.9160156 -18904.2226562
-18981.5664062 -19238.5937500 -18665.5371094 -18614.5019531 -19524.5214844 -18194.5019531 -19254.2343750 -18981.6230469
-19106.6503906 -19467.3144531 -18887.6601562 -18875.2871094 -19871.7656250 -18437.3769531 -19551.1718750 -19311.3574219
