-14787.7412109 -16250.6806641 -16726.0781250 -16094.9306641 -16567.2050781 -16681.7675781 -16142.0966797 -16002.2841797
-16485.2343750 -16628.3574219 -17382.2519531 -16895.5976562 -16972.4042969 -17125.5917969 -16685.9082031 -16266.6181641
-15813.4355469 -16137.6494141 -16686.1015625 -16044.6210938 -16449.8925781 -16587.7167969 -16044.7587891 -15799.3535156
-18854.0683594 -19095.0468750 -19372.5332031 -18978.2285156 -19298.3750000 -19346.4042969 -19032.7773438 -18839.0371094
-16626.3808594 -16756.1738281 -17313.8886719 -16710.8925781 -16906.7109375 -17181.9160156 -16712.0097656 -16574.6054688
-16531.0214844 -16628.6601562 -17225.4218750 -16452.5703125 -16879.9628906 -17123.5312500 -16673.0410156 -16414.3535156
-16870.0000000 -17106.2636719 -17585.2812500 -17179.7714844 -17381.5390625 -17316.4921875 -17007.8476562 -16885.5839844
-16914.2988281 -17179.2304688 -17615.5058594 -17078.4062500 -17519.5292969 -17408.2500000 -17196.5878906 -16808.4609375
-15283.0048828 -16680.6035156 -17102.5625000 -16526.3222656 -16997.0214844 -17044.3554688 -16547.8828125 -16392.4433594
-16292.7294922 -16468.1562500 -17130.0351562 -16543.2167969 -16741.3847656 -17080.8144531 -16427.6992188 -16265.5810547
-17291.6347656 -17305.0136719 -18065.3632812 -17422.1289062 -17546.8671875 -17965.0527344 -17156.7382812 -17032.2187500
-17761.6523438 -18023.4550781 -18275.0390625 -17861.6972656 -18118.5781250 -18246.5742188 -17914.5976562 -17918.8203125
-17952.6054688 -18026.0273438 -18588.1289062 -18157.3886719 -18394.5781250 -18387.4257812 -18078.6289062 -17678.1835938
-17207.4433594 -17251.7968750 -17844.4746094 -17291.9628906 -17383.1835938 -17609.1503906 -17163.4042969 -16854.8339844
-17000.8320312 -16914.6171875 -17730.3183594 -17190.5175781 -17298.6250000 -17591.2070312 -16914.8085938 -16907.1992188
-17385.7792969 -17430.6718750 -17959.7246094 -17583.9316406 -17972.3417969 -17812.6582031 -17586.2441406 -17132.2421875
-17157.1308594 -17330.1679688 -17401.6855469 -16812.7109375 -17726.0683594 -17382.6015625 -17446.2031250 -17279.6835938
-17180.0410156 -17453.5312500 -17350.4492188 -16537.4609375 -17767.7734375 -17259.5058594 -17480.6269531 -17364.6328125
-16702.5039062 -16953.5488281 -16760.3261719 -16305.5585938 -17282.5625000 -16781.5722656 -16915.8261719 -16839.4824219
-16408.0351562 -16661.4550781 -16539.4394531 -16125.0957031 -16943.4433594 -16556.7500000 -16596.7753906 -16503.2656250
-16829.6503906 -17036.1562500 -16791.5742188 -16475.4707031 -17357.2421875 -17074.4414062 -17082.7578125 -16929.1777344
-17846.1406250 -18180.9296875 -17928.9335938 -17675.8984375 -18330.5839844 -17988.6191406 -17960.6425781 -17998.6875000
-17500.5585938 -17695.4394531 -17500.9843750 -17161.3359375 -18029.9042969 -17437.2968750 -17681.3847656 -17620.5214844
-17849.8730469 -18038.6777344 -17726.7402344 -17267.9003906 -18327.7031250 -17784.7167969 -17977.5742188 -17901.3027344
-16955.2558594 -17273.9179688 -17189.3222656 -16681.1562500 -17537.0195312 -17263.9492188 -17295.9160156 -17170.3652344
-18425.3847656 -18523.6230469 -18460.6171875 -18081.8593750 -18848.1269531 -18317.4531250 -18601.0742188 -18566.9726562
-17439.0117188 -17636.1972656 -17679.1621094 -17002.3769531 -17907.1347656 -17631.8906250 -17695.0781250 -17536.8300781
-20032.3535156 -20263.7050781 -19260.4980469 -19766.2656250 -20247.2675781 -19863.6660156 -20097.9648438 -20109.3164062
-18834.9570312 -19286.7968750 -17947.3007812 -18452.3300781 -19565.4179688 -18470.4023438 -19085.5917969 -18956.9843750
-18761.7363281 -19076.6933594 -18155.4667969 -18561.4472656 -19318.5566406 -18448.3144531 -19059.4082031 -18884.8144531
-18484.4843750 -18989.1757812 -17666.8027344 -18246.2695312 -19234.5234375 -18288.2597656 -18769.8886719 -18723.8730469
-18237.5117188 -18595.4921875 -16953.6054688 -17627.5214844 -18981.8222656 -17739.3242188 -18458.0761719 -18413.2578125
-18258.3457031 -18640.6503906 -17177.2519531 -17738.0195312 -18933.5742188 -17884.4609375 -18486.2949219 -18446.7031250
-18093.2890625 -18492.9921875 -17152.9765625 -17802.5546875 -18704.4160156 -17707.5761719 -18416.4570312 -18243.7675781
-18525.9941406 -18928.7675781 -17670.7851562 -18158.9804688 -19174.9960938 -18070.5566406 -18772.5019531 -18621.0390625
-18133.6425781 -18388.6171875 -17165.7949219 -17725.6230469 -18688.9960938 -17656.8515625 -18252.8398438 -18232.5937500
-18632.4746094 -19017.9648438 -17905.4667969 -18345.5859375 -19231.0761719 -18486.0546875 -18958.7871094 -18698.9726562
-17611.6914062 -18077.9433594 -16515.2968750 -17156.6562500 -18360.6289062 -17214.3105469 -17848.7265625 -17752.2343750
-19395.7519531 -19690.6093750 -18597.5761719 -19129.4785156 -19876.4296875 -19265.3144531 -19565.4082031 -19503.1562500
-18756.7343750 -19052.2363281 -18032.0937500 -18579.9062500 -19437.8554688 -18648.2128906 -19068.5781250 -18786.9062500
-19430.1601562 -19658.1015625 -18609.0585938 -19031.2890625 -19874.3710938 -19037.0039062 -19581.3964844 -19441.1230469
-18845.8320312 -19067.7597656 -18157.2949219 -18578.9218750 -19411.1093750 -18548.4511719 -19000.3984375 -18980.4355469
-17403.5332031 -16988.6113281 -18035.2226562 -17501.8847656 -17275.4980469 -17989.0898438 -17160.5078125 -17249.4238281
-17424.8789062 -16858.7714844 -18249.7343750 -17505.2949219 -17079.5839844 -18130.7714844 -17026.3339844 -17114.5546875
-16394.4355469 -16185.5917969 -17332.8632812 -16560.6582031 -15457.7617188 -17255.2910156 -15850.0664062 -16391.1894531
-15699.5488281 -15216.7158203 -16697.2382812 -15904.8437500 -15270.0087891 -16565.9062500 -15190.5322266 -15398.0234375
-18576.6757812 -18378.7187500 -19150.8320312 -18749.6230469 -18170.2949219 -19093.1503906 -18065.9238281 -18447.5292969
-17966.9531250 -17455.5156250 -18567.9726562 -18002.7226562 -17805.1601562 -18370.4238281 -17624.3964844 -17702.8417969
-16784.4707031 -16337.1201172 -17688.1953125 -16982.0644531 -16690.9140625 -17511.0234375 -16493.0859375 -16637.4003906
-16490.8105469 -16103.6533203 -17607.1992188 -16768.4824219 -16525.7031250 -17288.7773438 -16295.0156250 -16461.4199219
-17300.6992188 -17149.3847656 -18097.0917969 -17404.7675781 -17007.1289062 -18016.6933594 -16872.4902344 -17049.0117188
-16724.1914062 -16303.8603516 -17649.2656250 -16904.9355469 -16673.9199219 -17453.5781250 -16465.1601562 -16584.6992188
-16795.8945312 -16610.0527344 -17463.5292969 -16986.4863281 -16148.2714844 -17379.3906250 -16310.1357422 -16747.8554688
-16201.2851562 -15965.6181641 -17081.3847656 -16473.0000000 -15762.7617188 -17109.8769531 -15582.5107422 -16118.9775391
-16928.3906250 -16704.5371094 -17708.7949219 -17084.9257812 -16453.0175781 -17603.9355469 -16561.2675781 -16788.1386719
-16915.5585938 -16459.9023438 -17945.0625000 -17124.1699219 -16734.7128906 -17677.8828125 -16700.8359375 -16794.7578125
-18848.4160156 -18202.2382812 -19384.1601562 -18839.5839844 -18521.6972656 -19252.4277344 -18419.7851562 -18539.2539062
-16760.3964844 -16146.2070312 -17615.6171875 -16854.5175781 -16702.4414062 -17480.7988281 -16480.6582031 -16529.1542969
-17033.3203125 -16565.0429688 -17953.4882812 -17293.7714844 -16969.9570312 -17693.0273438 -16771.6406250 -16838.4453125
-17880.2558594 -18199.2714844 -17603.6718750 -17577.3359375 -18738.8105469 -17199.6640625 -18275.3769531 -17966.3847656
-18790.4746094 -19093.5683594 -18556.0058594 -18575.9687500 -19345.5664062 -18161.5644531 -19105.0957031 -18802.8691406
-17433.8789062 -17910.1093750 -17343.3027344 -17262.2656250 -18078.3457031 -17060.7988281 -17668.9824219 -17558.9160156
-18676.1191406 -18435.7968750 -19257.2265625 -18878.7519531 -17793.8496094 -19238.7832031 -18199.1132812 -18695.2617188
-17489.0917969 -17232.7167969 -18225.5664062 -17638.3984375 -17067.6406250 -18240.8417969 -17075.6015625 -17450.6660156
-17663.6074219 -17386.4023438 -18375.7519531 -17657.1015625 -16661.5195312 -18392.6054688 -17127.2578125 -17445.6718750
-17663.1660156 -17368.7441406 -18390.5390625 -17753.1445312 -16693.9863281 -18312.5410156 -16952.7128906 -17596.5136719
-17323.0820312 -16984.0390625 -17898.1621094 -17336.4394531 -16330.4765625 -17861.5449219 -16635.7343750 -17157.7753906
-16870.4960938 -16574.0136719 -17780.4765625 -17025.2890625 -15684.5390625 -17679.9296875 -16076.7402344 -16736.4238281
-17776.0507812 -17482.1855469 -18517.0195312 -17991.9589844 -16908.3046875 -18449.6562500 -17223.7519531 -17660.7128906
-17576.1054688 -17321.1230469 -18238.4824219 -17751.2011719 -16624.5917969 -18195.5566406 -16980.1425781 -17527.2773438
-17425.9082031 -17215.8906250 -17789.3769531 -17454.2304688 -16855.4902344 -17760.4101562 -17041.6796875 -17343.1777344
-17491.2011719 -17138.2441406 -18097.4550781 -17560.7460938 -16455.2539062 -18025.1972656 -16831.7167969 -17308.4394531
-17978.7265625 -17707.5781250 -18630.2792969 -18114.4648438 -16966.0957031 -18618.2128906 -17361.1914062 -17850.6816406
-16760.4453125 -16471.7148438 -17727.1445312 -16989.2597656 -15730.3779297 -17579.0781250 -16183.9550781 -16640.5214844
-18556.7265625 -18351.6250000 -19065.7246094 -18702.5722656 -17697.8730469 -19068.6328125 -18063.2148438 -18497.6171875
-17577.7539062 -17385.0410156 -18153.1640625 -17757.3593750 -16835.0273438 -18091.6503906 -17003.2871094 -17430.0664062
-19280.7031250 -19087.1992188 -19889.0605469 -19409.2421875 -18896.2675781 -19858.3183594 -18934.4804688 -19231.6171875
-19011.6562500 -18911.2089844 -19563.3984375 -19188.0878906 -18794.6132812 -19646.1367188 -18684.5957031 -18908.0449219
-17503.9199219 -17458.6621094 -18177.0683594 -17681.5761719 -17118.0371094 -18115.4707031 -17090.9570312 -17326.7753906
-15708.8291016 -15324.6240234 -16772.7734375 -15871.9238281 -14366.5781250 -16596.7265625 -15002.5234375 -15532.4072266
-16498.6386719 -16094.9365234 -17318.5156250 -16685.3535156 -15390.6113281 -17438.5312500 -15764.4599609 -16330.6748047
-17238.3066406 -17056.1679688 -17997.1640625 -17435.8847656 -16944.7617188 -18112.9179688 -16673.7890625 -17106.6484375
-17139.2675781 -17164.6152344 -18024.4609375 -17364.4628906 -17450.4589844 -17834.6953125 -17170.6367188 -16950.4492188
-17342.6289062 -17565.6582031 -18315.0683594 -17783.6152344 -17921.5039062 -18253.1386719 -17636.6484375 -17318.6914062
-17114.9062500 -17117.4335938 -17820.0625000 -17375.1835938 -17527.2031250 -17799.2343750 -17118.1074219 -16922.6640625
-17516.5820312 -17561.4824219 -18400.8320312 -17855.0703125 -17752.5703125 -18309.8828125 -17533.2968750 -17314.7226562
-17967.5000000 -17945.4472656 -18578.4707031 -18253.5585938 -18135.8027344 -18692.3144531 -17924.1601562 -17789.4257812
-17993.4003906 -18091.3535156 -18627.7597656 -18265.3378906 -18279.5859375 -18704.4140625 -18036.2265625 -17870.1074219
-16907.7070312 -16262.3007812 -17549.3027344 -16985.6484375 -16688.1914062 -17572.4824219 -16615.4960938 -16659.6679688
-19120.3789062 -19439.0449219 -18931.6816406 -18943.2636719 -19787.9082031 -18437.5742188 -19463.3164062 -19269.9238281
-19676.0273438 -19880.8769531 -19534.9218750 -19408.6054688 -20241.7519531 -19053.9667969 -19896.1562500 -19684.6289062
-19061.7441406 -19476.8554688 -18819.5625000 -18813.1328125 -19740.5722656 -18416.1347656 -19352.9316406 -19057.5859375
-19075.4785156 -19422.9277344 -18877.2949219 -18806.7363281 -19678.7890625 -18427.7011719 -19333.5332031 -19168.6972656
-18341.6699219 -18649.7500000 -18142.1132812 -17878.5000000 -18903.7988281 -17632.9648438 -18664.2578125 -18416.3417969
-18412.3300781 -18655.4707031 -18188.8574219 -18077.0878906 -18942.0585938 -17588.8164062 -18590.2558594 -18512.3535156
-18941.4843750 -19351.1035156 -18688.5429688 -18731.3222656 -19602.2011719 -18364.2890625 -19336.9804688 -19083.9941406
-18891.1074219 -19093.8105469 -18549.5000000 -18575.2578125 -19408.1132812 -18186.7539062 -19145.4824219 -18931.9550781
-18923.1699219 -19049.1152344 -18552.8535156 -18587.7656250 -19426.9902344 -18342.2714844 -19143.9550781 -18999.3632812
