-14926.3867188 -16264.2363281 -16816.1425781 -16232.2158203 -16556.8164062 -16496.9023438 -16363.0878906 -15901.8564453
-16187.0595703 -16302.1943359 -16920.0605469 -16402.7070312 -16474.9824219 -16761.3652344 -16208.0859375 -15933.5449219
-15499.2714844 -15931.4833984 -16384.1855469 -15867.8867188 -16200.2109375 -16175.6718750 -15928.0576172 -15567.4248047
-18760.8027344 -19036.8066406 -19228.2714844 -18968.0507812 -19310.1484375 -19088.1503906 -19024.2265625 -18872.8105469
-16705.1152344 -16792.4843750 -17489.6250000 -16840.6425781 -17018.3867188 -17182.4765625 -16819.8593750 -16677.3417969
-16519.7617188 -16631.8574219 -17083.2773438 -16628.6093750 -16804.4003906 -17089.5917969 -16674.8359375 -16445.0156250
-16623.9824219 -16734.9960938 -17247.8183594 -16664.0546875 -16991.8359375 -17063.7050781 -16687.4570312 -16520.5371094
-16590.0996094 -16818.8613281 -17326.8613281 -16861.6601562 -17027.7714844 -17180.3242188 -16755.1152344 -16555.5722656
-15390.9013672 -16687.0703125 -17153.6718750 -16635.6875000 -16937.4335938 -16928.0488281 -16827.2753906 -16437.5371094
-16541.9980469 -16936.1484375 -16962.2734375 -16698.8886719 -17145.4277344 -17110.9140625 -16871.1835938 -16737.1503906
-17075.0625000 -17183.8476562 -17778.9101562 -17299.2558594 -17246.6914062 -17771.1074219 -17005.1171875 -16861.8574219
-17697.7207031 -17883.3027344 -18149.7128906 -17704.7851562 -18260.3320312 -18102.2519531 -17880.1640625 -17654.3554688
-17606.7695312 -17605.2753906 -18145.2792969 -17775.2128906 -17823.3339844 -18054.0253906 -17587.5878906 -17356.2050781
-16954.9023438 -16991.7109375 -17628.1582031 -17045.9531250 -17415.6679688 -17463.5195312 -17111.4824219 -16661.8085938
-16842.4375000 -16787.8222656 -17628.7656250 -16942.2558594 -17201.0820312 -17457.7558594 -16970.5917969 -16629.0781250
-17403.3847656 -17317.1894531 -17963.4042969 -17421.5859375 -17636.7695312 -17800.9531250 -17353.5429688 -17186.8203125
-17470.6796875 -17679.6347656 -17623.1386719 -17044.9550781 -18006.7949219 -17435.8613281 -17832.7988281 -17599.6582031
-16638.6875000 -16963.4511719 -16904.8359375 -16090.6269531 -17173.5722656 -16902.0996094 -16950.1582031 -16641.2460938
-16675.2402344 -16772.6796875 -16552.1250000 -16333.1767578 -17196.8554688 -16509.0722656 -16852.3164062 -16453.4707031
-16146.2685547 -16360.4062500 -16466.3164062 -15919.9785156 -16565.8925781 -16364.8886719 -16362.3164062 -16218.5810547
-16768.2929688 -16913.7773438 -16820.5976562 -16385.3007812 -17226.8222656 -16702.8496094 -16978.3515625 -16804.9882812
-17807.7148438 -17926.5292969 -18030.7109375 -17608.6699219 -18179.4902344 -17811.2910156 -17918.9296875 -17794.6054688
-17249.4218750 -17393.6972656 -17358.1406250 -16947.4511719 -17763.1601562 -17237.4492188 -17416.7968750 -17291.9199219
-17523.8281250 -17703.9238281 -17513.2812500 -17028.6113281 -18022.3828125 -17401.4609375 -17756.2753906 -17626.5585938
-17031.3750000 -17199.8320312 -17124.8144531 -16546.9121094 -17314.6914062 -17089.3593750 -17102.7226562 -16996.6171875
-18143.9414062 -18313.4023438 -17988.7871094 -17788.4355469 -18693.9589844 -18024.7871094 -18416.2636719 -18104.1328125
-17550.6132812 -17776.7109375 -17738.9335938 -17075.8007812 -18188.8281250 -17642.0371094 -17860.1621094 -17681.8496094
-19606.5410156 -19816.5800781 -18923.7128906 -19349.2695312 -20049.5625000 -19283.1933594 -19832.1914062 -19680.3574219
-18396.7050781 -18650.0117188 -17552.5937500 -18173.7324219 -18846.8242188 -18078.3828125 -18631.6679688 -18429.2636719
-18514.5195312 -18747.1386719 -17750.2910156 -18265.5410156 -18963.1855469 -18203.9453125 -18618.3730469 -18637.8710938
-17785.8300781 -18017.4277344 -16969.7265625 -17445.3945312 -18514.8496094 -17498.5468750 -18099.1855469 -17852.3554688
-17530.5878906 -17850.2949219 -16449.3066406 -17168.4277344 -18434.1289062 -17102.7734375 -17973.5410156 -17706.1035156
-17629.4882812 -17761.5292969 -16675.1289062 -17340.0781250 -18265.1562500 -17104.7929688 -17892.7128906 -17717.9980469
-17563.4726562 -17937.5976562 -16778.9980469 -17257.5214844 -18334.1269531 -17263.0156250 -17951.6015625 -17720.5664062
-18165.0957031 -18437.2441406 -17217.7265625 -17963.1640625 -18852.3652344 -17753.2636719 -18449.7636719 -18193.2421875
-17831.5468750 -18323.0292969 -16927.8652344 -17662.0546875 -18508.3242188 -17554.1679688 -18189.4921875 -18025.1777344
-18208.7675781 -18385.4335938 -17469.4921875 -17927.5058594 -18792.7421875 -17957.7011719 -18424.2304688 -18309.7539062
-17597.7792969 -17944.8222656 -16465.3183594 -17121.5976562 -18457.3808594 -17171.4765625 -17999.0664062 -17757.0195312
-18906.9316406 -19133.0781250 -18227.9648438 -18627.2460938 -19396.7675781 -18736.5957031 -19162.7539062 -19015.4765625
-18519.5488281 -18833.3750000 -17701.0742188 -18253.1015625 -19142.0214844 -18274.7578125 -18877.2441406 -18697.2324219
-19001.5117188 -19248.1113281 -17956.5527344 -18687.6933594 -19517.1523438 -18639.0507812 -19290.9843750 -19045.1777344
-19062.8515625 -19269.8417969 -18068.5781250 -18842.2558594 -19454.2265625 -18860.4472656 -19264.9531250 -19127.9277344
-17193.7578125 -16808.1855469 -17927.2460938 -17405.9492188 -17036.6660156 -17759.2597656 -17011.6582031 -17133.8359375
-17449.6542969 -16870.5234375 -18127.4570312 -17421.9589844 -17456.7734375 -17876.1738281 -17203.4824219 -17172.4648438
-16942.4804688 -16608.3183594 -17725.5488281 -17003.6777344 -15850.3642578 -17533.2773438 -16292.6113281 -16805.3261719
-15588.4492188 -15316.5556641 -16263.9355469 -15544.0576172 -15215.6171875 -15924.8320312 -15124.1044922 -15445.3593750
-18635.3339844 -18427.3281250 -19105.3066406 -18803.6230469 -18224.2109375 -19111.3320312 -18288.2832031 -18503.4824219
-17774.1464844 -17310.1875000 -18251.6191406 -17862.7187500 -17731.1210938 -18117.6035156 -17504.0195312 -17526.7265625
-16897.5742188 -16270.0859375 -17550.9199219 -17032.1718750 -16637.5390625 -17473.2480469 -16521.3339844 -16486.3632812
-16653.6191406 -16280.7255859 -17282.3378906 -16779.9785156 -16801.7343750 -17218.8945312 -16594.1113281 -16526.9355469
-17205.9667969 -17031.0859375 -17945.3281250 -17367.8183594 -16994.9296875 -17746.6035156 -16787.7187500 -17016.8769531
-16525.5859375 -16086.5126953 -17272.7402344 -16736.8183594 -16431.6425781 -17212.1601562 -16223.9345703 -16256.0517578
-16763.9531250 -16602.9375000 -17497.3183594 -17056.4589844 -16252.3505859 -17373.8730469 -16233.8964844 -16702.2031250
-15825.6757812 -15494.9980469 -16509.2109375 -15956.5996094 -15325.1953125 -16465.9433594 -15181.7724609 -15550.1591797
-16991.2656250 -16865.3085938 -17619.5703125 -17041.2734375 -16697.2617188 -17418.9335938 -16661.9140625 -16827.3925781
-16985.9042969 -16552.2343750 -17663.8007812 -17155.3085938 -17041.5820312 -17568.4589844 -16837.6464844 -16870.9140625
-18546.6757812 -18168.9003906 -19129.7929688 -18668.8398438 -18467.8906250 -19100.0214844 -18346.5605469 -18380.9843750
-16841.3652344 -16133.7802734 -17529.7089844 -16817.7128906 -16680.1484375 -17202.5566406 -16439.4550781 -16510.0800781
-16494.5546875 -16131.0332031 -17295.6542969 -16734.6308594 -16671.8222656 -17177.0996094 -16482.3417969 -16419.0605469
-17113.3789062 -17510.7050781 -16895.8691406 -16851.8496094 -17801.4804688 -16556.7792969 -17386.7402344 -17252.8945312
-18036.5253906 -18307.6074219 -17822.5742188 -17902.9765625 -18624.9394531 -17577.5839844 -18342.6035156 -18103.7832031
-17326.0312500 -17684.3183594 -17192.8613281 -17015.9492188 -18024.6191406 -16853.1972656 -17721.2070312 -17521.4921875
-18328.6503906 -18191.7675781 -19017.9980469 -18484.5917969 -17641.1972656 -18872.6093750 -17990.9355469 -18218.7832031
-17591.0742188 -17278.3730469 -18156.5664062 -17639.9804688 -17036.2265625 -18107.7421875 -16853.2207031 -17382.8906250
-17582.7695312 -17247.9101562 -18284.6113281 -17627.6054688 -16593.4843750 -18220.7890625 -16956.8125000 -17430.1386719
-17591.3593750 -17493.8828125 -18476.5644531 -17840.4042969 -16767.1542969 -18306.4921875 -17092.3710938 -17523.7714844
-17448.0664062 -17238.8574219 -18136.8066406 -17598.3828125 -16614.2460938 -18001.8476562 -17052.9726562 -17235.9375000
-16782.9902344 -16466.8164062 -17484.6601562 -16906.6718750 -15707.7304688 -17338.7246094 -16112.7080078 -16590.4980469
-17521.1289062 -17338.5117188 -18138.5917969 -17644.3183594 -16794.5332031 -18128.9453125 -17135.2812500 -17373.6972656
-17474.3417969 -17180.8906250 -18017.3105469 -17487.2304688 -16251.4228516 -18056.4433594 -16789.3046875 -17197.1718750
-17441.4863281 -17368.9589844 -17920.1191406 -17516.6835938 -17080.1484375 -17736.6406250 -17060.2128906 -17244.6562500
-17375.8417969 -17276.5507812 -18131.4863281 -17587.2011719 -16614.9218750 -17962.1171875 -16886.8750000 -17260.4882812
-17916.7382812 -17758.9785156 -18487.9687500 -18032.5175781 -17165.9335938 -18384.5410156 -17428.7714844 -17748.1015625
-16498.5156250 -16142.5361328 -17326.8847656 -16621.6855469 -15350.7724609 -17153.2812500 -15698.5781250 -16221.3789062
-18519.2011719 -18467.5507812 -19045.9765625 -18628.8417969 -17815.9687500 -19058.5449219 -18211.4941406 -18415.3046875
-17244.7421875 -16968.9941406 -17925.7812500 -17416.7578125 -16517.1093750 -17864.1933594 -16692.6562500 -17172.8632812
-19171.1113281 -18900.5566406 -19650.2246094 -19241.5332031 -18709.5312500 -19517.4882812 -18756.6386719 -19025.4355469
-19176.1230469 -18924.0214844 -19658.6328125 -19215.6972656 -18739.0039062 -19593.6738281 -18714.7832031 -18992.7363281
-17576.7812500 -17317.1093750 -18288.7792969 -17834.6582031 -17157.0742188 -18249.0917969 -17087.3613281 -17473.5000000
-15492.5693359 -15369.6064453 -16477.6406250 -15709.0273438 -14330.5800781 -16385.9042969 -14892.8398438 -15424.7890625
-16206.8828125 -16085.9433594 -17248.3085938 -16514.3789062 -14965.9531250 -17115.9023438 -15553.8691406 -16156.6533203
-17095.2304688 -16752.7343750 -17898.0625000 -17287.5136719 -16640.4804688 -17814.9511719 -16534.5273438 -16995.8925781
-17204.4199219 -17182.0976562 -17887.3203125 -17400.0781250 -17434.0996094 -17762.0703125 -17210.2910156 -16942.8554688
-17401.7675781 -17497.5019531 -18196.3007812 -17648.0820312 -17589.4550781 -18031.6093750 -17632.9375000 -17356.8496094
-16823.2519531 -16899.3359375 -17463.5644531 -16983.0000000 -17283.7285156 -17363.7480469 -17063.1777344 -16680.8164062
-17505.9023438 -17397.5449219 -18059.1210938 -17694.2402344 -17513.3652344 -18036.2812500 -17447.4023438 -17168.2949219
-17880.2539062 -17761.1523438 -18632.2558594 -18045.8730469 -18115.6875000 -18442.5976562 -17876.4023438 -17675.5761719
-17629.6308594 -17739.6367188 -18251.9375000 -17810.9882812 -17752.0703125 -18119.5449219 -17618.5507812 -17440.7167969
-16750.6484375 -16190.3134766 -17408.5546875 -16833.4570312 -16597.1269531 -17274.2617188 -16453.4882812 -16556.1250000
-18715.5937500 -18951.7695312 -18360.0585938 -18480.9980469 -19280.2148438 -18139.3339844 -18962.7792969 -18820.9921875
-19253.2949219 -19385.6425781 -18951.5937500 -19023.1035156 -19610.4179688 -18637.1875000 -19401.3710938 -19160.6875000
-18684.6015625 -19018.2519531 -18561.9824219 -18391.7480469 -19378.3632812 -18087.6523438 -19030.1074219 -18958.6054688
-18855.2382812 -19063.9941406 -18624.4003906 -18629.0214844 -19407.5625000 -18361.0136719 -19005.2714844 -18925.1523438
-18119.1621094 -18388.0039062 -17786.1054688 -17792.8183594 -18865.9257812 -17453.6445312 -18384.1464844 -18228.8105469
-18109.1191406 -18437.2402344 -17949.0449219 -17931.9042969 -18874.9589844 -17500.7402344 -18468.6562500 -18256.9804688
-18451.2421875 -18684.9707031 -18219.9355469 -18193.6132812 -18956.6035156 -17936.6816406 -18710.1093750 -18533.3339844
-18719.1953125 -18860.5234375 -18497.5000000 -18377.2226562 -19299.1757812 -18186.3457031 -18974.3613281 -18731.9062500
-18737.7675781 -19054.8242188 -18542.8125000 -18512.6054688 -19400.6796875 -18239.4609375 -19024.6640625 -18851.5996094
