-14876.3818359 -16251.5732422 -16825.3183594 -16234.4638672 -16522.4121094 -16634.5332031 -16184.2626953 -16036.7216797
-16628.9375000 -16690.0996094 -17339.7812500 -16717.0175781 -16835.9492188 -17233.0292969 -16609.9941406 -16446.9238281
-15908.9814453 -16179.9121094 -16891.5878906 -16302.3691406 -16362.0234375 -16799.8261719 -16143.5029297 -15868.6367188
-18697.5156250 -18948.8007812 -19334.8593750 -18972.7402344 -19280.2226562 -19252.1523438 -18978.9550781 -18771.5058594
-16828.1796875 -16977.3398438 -17594.9121094 -17046.4453125 -17186.6425781 -17398.6855469 -16968.6601562 -16888.9101562
-16673.5800781 -17019.2910156 -17530.4804688 -16865.2421875 -17199.9453125 -17329.6035156 -16939.3945312 -16598.8222656
-16791.3496094 -17010.7812500 -17500.9394531 -16993.9375000 -17129.3417969 -17268.5625000 -16990.0566406 -16830.1015625
-16780.3496094 -16975.6484375 -17650.5898438 -16999.3906250 -17142.4863281 -17492.5957031 -16848.1972656 -16851.8300781
-15560.0175781 -16854.2929688 -17422.8496094 -16826.7695312 -17161.1464844 -17221.9394531 -16858.6777344 -16645.1972656
-16437.3437500 -16621.6328125 -17087.2480469 -16482.9023438 -16903.6132812 -16882.2265625 -16711.0820312 -16574.8027344
-16938.5234375 -16850.9472656 -17764.3867188 -17093.4433594 -17115.1269531 -17569.3476562 -16898.5332031 -16545.3515625
-17717.9179688 -17777.5214844 -18321.0664062 -17808.2265625 -18082.9648438 -18145.1367188 -17852.5117188 -17718.9218750
-17903.3867188 -17859.8984375 -18584.6113281 -18004.8867188 -18071.3398438 -18555.0664062 -17883.1269531 -17717.9511719
-16992.6425781 -17029.4765625 -17857.2109375 -17311.5976562 -17283.2871094 -17699.2441406 -17023.1738281 -16842.1269531
-16941.9687500 -16800.6093750 -17640.4375000 -17194.5605469 -17083.6269531 -17525.8789062 -16845.8437500 -16664.9941406
-17245.6230469 -17327.5273438 -18146.4902344 -17451.7304688 -17453.0175781 -18039.7480469 -17361.3613281 -17069.8164062
-17288.7773438 -17379.6425781 -17486.0878906 -17040.6152344 -17643.2304688 -17261.0683594 -17402.6992188 -17331.8671875
-17267.7519531 -17416.7597656 -17485.1269531 -16521.3027344 -17743.1972656 -17275.6074219 -17415.5058594 -17252.7812500
-17139.7832031 -17533.7148438 -17278.0117188 -16737.4335938 -17774.8320312 -17139.9804688 -17489.2656250 -17299.9902344
-16734.8437500 -16762.0761719 -16690.3222656 -16150.1064453 -17268.3691406 -16656.1132812 -16760.7539062 -16628.1562500
-17034.6269531 -17269.6074219 -17200.1308594 -16607.2714844 -17607.3222656 -17081.7324219 -17208.7226562 -17127.2714844
-18125.2812500 -18248.5859375 -18227.1914062 -17812.3007812 -18437.9179688 -18138.2011719 -18217.9472656 -18154.5332031
-17349.8632812 -17488.5234375 -17509.6914062 -17031.6601562 -17682.5937500 -17352.5566406 -17366.6679688 -17251.1464844
-17523.0605469 -17640.8750000 -17884.0820312 -17240.8828125 -17843.0546875 -17751.3398438 -17679.7500000 -17460.4492188
-17120.0214844 -17367.3945312 -17296.1386719 -16719.3652344 -17590.5156250 -17231.5917969 -17407.2519531 -17157.3183594
-18231.4394531 -18377.6796875 -18337.1425781 -17959.0117188 -18614.4843750 -18207.1699219 -18403.7363281 -18233.7832031
-17636.2304688 -17738.1757812 -17535.9101562 -16983.2597656 -18061.8320312 -17505.3066406 -17825.0976562 -17651.7148438
-19710.7441406 -19955.5664062 -18918.9296875 -19567.0546875 -20152.4980469 -19523.0332031 -19881.4003906 -19784.8261719
-18489.7597656 -18847.5527344 -17575.6074219 -18209.3789062 -19133.0195312 -18323.5351562 -18847.5878906 -18609.6777344
-18861.4531250 -19128.2441406 -18134.8007812 -18480.1640625 -19368.5097656 -18494.3652344 -19137.1562500 -18919.4765625
-18208.9863281 -18498.6621094 -17101.7753906 -17876.3125000 -18784.9335938 -17885.8378906 -18601.7656250 -18324.2031250
-17593.0000000 -17987.5722656 -16417.0898438 -17213.9667969 -18315.6738281 -17165.7226562 -18019.3046875 -17639.2070312
-17901.8710938 -18279.8750000 -16759.7636719 -17585.8886719 -18500.5214844 -17523.8437500 -18262.7070312 -17987.8164062
-17940.5917969 -18224.6406250 -16651.8750000 -17661.9531250 -18551.6425781 -17550.2187500 -18240.7695312 -18042.0117188
-18384.1113281 -18494.6582031 -17192.8046875 -18008.6660156 -18869.6972656 -18018.0761719 -18642.6054688 -18453.7851562
-17814.2089844 -18271.8710938 -16728.1894531 -17639.4238281 -18543.2636719 -17542.1191406 -18251.2246094 -18030.9628906
-18971.6230469 -19263.6992188 -17969.0605469 -18557.1269531 -19526.2304688 -18470.0703125 -19342.0917969 -19037.7812500
-17398.8808594 -17667.9667969 -16237.5742188 -17010.4062500 -17968.2187500 -16948.6621094 -17644.2207031 -17506.9042969
-19121.5546875 -19340.3867188 -18293.0625000 -18851.1992188 -19551.1191406 -18816.4160156 -19295.4609375 -19227.5468750
-18832.0136719 -19155.1171875 -17965.0429688 -18508.1171875 -19458.7929688 -18499.1875000 -19164.5253906 -18952.4433594
-19052.2734375 -19274.7812500 -18003.7792969 -18797.3613281 -19463.4902344 -18758.5761719 -19291.7167969 -19090.9765625
-19009.4921875 -19383.0058594 -17923.4628906 -18848.4316406 -19596.7265625 -18771.1464844 -19344.1035156 -19189.7460938
-17423.4941406 -16888.7343750 -18142.9921875 -17519.0019531 -17351.0878906 -17941.3066406 -17158.0390625 -17242.1269531
-17331.6562500 -16817.4824219 -18021.2714844 -17388.7343750 -17210.7285156 -17895.6875000 -17007.4335938 -17126.7285156
-16791.5683594 -16493.3574219 -17729.8769531 -17057.5156250 -15774.2685547 -17646.0058594 -16034.1337891 -16595.6992188
-15586.1728516 -15300.5683594 -16714.4121094 -15692.6103516 -14939.3320312 -16456.9042969 -14856.5712891 -15336.7402344
-18785.5800781 -18650.2734375 -19350.3144531 -18779.0898438 -18252.8867188 -19168.6191406 -18372.8750000 -18585.8671875
-17780.6171875 -17244.1875000 -18376.7304688 -17945.7285156 -17788.0390625 -18359.4804688 -17548.6171875 -17497.4082031
-16858.9863281 -16160.4648438 -17653.4921875 -16898.7617188 -16521.9257812 -17514.9843750 -16496.0488281 -16495.7851562
-16656.3085938 -16124.8574219 -17490.5136719 -16741.0507812 -16320.7998047 -17363.2050781 -16298.9257812 -16358.7050781
-17114.2382812 -16886.9472656 -17978.1113281 -17262.2636719 -16581.9843750 -17821.5859375 -16640.6601562 -16919.1503906
-16693.7675781 -16111.0205078 -17628.0429688 -16871.6484375 -16469.2597656 -17471.5117188 -16413.7597656 -16428.0156250
-16694.6191406 -16449.2695312 -17529.0000000 -16902.6621094 -16027.4111328 -17438.4082031 -16155.9208984 -16456.5019531
-15870.2802734 -15607.1953125 -16921.8554688 -16130.3320312 -15036.3486328 -16740.6914062 -15216.7187500 -15649.0048828
-17090.3906250 -16846.3183594 -17933.5976562 -17213.9179688 -16639.3828125 -17739.1562500 -16589.9980469 -16870.7421875
-17179.5761719 -16599.1054688 -18036.2753906 -17275.3652344 -17019.9335938 -17794.0351562 -16857.6835938 -16956.2031250
-18565.8359375 -18118.9746094 -18969.6250000 -18553.3203125 -18492.6191406 -18924.5214844 -18395.9453125 -18306.5957031
-16695.1562500 -16231.1728516 -17686.2246094 -16957.0859375 -16665.7968750 -17433.5136719 -16414.1738281 -16508.0429688
-16719.5273438 -16290.6103516 -17659.1562500 -16942.8359375 -16634.7910156 -17523.4785156 -16515.8398438 -16453.3320312
-17724.9628906 -18109.0996094 -17460.8671875 -17322.3027344 -18303.7187500 -16864.1054688 -18035.2558594 -17811.0976562
-18785.4375000 -19007.6328125 -18372.7968750 -18317.4335938 -19242.2929688 -18002.1757812 -18981.8046875 -18761.5878906
-17534.7988281 -17778.5664062 -17342.3535156 -17256.7167969 -18187.9023438 -17023.8828125 -17879.3398438 -17644.4218750
-18541.3828125 -18425.0351562 -19236.3437500 -18672.0644531 -17900.7949219 -19101.6660156 -18096.9609375 -18471.0253906
-17597.3281250 -17403.5605469 -18301.7597656 -17639.6406250 -17038.6464844 -18262.4511719 -17092.7382812 -17392.0019531
-17578.7968750 -17321.2304688 -18204.8203125 -17636.4023438 -16643.3828125 -18169.6875000 -16960.0136719 -17409.6347656
-17379.1660156 -17149.3574219 -18077.4433594 -17473.1816406 -16319.3369141 -18162.3417969 -16705.4511719 -17170.4316406
-17367.5468750 -17189.2539062 -18149.8085938 -17553.0000000 -16458.3339844 -18112.3203125 -16719.3378906 -17265.0917969
-16970.8964844 -16673.4589844 -17855.4726562 -17120.8281250 -15826.0830078 -17771.2656250 -16148.6113281 -16835.5527344
-17557.3593750 -17199.7949219 -18295.2871094 -17674.1269531 -16616.9003906 -18192.5000000 -16798.4394531 -17377.3593750
-17548.7011719 -17326.4355469 -18324.7890625 -17643.2226562 -16580.7304688 -18146.0468750 -16820.1542969 -17320.9492188
-17210.6562500 -17026.3320312 -17834.1210938 -17255.9960938 -16243.5234375 -17776.1855469 -16605.4218750 -16981.0820312
-17661.5703125 -17443.7988281 -18436.8183594 -17829.6503906 -16781.9628906 -18430.3691406 -17042.4843750 -17448.9902344
-18210.3476562 -17979.1406250 -18822.0820312 -18369.4257812 -17330.7324219 -18823.0156250 -17573.4042969 -17859.0019531
-16706.4453125 -16415.1230469 -17598.8750000 -16872.6230469 -15663.4853516 -17498.4941406 -15974.8652344 -16482.6757812
-18404.9101562 -18078.9277344 -18999.1582031 -18460.4062500 -17768.3417969 -18958.9355469 -17915.7773438 -18158.0742188
-17230.0429688 -16872.9824219 -18077.2207031 -17452.1406250 -16380.7207031 -18024.9472656 -16545.7382812 -17053.5917969
-19332.8789062 -19211.7207031 -19764.4628906 -19391.6601562 -18973.2421875 -19692.9335938 -18962.6582031 -19207.7910156
-18891.6289062 -18793.2128906 -19532.4960938 -19082.6933594 -18544.6914062 -19482.8691406 -18580.9003906 -18833.6816406
-17530.2695312 -17192.3964844 -18217.5976562 -17522.9101562 -16973.4414062 -18167.0898438 -16951.9023438 -17267.0507812
-15748.5703125 -15499.9296875 -16790.3652344 -16027.6025391 -14672.2978516 -16626.0234375 -14916.1611328 -15580.2167969
-16117.1455078 -15804.4902344 -17009.8691406 -16231.9550781 -14864.0302734 -16825.5527344 -15214.0820312 -15790.9013672
-17061.3320312 -16771.0410156 -17981.6054688 -17236.3984375 -16584.3046875 -17761.6269531 -16560.6367188 -16860.3554688
-17294.6679688 -17300.9101562 -18023.1152344 -17510.9902344 -17517.7851562 -17982.4062500 -17317.4882812 -17054.4746094
-17443.5839844 -17317.9492188 -18222.1855469 -17490.2656250 -17530.1464844 -18073.4609375 -17359.1347656 -17113.4531250
-16910.0214844 -16784.5175781 -17671.0996094 -17040.6914062 -16988.2460938 -17543.7480469 -16932.6347656 -16607.9707031
-17555.4453125 -17449.6816406 -18316.7246094 -17606.9687500 -17617.9433594 -18191.6406250 -17448.0898438 -17208.5214844
-17794.0664062 -17676.4355469 -18451.1640625 -17927.1542969 -17944.2402344 -18348.0175781 -17714.8164062 -17617.1718750
-17700.7734375 -17698.6484375 -18420.8378906 -17895.1875000 -17791.2050781 -18318.0078125 -17611.7675781 -17382.8691406
-16869.3281250 -16314.6279297 -17799.8691406 -17012.8906250 -16751.0273438 -17736.2851562 -16640.8593750 -16591.9316406
-18845.5644531 -19202.2851562 -18736.4023438 -18641.2773438 -19461.1406250 -18313.3339844 -19223.9882812 -18987.8574219
-19379.3984375 -19528.7480469 -19128.9531250 -19109.3691406 -19785.1191406 -18787.9179688 -19588.2460938 -19493.6386719
-18490.0957031 -18684.4980469 -18379.6191406 -18283.0097656 -19083.8046875 -17916.1738281 -18628.7363281 -18595.5625000
-19050.8574219 -19366.2128906 -18869.1289062 -18771.0273438 -19593.3984375 -18417.3730469 -19340.2656250 -19199.5078125
-17976.2656250 -18368.5019531 -17764.4941406 -17743.9140625 -18707.1367188 -17366.0703125 -18378.8886719 -18091.7675781
-18464.0644531 -18903.0468750 -18307.4199219 -18137.3027344 -19273.8242188 -17821.7949219 -18967.9628906 -18681.1972656
-19052.0644531 -19437.3769531 -18843.6367188 -18790.9257812 -19680.9414062 -18484.9414062 -19394.8652344 -19238.7792969
-18858.9882812 -19054.5078125 -18537.5781250 -18537.1230469 -19479.7050781 -18049.0019531 -19227.8925781 -19011.7382812
-18855.7988281 -19058.0371094 -18563.0566406 -18502.3906250 -19431.8476562 -18201.5507812 -19185.8164062 -19006.9550781
