-14535.0957031 -15769.9306641 -16399.6875000 -15867.1650391 -16158.5224609 -16154.1513672 -15805.7841797 -15478.6103516
-16380.2226562 -16442.1582031 -17303.6660156 -16719.4472656 -16744.1386719 -17039.4238281 -16376.2343750 -16244.1240234
-15646.3515625 -15960.6708984 -16493.9531250 -15826.8808594 -16114.7539062 -16249.5019531 -15903.2294922 -15572.8554688
-18995.3261719 -19221.3515625 -19409.0273438 -19196.0097656 -19220.4062500 -19378.5097656 -19214.4023438 -18984.9296875
-16716.5664062 -17018.0039062 -17564.7070312 -16963.3554688 -17408.7070312 -17319.5488281 -17108.5000000 -16988.8691406
-16611.7871094 -16896.3652344 -17207.1464844 -16861.0644531 -17127.6308594 -17195.4277344 -16843.7480469 -16679.0859375
-16520.3476562 -16753.9746094 -17296.2109375 -16784.3300781 -17096.6328125 -17111.8906250 -16789.6035156 -16539.7617188
-16958.7871094 -17171.3671875 -17683.1992188 -17197.4160156 -17395.3808594 -17439.6816406 -17255.4921875 -17017.9433594
-15235.1083984 -16386.9980469 -16953.2343750 -16561.2148438 -16746.9941406 -16838.5214844 -16384.2167969 -16102.6630859
-16534.2480469 -16792.0917969 -17224.4609375 -16775.1542969 -17055.8535156 -17073.5703125 -16751.5488281 -16575.0917969
-17146.7285156 -17163.2910156 -18042.6757812 -17483.3632812 -17502.4882812 -17816.4199219 -17258.9082031 -16913.7382812
-17487.2441406 -17750.4082031 -18176.8964844 -17740.5195312 -17929.7304688 -18028.7070312 -17918.7070312 -17510.5000000
-17486.0898438 -17466.4941406 -18071.8496094 -17704.4687500 -17525.6464844 -17980.4804688 -17492.1289062 -17110.8125000
-17154.7832031 -16952.0449219 -17884.8300781 -17386.7304688 -17092.3769531 -17757.0585938 -16927.1953125 -16830.6132812
-16905.2949219 -16904.2460938 -17771.5058594 -17232.8398438 -17190.1777344 -17490.9941406 -17038.7109375 -16698.9648438
-16936.4785156 -16950.0351562 -17712.1191406 -17233.4843750 -17132.8886719 -17654.2988281 -16930.4785156 -16733.5703125
-17104.4296875 -17140.5019531 -17136.3886719 -16675.3457031 -17546.7714844 -16996.8710938 -17213.9628906 -17259.9042969
-17237.5097656 -17323.1054688 -17286.6269531 -16531.9531250 -17782.9707031 -17243.8554688 -17504.8886719 -17289.8691406
-16748.0292969 -17084.2578125 -16993.8515625 -16377.9775391 -17401.4277344 -16835.5859375 -17114.9277344 -16883.9218750
-16592.4238281 -16846.0390625 -16475.0625000 -16109.4667969 -17154.3925781 -16437.7558594 -16763.1542969 -16611.3632812
-16854.6445312 -17177.4003906 -16887.2578125 -16467.9296875 -17527.9218750 -16789.3007812 -17022.8164062 -17115.6503906
-18252.2011719 -18434.0957031 -18375.8554688 -17599.8671875 -18681.3359375 -18069.2558594 -18366.6835938 -18330.8222656
-17300.6679688 -17598.0019531 -17414.0000000 -16967.6074219 -17909.4804688 -17336.7871094 -17657.6250000 -17591.7890625
-17562.1933594 -17720.6523438 -17548.8945312 -17165.5781250 -17941.0468750 -17464.8750000 -17721.0742188 -17602.0703125
-16827.6484375 -17042.7011719 -16910.5390625 -16377.3691406 -17472.4804688 -16823.5429688 -17111.2968750 -16925.6953125
-18114.5097656 -18269.4589844 -18145.6484375 -17859.9316406 -18736.3085938 -18196.8613281 -18339.5429688 -18129.5976562
-17348.1562500 -17639.6308594 -17658.5585938 -16905.7207031 -17847.3808594 -17522.2832031 -17606.8789062 -17485.1093750
-19511.1972656 -19737.2734375 -18690.0644531 -19241.4453125 -19818.6738281 -19189.8359375 -19670.6601562 -19674.6074219
-18673.2890625 -18837.5214844 -17851.9785156 -18279.3906250 -19217.5566406 -18197.1152344 -18906.4746094 -18836.8945312
-18691.2167969 -18987.6308594 -17884.5566406 -18369.1132812 -19137.5097656 -18252.7636719 -18981.6640625 -18871.8339844
-18322.0078125 -18546.5410156 -17442.0976562 -18015.8828125 -18942.6191406 -17939.7460938 -18693.5019531 -18465.7460938
-17352.6269531 -17698.0136719 -16138.1562500 -17110.1093750 -18122.4980469 -16916.1289062 -17702.8183594 -17563.6464844
-17555.2792969 -17889.9863281 -16809.0644531 -17144.3046875 -18218.1933594 -17010.4433594 -17969.9296875 -17738.6835938
-18072.6933594 -18514.7128906 -17115.8964844 -17843.1347656 -18828.2109375 -17707.0312500 -18504.2617188 -18330.0859375
-18059.1972656 -18483.6562500 -17134.2617188 -17815.1796875 -18606.8925781 -17820.2402344 -18367.8984375 -18218.6542969
-18079.3144531 -18424.3183594 -17056.0253906 -17964.1855469 -18823.2753906 -17778.4375000 -18416.6621094 -18208.5996094
-18547.7343750 -18869.7109375 -17642.0273438 -18200.1406250 -19102.3789062 -18153.3867188 -18836.3261719 -18787.8828125
-17487.4628906 -17958.5449219 -16318.4980469 -17128.0078125 -18209.9277344 -17030.6503906 -17830.6621094 -17755.2949219
-19094.8964844 -19227.5253906 -18310.8574219 -18923.4257812 -19572.9179688 -18835.7246094 -19296.0332031 -19200.2265625
-18895.3339844 -19240.2167969 -17980.3378906 -18623.8222656 -19567.1269531 -18510.7792969 -19332.4531250 -19085.4335938
-19201.1953125 -19381.1855469 -18472.2148438 -18909.3007812 -19736.4101562 -18956.1992188 -19486.7011719 -19376.5566406
-18970.0976562 -19206.3085938 -18091.5195312 -18659.9863281 -19420.9570312 -18571.8671875 -19379.8554688 -19140.2695312
-17263.0625000 -16754.9667969 -17761.7304688 -17335.2382812 -17161.3085938 -17790.6484375 -16995.4941406 -17112.2949219
-17347.2500000 -16881.2265625 -18085.9003906 -17726.3632812 -17439.7402344 -18016.2226562 -17155.2578125 -17157.8476562
-16337.5058594 -16097.7578125 -17172.1835938 -16676.5390625 -15175.2978516 -17012.5234375 -15617.4882812 -16222.5361328
-15535.4531250 -15195.6816406 -16613.7890625 -15795.2792969 -15046.7880859 -16326.2226562 -14962.8203125 -15267.8613281
-18836.3417969 -18588.2324219 -19275.0878906 -18920.0000000 -18541.0800781 -19256.5546875 -18456.4589844 -18794.8125000
-17842.6269531 -17317.8554688 -18408.9550781 -17935.7480469 -17813.5800781 -18327.8007812 -17618.7460938 -17612.6484375
-16821.1230469 -16457.6660156 -17667.8105469 -17093.9960938 -16861.3808594 -17437.2636719 -16787.1445312 -16699.8593750
-16652.0839844 -16192.9121094 -17556.3515625 -16922.6152344 -16486.2597656 -17383.3437500 -16317.5761719 -16351.6367188
-17025.8632812 -16803.1132812 -17746.3105469 -17154.9082031 -16587.7187500 -17643.1972656 -16501.2597656 -16806.8750000
-16416.8554688 -15834.0654297 -17176.0039062 -16598.6816406 -16384.0878906 -16976.9785156 -16246.9638672 -16208.3769531
-16640.3847656 -16399.0761719 -17446.8437500 -16901.0410156 -16066.7529297 -17325.6113281 -15948.2861328 -16414.2011719
-15802.2851562 -15556.7724609 -16784.5859375 -16083.4941406 -15173.8974609 -16635.1699219 -15111.0820312 -15616.3095703
-17079.6972656 -16922.0097656 -17824.0175781 -17222.9980469 -16710.8339844 -17590.9042969 -16602.1074219 -16881.1601562
-17004.3671875 -16591.2910156 -17907.5664062 -17193.1484375 -17085.0156250 -17574.9941406 -16900.5957031 -16869.7324219
-18366.0253906 -17884.3378906 -18932.2675781 -18525.2128906 -18232.7792969 -18882.0429688 -18174.1484375 -18127.1113281
-16543.5117188 -15868.7060547 -17181.9277344 -16614.3906250 -16226.2519531 -17026.7441406 -16064.7558594 -16294.7080078
-16606.3925781 -15961.3388672 -17460.2460938 -16884.0839844 -16514.6933594 -17301.1093750 -16439.9960938 -16431.2773438
-17434.1406250 -17643.5820312 -17141.2617188 -17132.5605469 -18151.0820312 -16780.0019531 -17795.4296875 -17566.9687500
-18591.3671875 -18879.0351562 -18363.5351562 -18236.1289062 -19193.3808594 -17984.8789062 -18992.7812500 -18796.0820312
-17353.5371094 -17657.2285156 -17123.3984375 -17165.7597656 -18081.5390625 -16796.4980469 -17683.9667969 -17562.6835938
-18492.2890625 -18277.6542969 -19033.2675781 -18545.2148438 -17640.5292969 -18930.3535156 -17927.0820312 -18290.8125000
-17363.6972656 -17161.2812500 -18013.2246094 -17528.0898438 -17013.9687500 -17908.1015625 -16868.8261719 -17119.7871094
-17551.7812500 -17349.6875000 -18270.8710938 -17823.2441406 -16605.0214844 -18212.1035156 -17094.3925781 -17439.2207031
-17555.2558594 -17353.5039062 -18128.4824219 -17704.4824219 -16584.3945312 -18099.0703125 -16962.2187500 -17427.4980469
-17392.6347656 -17095.6445312 -18054.0566406 -17614.4550781 -16381.7177734 -18019.5585938 -16779.7070312 -17212.7734375
-16538.6777344 -16331.9492188 -17473.6406250 -16798.9511719 -15642.9912109 -17306.7500000 -16023.0800781 -16430.5566406
-17777.6406250 -17614.3769531 -18435.1269531 -17981.6035156 -16788.9726562 -18295.8242188 -17160.2792969 -17532.0390625
-17699.1816406 -17503.7304688 -18375.3007812 -17915.3105469 -16696.5195312 -18274.3789062 -17050.1582031 -17505.6093750
-16964.6640625 -17025.7421875 -17518.1464844 -17193.1796875 -16402.2851562 -17483.2265625 -16728.5527344 -16977.5000000
-17669.8027344 -17404.8203125 -18362.1503906 -17846.2851562 -16706.6093750 -18288.5019531 -17044.9804688 -17437.0937500
-18258.9179688 -18017.3125000 -18764.7050781 -18362.9687500 -17426.6386719 -18689.5390625 -17681.0468750 -18037.4863281
-16548.3457031 -16316.4912109 -17309.6640625 -16804.2304688 -15347.1464844 -17323.7968750 -15812.2089844 -16274.3232422
-18433.2050781 -18359.9062500 -18972.2675781 -18653.7460938 -17806.7871094 -18979.1601562 -18045.5195312 -18400.3320312
-17471.3515625 -17318.9453125 -18306.1757812 -17798.4433594 -16820.5273438 -18111.5234375 -17067.4433594 -17474.4824219
-19283.8437500 -19012.5195312 -19707.5058594 -19341.5097656 -18978.2656250 -19637.1425781 -18876.4550781 -19086.1445312
-19056.7968750 -19058.5625000 -19705.1894531 -19311.7285156 -18879.6777344 -19628.7441406 -18763.1289062 -19000.1835938
-17358.8222656 -17236.1562500 -17931.1386719 -17536.6679688 -16896.3300781 -17970.8750000 -16820.1289062 -17191.9121094
-15627.4912109 -15475.1699219 -16647.5625000 -16156.1933594 -14662.3828125 -16630.8574219 -15090.7236328 -15411.2607422
-16242.3789062 -15957.5751953 -17041.9414062 -16431.8125000 -15015.2031250 -16965.1699219 -15522.4375000 -15928.6406250
-16997.9257812 -16716.7011719 -17728.4726562 -17116.2480469 -16308.6298828 -17514.0351562 -16228.7363281 -16733.2070312
-17121.6484375 -16969.0742188 -17862.4121094 -17295.5917969 -17275.7246094 -17623.6855469 -17040.5175781 -16805.6425781
-17284.4433594 -17485.6914062 -18082.4082031 -17676.4218750 -17550.8378906 -18074.9316406 -17423.8046875 -17102.6835938
-16756.4082031 -16850.1015625 -17510.1679688 -17020.9863281 -17055.9199219 -17518.6542969 -16851.5742188 -16537.5625000
-17321.7421875 -17311.4648438 -17964.3984375 -17497.0253906 -17604.9238281 -17927.3613281 -17286.7304688 -16991.9570312
-17666.5625000 -17695.4785156 -18367.2597656 -18013.6171875 -17799.7832031 -18233.4472656 -17713.7871094 -17404.9335938
-17605.3476562 -17775.6621094 -18504.6464844 -18017.6113281 -18042.3847656 -18370.8027344 -17810.7539062 -17592.1406250
-16670.5839844 -16212.3222656 -17498.7753906 -16926.8515625 -16713.4785156 -17441.8847656 -16449.4824219 -16524.1855469
-18940.6406250 -19321.8437500 -18806.6855469 -18831.0058594 -19640.6210938 -18423.7792969 -19233.7812500 -19126.2382812
-19346.8750000 -19556.0820312 -19158.7187500 -19095.5898438 -19855.4375000 -18733.4140625 -19545.9453125 -19514.9765625
-18716.2558594 -18971.5781250 -18416.6542969 -18404.2949219 -19235.2968750 -18072.2148438 -18961.9941406 -18793.3945312
-18805.3476562 -19008.8925781 -18533.5000000 -18486.1503906 -19309.4589844 -18140.1503906 -18971.3125000 -18980.2382812
-18028.6210938 -18356.9218750 -17749.2246094 -17812.5351562 -18738.1132812 -17442.4218750 -18449.8339844 -18290.0761719
-18306.0878906 -18593.5371094 -18027.9433594 -17942.4531250 -18937.6445312 -17650.6953125 -18607.5234375 -18395.5332031
-18585.4628906 -18938.5468750 -18257.5351562 -18324.7910156 -19212.9511719 -18046.9433594 -19016.0957031 -18739.8457031
-18409.6894531 -18855.9746094 -18097.0234375 -18178.1093750 -19103.4882812 -17858.0195312 -18722.5468750 -18692.2949219
-18616.5957031 -18948.9238281 -18194.7363281 -18385.2675781 -19270.1015625 -18120.4257812 -19048.4609375 -18790.4589844
