-14616.2578125 -15887.9980469 -16364.8417969 -15821.8681641 -16323.6757812 -16216.6123047 -15898.9892578 -15695.4443359
-16304.8789062 -16490.3007812 -17096.9375000 -16639.3398438 -16594.9023438 -17056.8203125 -16439.9707031 -16223.9453125
-15385.1484375 -15655.1191406 -16147.2089844 -15704.4296875 -15946.6220703 -16145.9550781 -15585.4492188 -15472.6992188
-18632.0976562 -18761.9414062 -19119.5957031 -18732.6972656 -18868.7324219 -18909.5292969 -18638.2011719 -18719.3125000
-16620.4375000 -16837.2675781 -17350.1386719 -16835.3300781 -17030.4785156 -17179.1875000 -16743.8632812 -16677.8554688
-16488.1386719 -16609.1054688 -17230.6250000 -16736.0058594 -16931.7187500 -17240.7851562 -16532.2363281 -16425.1796875
-16512.0019531 -16790.6367188 -17350.4824219 -16756.9726562 -17044.7636719 -17209.0058594 -16752.9921875 -16596.9238281
-16729.7832031 -16788.5039062 -17281.2207031 -16823.8632812 -16960.5351562 -17164.1796875 -16715.5859375 -16623.2910156
-15322.6103516 -16582.7656250 -17066.9746094 -16513.1933594 -16962.0898438 -16930.1347656 -16572.2128906 -16453.2324219
-16464.5410156 -16676.3710938 -17003.3906250 -16703.2636719 -16945.9589844 -16922.6035156 -16550.5019531 -16530.1894531
-17137.3359375 -16843.3457031 -17694.1914062 -17221.8710938 -17093.9707031 -17511.6875000 -16913.6601562 -16636.6621094
-17370.4160156 -17800.9414062 -18072.2617188 -17624.4160156 -17982.9746094 -18057.1171875 -17706.8457031 -17547.8652344
-17447.1289062 -17522.0214844 -18280.2773438 -17751.5136719 -17661.0996094 -18136.1386719 -17416.1992188 -17270.9023438
-17111.4570312 -17256.7382812 -17935.5429688 -17483.3886719 -17410.2343750 -17708.2187500 -17092.1992188 -16800.2812500
-16918.8730469 -17105.1171875 -17645.5039062 -17307.6386719 -17364.5136719 -17640.8378906 -17017.4980469 -16838.4882812
-17123.7578125 -17214.0410156 -17821.7968750 -17359.1367188 -17297.7988281 -17690.9257812 -17087.2558594 -16871.2792969
-16951.8847656 -17139.4199219 -17000.0449219 -16638.5898438 -17344.7714844 -17001.0039062 -17117.7246094 -17035.0546875
-16869.1640625 -17236.3496094 -16808.6445312 -16363.8242188 -17639.7695312 -16839.8789062 -17322.1914062 -17012.0058594
-16588.9589844 -16987.7871094 -16672.7460938 -16286.3994141 -17285.2167969 -16668.4277344 -16967.6230469 -16905.7031250
-16496.1640625 -16717.5937500 -16657.6445312 -16204.3378906 -17069.1289062 -16557.3710938 -16640.1015625 -16427.9218750
-16732.1757812 -16981.2539062 -16789.8300781 -16352.5439453 -17251.3066406 -16600.8378906 -16987.0292969 -16880.4316406
-17837.7890625 -18078.5820312 -17909.4687500 -17483.5644531 -18369.8906250 -17842.8710938 -18126.0488281 -17860.7324219
-17474.8691406 -17510.5097656 -17622.5039062 -16982.4472656 -17957.0019531 -17450.2773438 -17654.1582031 -17444.2910156
-17358.3242188 -17627.7773438 -17378.1796875 -17113.1562500 -17935.0898438 -17377.2910156 -17667.0253906 -17497.6386719
-16951.8671875 -17223.2753906 -16978.6464844 -16364.5625000 -17314.0937500 -16863.1171875 -17118.5820312 -16959.5625000
-18204.3828125 -18373.6308594 -18224.2929688 -17842.8750000 -18666.5371094 -18188.4570312 -18427.5097656 -18283.0800781
-17398.4960938 -17683.5742188 -17495.5351562 -16765.1250000 -18128.9335938 -17346.8808594 -17762.8535156 -17458.2617188
-19762.9785156 -19913.0996094 -19095.9511719 -19459.4277344 -20185.7695312 -19488.1347656 -19928.9980469 -19788.0742188
-18438.5195312 -18746.9746094 -17608.6738281 -18030.7011719 -18946.6757812 -18085.8007812 -18679.1367188 -18592.0000000
-18528.8789062 -18879.1367188 -17917.3203125 -18332.2382812 -19163.9648438 -18288.5761719 -18861.1308594 -18732.4140625
-18041.7050781 -18330.3007812 -17108.2578125 -17772.3867188 -18578.6074219 -17779.5937500 -18323.5195312 -18108.7226562
-17420.0351562 -17792.1777344 -16393.6113281 -16920.5839844 -18034.5039062 -17047.7050781 -17720.7929688 -17517.2421875
-17631.4062500 -18156.1035156 -16755.9531250 -17342.2441406 -18529.2128906 -17378.9453125 -18167.8808594 -17861.9570312
-18058.2851562 -18540.9277344 -17065.2558594 -17829.5019531 -18760.3046875 -17719.9941406 -18417.6796875 -18348.1406250
-18380.8046875 -18670.7714844 -17421.8398438 -18091.5429688 -18995.1640625 -18184.2656250 -18625.3027344 -18479.8046875
-17712.5605469 -18103.9824219 -16928.1269531 -17565.2890625 -18322.8984375 -17519.4765625 -18102.7890625 -17829.7949219
-18278.0117188 -18667.9296875 -17394.2871094 -17964.1777344 -18848.9101562 -17984.0117188 -18612.4492188 -18464.5253906
-17363.2753906 -17707.8437500 -16321.3789062 -16853.8554688 -18025.5292969 -16938.5996094 -17751.1093750 -17509.2285156
-18920.3632812 -19165.0742188 -18178.7304688 -18694.9375000 -19479.2246094 -18684.1113281 -19185.3769531 -19050.9531250
-18513.5332031 -18727.2597656 -17655.5429688 -18171.1914062 -18963.5371094 -18273.4296875 -18751.5703125 -18620.6406250
-18905.6445312 -19249.4511719 -18102.0156250 -18636.3496094 -19421.3847656 -18624.2871094 -19215.8691406 -19120.6152344
-18919.7343750 -19102.2207031 -18084.8085938 -18652.1738281 -19313.9199219 -18606.1308594 -19055.3789062 -19023.9257812
-17501.3281250 -17119.1992188 -18127.3203125 -17625.7167969 -17395.9414062 -17934.6777344 -17349.8457031 -17334.2656250
-17244.8339844 -16729.7929688 -17993.9257812 -17425.4921875 -17192.3730469 -17821.3320312 -17045.7207031 -16968.4335938
-16859.4414062 -16486.6718750 -17455.5507812 -16952.9902344 -15681.1250000 -17418.5058594 -16153.7744141 -16657.0742188
-15364.9912109 -15306.9228516 -16431.4785156 -15817.9443359 -15239.5429688 -16157.9560547 -15023.3261719 -15354.0195312
-18435.3359375 -18290.7636719 -19040.8046875 -18647.7753906 -18064.6054688 -19007.3808594 -18134.6992188 -18386.9277344
-17623.2402344 -17173.1816406 -18404.0468750 -17787.1914062 -17603.2968750 -18184.3808594 -17325.9296875 -17538.7656250
-16902.5292969 -16453.7949219 -17770.3085938 -17106.5410156 -16908.8105469 -17569.0761719 -16804.0097656 -16767.6582031
-16896.7480469 -16441.6230469 -17648.1582031 -17144.6718750 -16847.2070312 -17519.2773438 -16661.5507812 -16702.1914062
-17374.0429688 -16946.8847656 -18041.0664062 -17461.7675781 -16806.4648438 -18032.1250000 -16773.6308594 -17101.8378906
-16472.3222656 -15999.8476562 -17275.8652344 -16743.4550781 -16435.2382812 -17114.7167969 -16166.5644531 -16285.3017578
-16786.2578125 -16832.9667969 -17637.8359375 -17086.7714844 -16546.8242188 -17494.6152344 -16579.0097656 -16620.8535156
-16241.4472656 -16072.4384766 -17079.7539062 -16532.1562500 -16165.2343750 -16785.2812500 -15826.9287109 -16018.4306641
-16909.4980469 -16853.1718750 -17851.4296875 -17262.3164062 -16484.7324219 -17608.9062500 -16514.2871094 -16816.5605469
-16971.0625000 -16643.9824219 -17745.5097656 -17273.0429688 -16993.5078125 -17733.2519531 -16826.9453125 -16923.9726562
-18423.4628906 -18070.2031250 -19092.9492188 -18534.0214844 -18265.5507812 -19005.3671875 -18254.9218750 -18446.6074219
-16701.4628906 -16157.6630859 -17521.5898438 -16766.5527344 -16526.2949219 -17284.1054688 -16473.1132812 -16381.1689453
-16460.0761719 -15892.4843750 -17399.1914062 -16793.7812500 -16366.0742188 -17339.0898438 -16202.7822266 -16442.5214844
-17746.7148438 -18019.2402344 -17460.8300781 -17346.9218750 -18436.9238281 -16925.5488281 -17962.3750000 -17852.7089844
-18310.3906250 -18622.2539062 -18225.8457031 -18028.2363281 -18784.3964844 -17745.0859375 -18639.1992188 -18416.0917969
-17221.9316406 -17487.0683594 -16917.3730469 -16945.2851562 -17871.3261719 -16622.5097656 -17469.1562500 -17429.6582031
-18504.5000000 -18372.0253906 -19138.4902344 -18735.6328125 -17855.0800781 -19044.3105469 -18067.0937500 -18378.3261719
-17499.9042969 -17323.7089844 -18280.1035156 -17831.3964844 -17253.2929688 -18338.6777344 -17249.9394531 -17406.2382812
-17364.5449219 -17197.5195312 -18073.7460938 -17652.2402344 -16634.9316406 -17942.0664062 -16918.1875000 -17307.0625000
-17391.1699219 -17107.8828125 -18202.7617188 -17609.8144531 -16532.7695312 -18115.7597656 -16827.7871094 -17259.1777344
-17309.9628906 -17120.9785156 -18086.6035156 -17450.8554688 -16452.0820312 -18041.0839844 -16730.4628906 -17059.1894531
-16686.3750000 -16422.2402344 -17531.2441406 -16914.8535156 -15692.0449219 -17391.7675781 -16010.5664062 -16388.5078125
-17481.2324219 -17296.8515625 -18230.0234375 -17706.7695312 -16684.1972656 -18162.0878906 -16942.2519531 -17280.9941406
-17413.6679688 -17271.3339844 -18184.3574219 -17582.5937500 -16407.4707031 -18151.0214844 -16921.7656250 -17242.1855469
-17327.9667969 -17235.5039062 -18020.8984375 -17478.3574219 -16744.5253906 -17794.8125000 -16934.5136719 -17251.3886719
-17575.4160156 -17299.8261719 -18244.1210938 -17770.7812500 -16707.2031250 -18178.6777344 -17030.4902344 -17382.8789062
-17889.6679688 -17777.8359375 -18445.4667969 -18155.4960938 -17204.6328125 -18483.3867188 -17524.8320312 -17748.9550781
-16295.0019531 -16024.2138672 -17127.1484375 -16418.8476562 -15084.7011719 -17081.7851562 -15602.5546875 -16045.4140625
-18509.1953125 -18306.4355469 -18990.0761719 -18606.9433594 -17727.5820312 -18979.5273438 -18149.6171875 -18343.9375000
-17126.3691406 -16999.7792969 -17658.2597656 -17270.3652344 -16427.7656250 -17767.4335938 -16723.7890625 -17045.9433594
-19141.7460938 -19026.9453125 -19814.3222656 -19315.9648438 -18898.9218750 -19635.3789062 -18881.3535156 -19035.5136719
-18905.7734375 -18868.8320312 -19442.5800781 -19093.5507812 -18675.2597656 -19418.5468750 -18631.9257812 -18754.9667969
-17284.2656250 -17168.8632812 -17949.4082031 -17515.5859375 -16855.4355469 -17934.6718750 -16994.6210938 -17179.6386719
-15586.3066406 -15163.2490234 -16389.3359375 -15805.0351562 -14407.2890625 -16308.5781250 -14955.1621094 -15249.3828125
-16181.3857422 -15933.3076172 -16948.9960938 -16354.9902344 -14955.7402344 -16841.7500000 -15506.3642578 -16005.6533203
-17030.0312500 -16965.3476562 -17789.4824219 -17285.1699219 -16760.2890625 -17702.1464844 -16513.0175781 -16998.3378906
-17637.6992188 -17292.6738281 -18308.9921875 -17685.5664062 -17618.9238281 -18056.6757812 -17469.5839844 -17355.9277344
-17164.7871094 -17235.4179688 -17833.6171875 -17468.1367188 -17401.6054688 -17805.9589844 -17235.7246094 -17018.8593750
-16779.8593750 -16864.1972656 -17452.6972656 -16925.0000000 -16958.7636719 -17475.3828125 -16746.2910156 -16580.3300781
-17332.5878906 -17367.9667969 -18040.8613281 -17542.8769531 -17469.5859375 -17987.3671875 -17276.9355469 -17150.4414062
-17996.5039062 -17918.8691406 -18565.2832031 -18050.2792969 -18072.0507812 -18428.3144531 -17876.4921875 -17784.1230469
-17887.3222656 -17903.1113281 -18671.5390625 -18021.8261719 -18043.7617188 -18499.4375000 -17925.2402344 -17676.7851562
-16559.4414062 -16239.9394531 -17406.3808594 -16940.9492188 -16651.4160156 -17429.7324219 -16475.3867188 -16501.7539062
-18709.2949219 -18973.9257812 -18391.3750000 -18336.3906250 -19211.4570312 -18202.1679688 -18940.0312500 -18687.6230469
-19419.9472656 -19658.9589844 -19169.3515625 -19145.7421875 -19965.6074219 -18932.0390625 -19710.2167969 -19533.3632812
-18529.5996094 -18835.4609375 -18387.7656250 -18272.1835938 -19316.4335938 -17880.4726562 -18816.4375000 -18732.3632812
-18753.1035156 -18880.7812500 -18548.5292969 -18456.7050781 -19222.3378906 -18194.7460938 -18980.3300781 -18821.6757812
-18261.7304688 -18639.6015625 -18041.2539062 -18002.3046875 -19109.2519531 -17761.7226562 -18704.5390625 -18501.2812500
-17903.7304688 -18237.7265625 -17793.7421875 -17643.7539062 -18687.4492188 -17256.6210938 -18192.6738281 -18085.3613281
-18695.6523438 -19162.6914062 -18587.4589844 -18481.9628906 -19382.9863281 -18252.9218750 -19010.9628906 -18762.9550781
-18730.0820312 -18967.3632812 -18358.1699219 -18256.8261719 -19152.6757812 -17999.1777344 -18874.2910156 -18794.5683594
-18548.0937500 -18996.7304688 -18415.7773438 -18405.7578125 -19133.2851562 -18089.2148438 -18804.9902344 -18789.6972656
