-14945.4150391 -16361.1542969 -16741.9980469 -16055.0947266 -16661.0878906 -16479.7558594 -16287.9394531 -16057.2119141
-16662.0937500 -16657.9707031 -17400.7441406 -16907.4101562 -16907.1542969 -17197.9746094 -16748.8242188 -16494.4589844
-16010.4287109 -16224.0078125 -16629.1367188 -16081.2490234 -16631.4609375 -16485.1132812 -16499.1328125 -16087.9902344
-18760.7343750 -18851.5703125 -19172.8183594 -18799.0136719 -19104.1250000 -19027.5488281 -18906.1855469 -18774.8945312
-16785.0156250 -16877.5683594 -17319.5527344 -16798.8125000 -17200.7324219 -17283.0644531 -16948.4902344 -16638.4414062
-16506.3125000 -16725.4531250 -17320.6542969 -16640.9257812 -16932.1015625 -17145.6386719 -16782.4589844 -16521.9648438
-16765.4707031 -17134.8027344 -17515.1796875 -16975.3222656 -17327.0781250 -17317.3671875 -17009.6132812 -16789.1464844
-17127.2441406 -17340.1855469 -17677.2363281 -17218.7714844 -17511.7500000 -17508.3554688 -17338.8652344 -17205.6308594
-15627.5078125 -16885.2636719 -17417.7851562 -16707.2070312 -17264.0703125 -17156.6582031 -16831.3984375 -16715.7363281
-16519.8847656 -16549.0156250 -17140.8496094 -16522.6933594 -16729.1093750 -16965.8769531 -16524.1777344 -16240.0703125
-17422.8027344 -17348.8359375 -18061.4414062 -17496.1621094 -17567.9550781 -17965.4433594 -17258.4023438 -17150.4296875
-17591.9746094 -17820.3476562 -18144.5957031 -17846.2695312 -18135.0058594 -18082.4746094 -17904.4863281 -17701.1660156
-17462.9589844 -17501.6777344 -18142.1347656 -17649.5351562 -17640.6250000 -18043.0605469 -17416.9023438 -17218.9960938
-17117.5664062 -17153.2148438 -17850.1621094 -17255.5781250 -17234.5000000 -17752.9628906 -17150.5585938 -16870.7617188
-17017.1796875 -17035.9941406 -17692.7128906 -17260.0546875 -17238.2734375 -17660.8613281 -17115.5039062 -16821.3105469
-17113.4863281 -17108.5058594 -17687.1152344 -17231.4257812 -17344.1054688 -17698.2109375 -17116.5058594 -16982.2656250
-17139.9628906 -17419.3554688 -17289.2734375 -16816.5195312 -17805.9277344 -17314.7187500 -17530.3710938 -17288.6972656
-17153.1855469 -17599.1367188 -17327.7421875 -16746.9667969 -17879.9531250 -17223.2460938 -17476.3671875 -17367.7656250
-16799.8886719 -17073.7441406 -17018.9687500 -16578.0722656 -17369.4882812 -17035.4550781 -17115.3339844 -16943.2226562
-16569.0136719 -16898.4550781 -16820.8320312 -16429.1425781 -17323.3105469 -16652.3066406 -17033.4667969 -16758.5468750
-16877.2812500 -17110.7539062 -16990.1972656 -16589.2519531 -17585.9863281 -17025.5878906 -17251.0078125 -16899.8671875
-17939.1992188 -18357.5429688 -18006.2343750 -17762.1562500 -18500.6992188 -17976.1757812 -18343.2304688 -18151.7343750
-17377.0800781 -17723.2148438 -17609.1992188 -17108.5312500 -17968.9902344 -17620.1757812 -17610.6015625 -17432.1738281
-17499.3320312 -17775.7304688 -17892.6328125 -17376.3476562 -18091.7363281 -17720.2167969 -17877.7382812 -17614.4218750
-17199.4707031 -17555.3398438 -17261.4433594 -16811.8945312 -17870.0722656 -17267.7519531 -17675.0820312 -17308.7011719
-18400.6621094 -18728.0976562 -18531.8652344 -18219.6621094 -19035.4414062 -18517.7480469 -18703.6933594 -18510.2792969
-17709.3046875 -17890.3339844 -17635.9667969 -17166.6894531 -18109.1054688 -17762.5292969 -17836.4960938 -17745.9179688
-19751.2324219 -20072.1464844 -19087.0722656 -19599.0820312 -20296.8144531 -19605.2539062 -20115.2519531 -19845.5195312
-18648.1328125 -19022.9433594 -17891.3378906 -18325.5820312 -19316.3320312 -18264.5527344 -18935.1875000 -18739.2539062
-18710.8886719 -19013.1152344 -17804.1113281 -18321.8222656 -19345.0312500 -18462.0351562 -19052.0820312 -18919.3281250
-18401.0917969 -18741.9843750 -17438.6425781 -18111.3750000 -18993.0214844 -18090.4082031 -18706.6035156 -18593.0449219
-17637.4199219 -17897.5859375 -16422.1523438 -17131.3964844 -18284.0937500 -17225.7539062 -17924.1191406 -17811.9707031
-17751.1855469 -18149.5878906 -16841.7871094 -17388.9902344 -18450.4921875 -17332.1289062 -18078.8964844 -17871.1562500
-17941.0878906 -18347.2500000 -17227.4335938 -17650.4335938 -18619.9082031 -17686.9296875 -18213.8496094 -18130.5683594
-18467.3203125 -18832.0742188 -17571.4960938 -18289.7128906 -19125.9921875 -18328.6523438 -18865.2011719 -18663.7070312
-18115.6054688 -18414.5722656 -17099.8671875 -17783.5878906 -18701.8085938 -17728.6953125 -18423.5078125 -18217.9199219
-18890.0937500 -19158.7402344 -17952.9218750 -18547.2148438 -19559.8007812 -18544.2890625 -19190.9804688 -18983.4238281
-17472.2441406 -17771.3750000 -16562.0429688 -17104.0195312 -18248.6132812 -17093.1132812 -17755.2988281 -17611.2011719
-19273.2031250 -19445.5058594 -18636.5859375 -19068.8339844 -19751.1367188 -19088.6289062 -19606.1464844 -19300.1054688
-18717.4355469 -18950.4316406 -17874.8242188 -18365.6621094 -19248.9218750 -18398.6093750 -18927.2480469 -18728.5429688
-19078.6992188 -19338.0292969 -18304.3164062 -18878.8164062 -19667.5800781 -18811.0214844 -19353.7617188 -19215.5214844
-19119.8476562 -19451.9628906 -18319.5800781 -18924.3222656 -19735.1796875 -18906.3027344 -19407.0917969 -19255.2089844
-17536.9609375 -17142.9492188 -18049.5195312 -17564.1152344 -17455.9570312 -18027.2089844 -17386.0175781 -17335.0625000
-17204.5703125 -16730.1523438 -17956.3613281 -17372.5312500 -16959.2734375 -17847.1132812 -16853.0742188 -17075.3437500
-16794.8828125 -16504.3515625 -17440.6289062 -16979.0253906 -15627.4707031 -17415.6289062 -16064.5058594 -16536.9589844
-15553.2226562 -15417.0546875 -16517.8222656 -15828.2177734 -14993.6357422 -16351.6425781 -15106.3779297 -15416.7822266
-18891.5429688 -18685.2363281 -19461.2050781 -18928.1738281 -18555.4355469 -19321.8105469 -18467.4042969 -18725.0429688
-17614.3398438 -17105.4042969 -18267.1035156 -17811.8261719 -17548.3496094 -18195.6328125 -17434.4531250 -17430.5019531
-17249.3144531 -16759.3964844 -18077.0605469 -17397.8066406 -17277.9355469 -17907.8339844 -17149.4394531 -16995.2597656
-16902.6093750 -16417.9531250 -17548.7519531 -17130.7597656 -16867.4589844 -17397.6015625 -16649.0664062 -16691.6738281
-17126.2558594 -16971.2285156 -17858.9531250 -17229.5507812 -16711.6523438 -17888.3984375 -16651.1503906 -17018.6914062
-16532.2988281 -16004.2285156 -17230.1718750 -16756.5117188 -16363.3261719 -17146.5097656 -16251.1054688 -16271.4042969
-16888.7070312 -16719.0039062 -17601.4335938 -17105.8066406 -16400.9394531 -17501.5507812 -16531.2539062 -16677.6230469
-16080.8300781 -15792.5527344 -17004.1562500 -16417.4394531 -15557.4462891 -16879.3906250 -15377.4853516 -15787.8271484
-17178.3515625 -16994.1582031 -17851.7851562 -17422.1015625 -16763.7636719 -17783.9648438 -16709.8574219 -16987.7656250
-17235.5078125 -16850.0253906 -18061.2851562 -17448.4687500 -17097.6816406 -17943.8808594 -17055.1347656 -17031.4218750
-18668.8203125 -18262.6035156 -19147.4375000 -18698.3535156 -18517.7460938 -19028.2070312 -18342.9589844 -18504.0781250
-16799.8671875 -16282.4599609 -17626.1035156 -17045.1523438 -16621.6367188 -17601.6503906 -16496.2441406 -16553.4726562
-17035.6484375 -16611.1621094 -17965.7128906 -17304.1914062 -16955.0644531 -17795.3750000 -16947.9140625 -16831.4511719
-17934.7324219 -18234.6503906 -17722.2675781 -17641.8203125 -18824.7792969 -17376.7167969 -18338.8574219 -18198.4707031
-18675.9375000 -19093.5722656 -18505.8125000 -18490.9375000 -19341.2675781 -18131.2910156 -19072.5683594 -18919.0468750
-17307.3398438 -17778.3554688 -17348.1914062 -17208.1757812 -18221.0468750 -16966.1425781 -17769.9121094 -17534.6406250
-18730.5878906 -18567.9804688 -19398.1308594 -18914.1679688 -17971.7382812 -19331.0058594 -18234.5664062 -18692.3828125
-17912.6171875 -17579.8847656 -18412.3027344 -18111.2128906 -17379.9687500 -18410.6191406 -17343.4179688 -17711.5546875
-17513.2304688 -17280.5078125 -18200.2031250 -17642.9765625 -16594.4648438 -18163.7382812 -16952.0566406 -17362.9980469
-17626.2636719 -17312.5546875 -18327.2441406 -17835.9492188 -16661.7734375 -18252.0800781 -17012.7636719 -17419.4433594
-17407.5156250 -17045.5507812 -18081.3906250 -17622.7910156 -16445.1113281 -18021.9316406 -16731.6425781 -17194.0742188
-16908.0996094 -16611.0566406 -17725.1875000 -17053.8125000 -15572.9814453 -17612.4296875 -16143.9082031 -16644.5136719
-17682.8339844 -17430.0800781 -18425.7871094 -17860.7480469 -16770.2265625 -18294.6132812 -17099.4628906 -17536.7910156
-17527.7597656 -17233.6738281 -18214.8769531 -17650.4414062 -16555.9453125 -18135.1328125 -16950.5820312 -17283.2207031
-17511.7187500 -17258.4531250 -17994.0234375 -17556.7968750 -16831.1542969 -18033.7285156 -17066.1855469 -17369.5585938
-17817.0566406 -17654.8808594 -18547.7714844 -17980.4550781 -16983.6113281 -18510.3476562 -17328.6796875 -17479.8125000
-17897.2539062 -17715.9492188 -18561.5488281 -18106.7011719 -17005.9199219 -18486.8964844 -17429.2695312 -17633.0761719
-16353.8291016 -16085.4277344 -17124.6035156 -16554.4140625 -15553.9843750 -17161.9550781 -15858.1640625 -16093.5654297
-18737.0566406 -18463.4140625 -19303.3691406 -18893.0410156 -17987.9121094 -19352.0253906 -18227.3964844 -18542.0097656
-17392.3613281 -17259.7695312 -18040.7578125 -17558.1542969 -16763.4804688 -18078.3886719 -16935.8242188 -17265.1953125
-19286.8300781 -19081.8066406 -19760.4511719 -19522.0097656 -18878.5175781 -19789.1308594 -18856.8886719 -19091.0781250
-19088.2675781 -18957.9746094 -19585.1875000 -19223.5566406 -18786.5234375 -19668.9628906 -18739.5585938 -18906.4160156
-17639.4707031 -17365.6328125 -18258.3574219 -17800.9824219 -17272.5449219 -18230.6132812 -17118.2109375 -17347.7363281
-15932.0136719 -15686.7705078 -16995.3125000 -16386.9355469 -14822.1904297 -16963.4218750 -15159.5712891 -15769.9375000
-16260.8779297 -15882.4697266 -17176.0878906 -16395.6074219 -15118.0078125 -16982.1914062 -15458.0664062 -15955.5761719
-17345.3671875 -17151.5488281 -18091.5332031 -17642.7675781 -16906.0722656 -17924.3945312 -16893.4296875 -17110.0156250
-17488.7558594 -17488.6953125 -18208.9609375 -17712.8359375 -17608.5820312 -18188.8398438 -17450.4140625 -17342.8574219
-17319.5000000 -17253.5996094 -17938.9980469 -17445.4707031 -17345.4042969 -17852.0644531 -17259.2675781 -16994.0449219
-17206.4414062 -17183.5664062 -17626.4472656 -17258.7792969 -17554.8222656 -17700.7714844 -17294.4453125 -17012.5742188
-17750.9726562 -17791.7070312 -18482.9140625 -17930.0859375 -17987.8593750 -18493.9453125 -17825.2128906 -17516.7656250
-17809.9863281 -17799.3203125 -18551.3144531 -17952.0390625 -17980.7187500 -18497.0371094 -17833.0312500 -17600.3085938
-17883.2070312 -17871.4960938 -18563.5253906 -18110.7539062 -17927.4453125 -18573.5683594 -17782.9355469 -17685.8164062
-16818.7265625 -16329.3115234 -17596.2226562 -17025.9785156 -16829.3750000 -17629.4277344 -16570.7089844 -16680.9121094
-19042.0410156 -19426.9296875 -18997.9765625 -18839.2773438 -19696.2988281 -18533.8671875 -19450.4472656 -19238.5820312
-19461.6328125 -19825.1074219 -19300.1718750 -19279.7617188 -20060.9277344 -18985.1035156 -19820.0019531 -19623.4179688
-18985.0703125 -19352.1386719 -18732.6562500 -18713.1933594 -19774.9882812 -18315.1308594 -19405.3085938 -19116.4453125
-19023.4433594 -19363.3437500 -18901.1132812 -18849.7148438 -19687.5273438 -18724.8144531 -19420.4472656 -19145.9570312
-18080.0468750 -18576.6250000 -17976.4316406 -17960.8281250 -18803.8125000 -17637.7324219 -18554.6601562 -18285.0996094
-18179.7011719 -18518.9804688 -18029.9628906 -17966.0722656 -18918.7109375 -17547.8476562 -18604.9843750 -18354.6875000
-18823.1933594 -19054.3906250 -18610.7910156 -18647.4687500 -19443.4296875 -18243.5976562 -19077.0703125 -18945.1855469
-18786.1250000 -19062.5449219 -18486.4726562 -18639.5917969 -19350.8242188 -18319.6738281 -19178.0273438 -18832.8886719
-18910.7226562 -19299.9746094 -18662.4726562 -18701.7402344 -19632.2910156 -18474.6250000 -19340.9902344 -19121.1171875
